-1.454892635345458984e+01 -2.979809641838073730e-01 -1.165369701385498047e+01 -0.000000000000000000e+00 -0.000000000000000000e+00 7.330820560455322266e-01 6.801401972770690918e-01
-1.447297954559326172e+01 -2.621899247169494629e-01 -1.166560840606689453e+01 3.655638545751571655e-03 -3.324139397591352463e-03 7.362911105155944824e-01 6.766467690467834473e-01
-1.438748264312744141e+01 -2.247888147830963135e-01 -1.167808341979980469e+01 7.438924629241228104e-03 -6.691607180982828140e-03 7.395975589752197266e-01 6.729749441146850586e-01
-1.429120540618896484e+01 -1.888989210128784180e-01 -1.169007396697998047e+01 1.132670789957046509e-02 -1.009420212358236313e-02 7.429742813110351562e-01 6.691480278968811035e-01
-1.418321037292480469e+01 -1.583532691001892090e-01 -1.170029926300048828e+01 1.529638096690177917e-02 -1.352421380579471588e-02 7.463955283164978027e-01 6.651892662048339844e-01
-1.406304073333740234e+01 -1.391650289297103882e-01 -1.170673465728759766e+01 1.932530105113983154e-02 -1.697390899062156677e-02 7.498359680175781250e-01 6.611235737800598145e-01
-1.393207263946533203e+01 -1.344836354255676270e-01 -1.170832252502441406e+01 2.339058183133602142e-02 -2.043535187840461731e-02 7.532713413238525391e-01 6.569759845733642578e-01
-1.379221725463867188e+01 -1.452001929283142090e-01 -1.170475578308105469e+01 2.746973000466823578e-02 -2.390089072287082672e-02 7.566781044006347656e-01 6.527727842330932617e-01
-1.364692306518554688e+01 -1.685974150896072388e-01 -1.169629287719726562e+01 3.153960406780242920e-02 -2.736230380833148956e-02 7.600337862968444824e-01 6.485407948493957520e-01
-1.350537204742431641e+01 -1.971838325262069702e-01 -1.168475914001464844e+01 3.557780012488365173e-02 -3.081203252077102661e-02 7.633168101310729980e-01 6.443076729774475098e-01
-1.336686134338378906e+01 -2.270385622978210449e-01 -1.167120075225830078e+01 3.956137597560882568e-02 -3.424257040023803711e-02 7.665061354637145996e-01 6.401020884513854980e-01
-1.323082256317138672e+01 -2.560217082500457764e-01 -1.165610599517822266e+01 4.346793517470359802e-02 -3.764555603265762329e-02 7.695825099945068359e-01 6.359528899192810059e-01
-1.309690666198730469e+01 -2.825854420661926270e-01 -1.163982009887695312e+01 4.727520793676376343e-02 -4.101387783885002136e-02 7.725266814231872559e-01 6.318903565406799316e-01
-1.296490478515625000e+01 -3.055810332298278809e-01 -1.162260246276855469e+01 5.096034705638885498e-02 -4.433957859873771667e-02 7.753206491470336914e-01 6.279449462890625000e-01
-1.283469963073730469e+01 -3.239489793777465820e-01 -1.160462760925292969e+01 5.450114235281944275e-02 -4.761515185236930847e-02 7.779473662376403809e-01 6.241475939750671387e-01
-1.270625209808349609e+01 -3.358862102031707764e-01 -1.158596611022949219e+01 5.787532404065132141e-02 -5.083322525024414062e-02 7.803901433944702148e-01 6.205303072929382324e-01
-1.258001518249511719e+01 -3.432275354862213135e-01 -1.156645965576171875e+01 6.106072291731834412e-02 -5.398654192686080933e-02 7.826328873634338379e-01 6.171245574951171875e-01
-1.245146846771240234e+01 -3.468652367591857910e-01 -1.154512023925781250e+01 6.403526663780212402e-02 -5.706717818975448608e-02 7.846605181694030762e-01 6.139630675315856934e-01
-1.232080173492431641e+01 -3.470056056976318359e-01 -1.152153491973876953e+01 6.677662581205368042e-02 -6.006814539432525635e-02 7.864577174186706543e-01 6.110785007476806641e-01
-1.218823337554931641e+01 -3.438659608364105225e-01 -1.149519729614257812e+01 6.926289945840835571e-02 -6.298196315765380859e-02 7.880098819732666016e-01 6.085032820701599121e-01
-1.205400753021240234e+01 -3.377014100551605225e-01 -1.146548080444335938e+01 7.147241383790969849e-02 -6.580180674791336060e-02 7.893023490905761719e-01 6.062703132629394531e-01
-1.191843223571777344e+01 -3.288000524044036865e-01 -1.143159294128417969e+01 7.338711619377136230e-02 -6.851709634065628052e-02 7.903264164924621582e-01 6.044037342071533203e-01
-1.178191947937011719e+01 -3.175073266029357910e-01 -1.139253139495849609e+01 7.500395923852920532e-02 -7.110644876956939697e-02 7.910993695259094238e-01 6.028931140899658203e-01
-1.164505958557128906e+01 -3.042663633823394775e-01 -1.134701251983642578e+01 7.632430642843246460e-02 -7.354477792978286743e-02 7.916438579559326172e-01 6.017189621925354004e-01
-1.150870132446289062e+01 -2.893005311489105225e-01 -1.129354572296142578e+01 7.734953612089157104e-02 -7.580723613500595093e-02 7.919822931289672852e-01 6.008613705635070801e-01
-1.137392902374267578e+01 -2.691076695919036865e-01 -1.123185443878173828e+01 7.808044552803039551e-02 -7.786873728036880493e-02 7.921362519264221191e-01 6.002999544143676758e-01
-1.125170040130615234e+01 -2.415576130151748657e-01 -1.116695690155029297e+01 7.851802557706832886e-02 -7.970501482486724854e-02 7.921267747879028320e-01 6.000145077705383301e-01
-1.114362144470214844e+01 -2.035546898841857910e-01 -1.110025215148925781e+01 7.866358011960983276e-02 -8.129052817821502686e-02 7.919747233390808105e-01 5.999833345413208008e-01
-1.105220603942871094e+01 -1.525781154632568359e-01 -1.103379726409912109e+01 7.851775735616683960e-02 -8.260055631399154663e-02 7.917004823684692383e-01 6.001853942871093750e-01
-1.098046112060546875e+01 -8.791992068290710449e-02 -1.097064876556396484e+01 7.808135449886322021e-02 -8.360999077558517456e-02 7.913237214088439941e-01 6.005992293357849121e-01
-1.093022727966308594e+01 -1.222778297960758209e-02 -1.091441917419433594e+01 7.735581696033477783e-02 -8.429411053657531738e-02 7.908639907836914062e-01 6.012026667594909668e-01
-1.089978504180908203e+01 6.864135712385177612e-02 -1.086753177642822266e+01 7.634130120277404785e-02 -8.462715893983840942e-02 7.903406023979187012e-01 6.019733548164367676e-01
-1.088251113891601562e+01 1.480456441640853882e-01 -1.082867622375488281e+01 7.503915578126907349e-02 -8.458445966243743896e-02 7.897718548774719238e-01 6.028888821601867676e-01
-1.087347221374511719e+01 2.226061969995498657e-01 -1.079615116119384766e+01 7.345003634691238403e-02 -8.414074778556823730e-02 7.891760468482971191e-01 6.039259433746337891e-01
-1.087139892578125000e+01 2.908654808998107910e-01 -1.076946258544921875e+01 7.157412916421890259e-02 -8.327083289623260498e-02 7.885707616806030273e-01 6.050612926483154297e-01
-1.087043285369873047e+01 3.514685034751892090e-01 -1.074622821807861328e+01 6.941271573305130005e-02 -8.194930851459503174e-02 7.879729866981506348e-01 6.062712073326110840e-01
-1.087243461608886719e+01 4.045141637325286865e-01 -1.072707271575927734e+01 6.696588546037673950e-02 -8.015075325965881348e-02 7.873989939689636230e-01 6.075311899185180664e-01
-1.087481021881103516e+01 4.497155547142028809e-01 -1.071106624603271484e+01 6.423448026180267334e-02 -7.785022258758544922e-02 7.868645787239074707e-01 6.088163256645202637e-01
-1.087676143646240234e+01 4.869909584522247314e-01 -1.069792366027832031e+01 6.121876090764999390e-02 -7.502137124538421631e-02 7.863845825195312500e-01 6.101011037826538086e-01
-1.087875843048095703e+01 5.163488388061523438e-01 -1.068775749206542969e+01 5.791947245597839355e-02 -7.163946330547332764e-02 7.859727144241333008e-01 6.113591194152832031e-01
-1.088080406188964844e+01 5.377966165542602539e-01 -1.068057060241699219e+01 5.433662980794906616e-02 -6.767868250608444214e-02 7.856420874595642090e-01 6.125631928443908691e-01
-1.088208103179931641e+01 5.513317584991455078e-01 -1.067617988586425781e+01 5.047410726547241211e-02 -6.312891840934753418e-02 7.853959798812866211e-01 6.136940121650695801e-01
-1.088258743286132812e+01 5.569458007812500000e-01 -1.067457389831542969e+01 4.634748026728630066e-02 -5.804065242409706116e-02 7.852054238319396973e-01 6.147647500038146973e-01
-1.088255882263183594e+01 5.570300221443176270e-01 -1.067492008209228516e+01 4.197620600461959839e-02 -5.248074233531951904e-02 7.850330471992492676e-01 6.157978773117065430e-01
-1.088301086425781250e+01 5.620703101158142090e-01 -1.067360973358154297e+01 3.738011419773101807e-02 -4.651537910103797913e-02 7.848423719406127930e-01 6.168155670166015625e-01
-1.088394546508789062e+01 5.720544457435607910e-01 -1.067062950134277344e+01 3.257820382714271545e-02 -4.021147638559341431e-02 7.845976352691650391e-01 6.178416013717651367e-01
-1.088535976409912109e+01 5.869689583778381348e-01 -1.066596984863281250e+01 2.759039588272571564e-02 -3.363567218184471130e-02 7.842644453048706055e-01 6.188996434211730957e-01
-1.088724994659423828e+01 6.068041920661926270e-01 -1.065962123870849609e+01 2.243621088564395905e-02 -2.685523778200149536e-02 7.838094234466552734e-01 6.200146079063415527e-01
-1.088961505889892578e+01 6.315490603446960449e-01 -1.065157318115234375e+01 1.713611371815204620e-02 -1.993722096085548401e-02 7.832006812095642090e-01 6.212129592895507812e-01
-1.089257049560546875e+01 6.611755490303039551e-01 -1.064180183410644531e+01 1.170969940721988678e-02 -1.294887252151966095e-02 7.824076414108276367e-01 6.225218176841735840e-01
-1.089673233032226562e+01 6.955822706222534180e-01 -1.063023185729980469e+01 6.177198141813278198e-03 -5.957338958978652954e-03 7.814018726348876953e-01 6.239691376686096191e-01
-1.090148258209228516e+01 7.348522543907165527e-01 -1.061691474914550781e+01 5.589963984675705433e-04 9.694205364212393761e-04 7.801557183265686035e-01 6.255843639373779297e-01
-1.090682315826416016e+01 7.789745926856994629e-01 -1.060183906555175781e+01 -5.124875809997320175e-03 7.764641195535659790e-03 7.786431312561035156e-01 6.273980736732482910e-01
-1.091287040710449219e+01 8.278601169586181641e-01 -1.058480930328369141e+01 -1.085400488227605820e-02 1.436078734695911407e-02 7.768396139144897461e-01 6.294411420822143555e-01
-1.091987037658691406e+01 8.813341856002807617e-01 -1.056542491912841797e+01 -1.660828478634357452e-02 2.069080621004104614e-02 7.747212648391723633e-01 6.317459940910339355e-01
-1.092750072479248047e+01 9.396069049835205078e-01 -1.054417991638183594e+01 -2.236737869679927826e-02 2.668754570186138153e-02 7.722654938697814941e-01 6.343448162078857422e-01
-1.093563938140869141e+01 1.002452373504638672e+00 -1.052043914794921875e+01 -2.811133302748203278e-02 3.228430449962615967e-02 7.694501876831054688e-01 6.372706890106201172e-01
-1.094419765472412109e+01 1.069708228111267090e+00 -1.049374485015869141e+01 -3.381994366645812988e-02 3.741429373621940613e-02 7.662530541419982910e-01 6.405564546585083008e-01
-1.095336723327636719e+01 1.141700387001037598e+00 -1.046503162384033203e+01 -3.947335481643676758e-02 4.201113060116767883e-02 7.626520395278930664e-01 6.442350745201110840e-01
-1.096176242828369141e+01 1.217482924461364746e+00 -1.043160724639892578e+01 -4.505171999335289001e-02 4.600857943296432495e-02 7.586243152618408203e-01 6.483383774757385254e-01
-1.097066497802734375e+01 1.297911405563354492e+00 -1.039592647552490234e+01 -5.053536221385002136e-02 4.934070259332656860e-02 7.541457414627075195e-01 6.528981328010559082e-01
-1.097889041900634766e+01 1.382293701171875000e+00 -1.035616302490234375e+01 -5.590654164552688599e-02 5.196059122681617737e-02 7.492027282714843750e-01 6.579282879829406738e-01
-1.098741531372070312e+01 1.471203565597534180e+00 -1.031381225585937500e+01 -6.115539371967315674e-02 5.389782786369323730e-02 7.438269257545471191e-01 6.633827686309814453e-01
-1.099511432647705078e+01 1.564229726791381836e+00 -1.026776599884033203e+01 -6.627409160137176514e-02 5.520032718777656555e-02 7.380613684654235840e-01 6.691980957984924316e-01
-1.100290393829345703e+01 1.661834716796875000e+00 -1.021917819976806641e+01 -7.125419378280639648e-02 5.591701716184616089e-02 7.319490909576416016e-01 6.753122210502624512e-01
-1.101014995574951172e+01 1.763957500457763672e+00 -1.016779422760009766e+01 -7.608792185783386230e-02 5.609636381268501282e-02 7.255342006683349609e-01 6.816625595092773438e-01
-1.101701641082763672e+01 1.870923995971679688e+00 -1.011431121826171875e+01 -8.076722919940948486e-02 5.578718706965446472e-02 7.188615202903747559e-01 6.881878376007080078e-01
-1.102363395690917969e+01 1.982818603515625000e+00 -1.005891227722167969e+01 -8.528448641300201416e-02 5.503815785050392151e-02 7.119775414466857910e-01 6.948276162147521973e-01
-1.102969551086425781e+01 2.100093841552734375e+00 -1.000251674652099609e+01 -8.963193744421005249e-02 5.389859527349472046e-02 7.049300074577331543e-01 7.015231251716613770e-01
-1.103526496887207031e+01 2.223271369934082031e+00 -9.946350097656250000e+00 -9.380216896533966064e-02 5.241776257753372192e-02 6.977692246437072754e-01 7.082173228263854980e-01
-1.104044532775878906e+01 2.352648973464965820e+00 -9.891286849975585938e+00 -9.778779000043869019e-02 5.064521729946136475e-02 6.905465722084045410e-01 7.148552536964416504e-01
-1.104520034790039062e+01 2.488831758499145508e+00 -9.839160919189453125e+00 -1.015822440385818481e-01 4.863033443689346313e-02 6.833164095878601074e-01 7.213839292526245117e-01
-1.104929924011230469e+01 2.627333879470825195e+00 -9.793606758117675781e+00 -1.051788404583930969e-01 4.642294347286224365e-02 6.761348247528076172e-01 7.277528047561645508e-01
-1.105258178710937500e+01 2.768039464950561523e+00 -9.755390167236328125e+00 -1.085710525512695312e-01 4.407264664769172668e-02 6.690598130226135254e-01 7.339133620262145996e-01
-1.105496311187744141e+01 2.910579681396484375e+00 -9.724552154541015625e+00 -1.117532551288604736e-01 4.162934795022010803e-02 6.621515750885009766e-01 7.398198246955871582e-01
-1.105645275115966797e+01 3.054494619369506836e+00 -9.700537681579589844e+00 -1.147194579243659973e-01 3.914299234747886658e-02 6.554722785949707031e-01 7.454283833503723145e-01
-1.105696487426757812e+01 3.199439525604248047e+00 -9.683331489562988281e+00 -1.174647063016891479e-01 3.666307404637336731e-02 6.490851044654846191e-01 7.506972551345825195e-01
-1.105679321289062500e+01 3.344925403594970703e+00 -9.670527458190917969e+00 -1.199838221073150635e-01 3.423947095870971680e-02 6.430553197860717773e-01 7.555867433547973633e-01
-1.105608463287353516e+01 3.490794658660888672e+00 -9.660936355590820312e+00 -1.222716271877288818e-01 3.192185238003730774e-02 6.374491453170776367e-01 7.600587606430053711e-01
-1.105493736267089844e+01 3.636977434158325195e+00 -9.653851509094238281e+00 -1.243240833282470703e-01 2.975964918732643127e-02 6.323330402374267578e-01 7.640764713287353516e-01
-1.105318832397460938e+01 3.783439874649047852e+00 -9.649729728698730469e+00 -1.261361837387084961e-01 2.780250832438468933e-02 6.277748942375183105e-01 7.676036953926086426e-01
-1.105123138427734375e+01 3.930128097534179688e+00 -9.646468162536621094e+00 -1.277046799659729004e-01 2.609101310372352600e-02 6.238293647766113281e-01 7.706151604652404785e-01
-1.104890727996826172e+01 4.077035903930664062e+00 -9.644671440124511719e+00 -1.290278136730194092e-01 2.463357523083686829e-02 6.205019354820251465e-01 7.731250524520874023e-01
-1.104638671875000000e+01 4.224145412445068359e+00 -9.643669128417968750e+00 -1.301052272319793701e-01 2.342893928289413452e-02 6.177836656570434570e-01 7.751561403274536133e-01
-1.104365062713623047e+01 4.371451377868652344e+00 -9.643545150756835938e+00 -1.309356689453125000e-01 2.247650548815727234e-02 6.156642436981201172e-01 7.767291665077209473e-01
-1.104075813293457031e+01 4.518939018249511719e+00 -9.644083023071289062e+00 -1.315176188945770264e-01 2.177569270133972168e-02 6.141316890716552734e-01 7.778632640838623047e-01
-1.103769874572753906e+01 4.666606426239013672e+00 -9.645324707031250000e+00 -1.318492889404296875e-01 2.132548019289970398e-02 6.131728887557983398e-01 7.785757184028625488e-01
-1.103453350067138672e+01 4.814445495605468750e+00 -9.647038459777832031e+00 -1.319292038679122925e-01 2.112482115626335144e-02 6.127732396125793457e-01 7.788822054862976074e-01
-1.103122425079345703e+01 4.962448596954345703e+00 -9.649454116821289062e+00 -1.317546963691711426e-01 2.117298543453216553e-02 6.129170656204223633e-01 7.787971496582031250e-01
-1.102784633636474609e+01 5.110615253448486328e+00 -9.652164459228515625e+00 -1.313235908746719360e-01 2.146887779235839844e-02 6.135877370834350586e-01 7.783337235450744629e-01
-1.102435016632080078e+01 5.258930683135986328e+00 -9.655641555786132812e+00 -1.306330561637878418e-01 2.201138809323310852e-02 6.147675514221191406e-01 7.775033116340637207e-01
-1.102080821990966797e+01 5.407403469085693359e+00 -9.659258842468261719e+00 -1.296804100275039673e-01 2.279957383871078491e-02 6.164378523826599121e-01 7.763166427612304688e-01
-1.101718616485595703e+01 5.556008338928222656e+00 -9.663740158081054688e+00 -1.284626275300979614e-01 2.383221685886383057e-02 6.185792088508605957e-01 7.747831940650939941e-01
-1.101352500915527344e+01 5.704765319824218750e+00 -9.668327331542968750e+00 -1.269763857126235962e-01 2.510840445756912231e-02 6.211712360382080078e-01 7.729119062423706055e-01
-1.100984477996826172e+01 5.853644847869873047e+00 -9.673721313476562500e+00 -1.252188980579376221e-01 2.662646770477294922e-02 6.241932511329650879e-01 7.707099914550781250e-01
-1.100613594055175781e+01 6.002662181854248047e+00 -9.679306030273437500e+00 -1.231861114501953125e-01 2.838574349880218506e-02 6.276233792304992676e-01 7.681850790977478027e-01
-1.100246047973632812e+01 6.151792049407958984e+00 -9.685672760009765625e+00 -1.208752542734146118e-01 3.038438037037849426e-02 6.314396262168884277e-01 7.653430104255676270e-01
-1.099878120422363281e+01 6.301049709320068359e+00 -9.692303657531738281e+00 -1.182821840047836304e-01 3.262159973382949829e-02 6.356191039085388184e-01 7.621899843215942383e-01
-1.099521255493164062e+01 6.450403690338134766e+00 -9.699838638305664062e+00 -1.154039204120635986e-01 3.509554639458656311e-02 6.401383280754089355e-01 7.587313652038574219e-01
-1.099166584014892578e+01 6.599874019622802734e+00 -9.707655906677246094e+00 -1.122365370392799377e-01 3.780491650104522705e-02 6.449735760688781738e-01 7.549720406532287598e-01
-1.098830509185791016e+01 6.749428749084472656e+00 -9.716382980346679688e+00 -1.087767332792282104e-01 4.074811562895774841e-02 6.501008272171020508e-01 7.509168386459350586e-01
-1.098504257202148438e+01 6.899085521697998047e+00 -9.725448608398437500e+00 -1.050272211432456970e-01 4.391904547810554504e-02 6.554902791976928711e-01 7.465741634368896484e-01
-1.098194694519042969e+01 7.048825740814208984e+00 -9.735015869140625000e+00 -1.010162234306335449e-01 4.729399085044860840e-02 6.610910892486572266e-01 7.419687509536743164e-01
-1.097912788391113281e+01 7.198638916015625000e+00 -9.744988441467285156e+00 -9.677888453006744385e-02 5.084463953971862793e-02 6.668488979339599609e-01 7.371303439140319824e-01
-1.097654056549072266e+01 7.348526477813720703e+00 -9.755117416381835938e+00 -9.235008060932159424e-02 5.454298108816146851e-02 6.727104187011718750e-01 7.320910096168518066e-01
-1.097424316406250000e+01 7.498476505279541016e+00 -9.765302658081054688e+00 -8.776537328958511353e-02 5.836080759763717651e-02 6.786239147186279297e-01 7.268843054771423340e-01
-1.097237300872802734e+01 7.648498535156250000e+00 -9.775205612182617188e+00 -8.306057751178741455e-02 6.227028369903564453e-02 6.845396161079406738e-01 7.215462327003479004e-01
-1.097096633911132812e+01 7.798594951629638672e+00 -9.784410476684570312e+00 -7.827180624008178711e-02 6.624344736337661743e-02 6.904094219207763672e-01 7.161145806312561035e-01
-1.097005271911621094e+01 7.948759555816650391e+00 -9.792542457580566406e+00 -7.343569397926330566e-02 7.025250047445297241e-02 6.961875557899475098e-01 7.106297016143798828e-01
-1.096968936920166016e+01 8.098990440368652344e+00 -9.799100875854492188e+00 -6.858868151903152466e-02 7.426993548870086670e-02 7.018301486968994141e-01 7.051339745521545410e-01
-1.096800994873046875e+01 8.249240875244140625e+00 -9.803769111633300781e+00 -6.376768648624420166e-02 7.826850563287734985e-02 7.072957158088684082e-01 6.996717453002929688e-01
-1.096042060852050781e+01 8.399249076843261719e+00 -9.806079864501953125e+00 -5.900979787111282349e-02 8.222122490406036377e-02 7.125442624092102051e-01 6.942898035049438477e-01
-1.093690872192382812e+01 8.547297477722167969e+00 -9.804718971252441406e+00 -5.435205623507499695e-02 8.610112220048904419e-02 7.175384163856506348e-01 6.890362501144409180e-01
-1.084224224090576172e+01 8.649165153503417969e+00 -9.791987419128417969e+00 -4.983182623982429504e-02 8.988176286220550537e-02 7.222431302070617676e-01 6.839612722396850586e-01
-1.071084976196289062e+01 8.590065956115722656e+00 -9.775723457336425781e+00 -4.548627883195877075e-02 9.353689104318618774e-02 7.266240119934082031e-01 6.791167259216308594e-01
-1.060164165496826172e+01 8.492477416992187500e+00 -9.763624191284179688e+00 -4.135273396968841553e-02 9.704053401947021484e-02 7.306489944458007812e-01 6.745555400848388672e-01
-1.050098323822021484e+01 8.383849143981933594e+00 -9.753108978271484375e+00 -3.746837005019187927e-02 1.003668755292892456e-01 7.342875599861145020e-01 6.703315377235412598e-01
-1.040789413452148438e+01 8.273110389709472656e+00 -9.743747711181640625e+00 -3.387043997645378113e-02 1.034904569387435913e-01 7.375097870826721191e-01 6.664995551109313965e-01
-1.032204723358154297e+01 8.161138534545898438e+00 -9.735512733459472656e+00 -3.059602901339530945e-02 1.063859537243843079e-01 7.402865886688232422e-01 6.631150245666503906e-01
-1.023955345153808594e+01 8.051056861877441406e+00 -9.727619171142578125e+00 -2.768213301897048950e-02 1.090281158685684204e-01 7.425892949104309082e-01 6.602330207824707031e-01
-1.016268253326416016e+01 7.941271781921386719e+00 -9.720548629760742188e+00 -2.516559883952140808e-02 1.113917678594589233e-01 7.443890571594238281e-01 6.579083800315856934e-01
-1.008894348144531250e+01 7.833588600158691406e+00 -9.713771820068359375e+00 -2.307515963912010193e-02 1.134600192308425903e-01 7.456679940223693848e-01 6.561810970306396484e-01
-1.001839923858642578e+01 7.728030681610107422e+00 -9.707320213317871094e+00 -2.140634879469871521e-02 1.152481287717819214e-01 7.464541792869567871e-01 6.550310850143432617e-01
-9.952433586120605469e+00 7.623680114746093750e+00 -9.701507568359375000e+00 -2.014678344130516052e-02 1.167795434594154358e-01 7.467857003211975098e-01 6.544216871261596680e-01
-9.888419151306152344e+00 7.522316932678222656e+00 -9.695762634277343750e+00 -1.928379014134407043e-02 1.180772483348846436e-01 7.466983199119567871e-01 6.543145775794982910e-01
-9.827719688415527344e+00 7.423107624053955078e+00 -9.690404891967773438e+00 -1.880469918251037598e-02 1.191640198230743408e-01 7.462263703346252441e-01 6.546698212623596191e-01
-9.770848274230957031e+00 7.325740814208984375e+00 -9.685564994812011719e+00 -1.869686320424079895e-02 1.200624257326126099e-01 7.454026937484741211e-01 6.554465889930725098e-01
-9.715828895568847656e+00 7.231464862823486328e+00 -9.680786132812500000e+00 -1.894743368029594421e-02 1.207949221134185791e-01 7.442592382431030273e-01 6.566031575202941895e-01
-9.662772178649902344e+00 7.140228271484375000e+00 -9.676105499267578125e+00 -1.954372227191925049e-02 1.213837862014770508e-01 7.428272962570190430e-01 6.580969691276550293e-01
-9.614532470703125000e+00 7.050406455993652344e+00 -9.672211647033691406e+00 -2.047287300229072571e-02 1.218512058258056641e-01 7.411376237869262695e-01 6.598850488662719727e-01
-9.568041801452636719e+00 6.963778018951416016e+00 -9.668375015258789062e+00 -2.172223106026649475e-02 1.222194731235504150e-01 7.392203807830810547e-01 6.619242429733276367e-01
-9.523303985595703125e+00 6.880351543426513672e+00 -9.664604187011718750e+00 -2.327893301844596863e-02 1.225106716156005859e-01 7.371063828468322754e-01 6.641713380813598633e-01
-9.480547904968261719e+00 6.800024032592773438e+00 -9.660956382751464844e+00 -2.513010427355766296e-02 1.227470040321350098e-01 7.348256111145019531e-01 6.665831804275512695e-01
-9.442261695861816406e+00 6.721502304077148438e+00 -9.658052444458007812e+00 -2.726297080516815186e-02 1.229506283998489380e-01 7.324091196060180664e-01 6.691164374351501465e-01
-9.405613899230957031e+00 6.646287918090820312e+00 -9.655203819274902344e+00 -2.966468408703804016e-02 1.231439113616943359e-01 7.298875451087951660e-01 6.717287898063659668e-01
-9.370605468750000000e+00 6.574391841888427734e+00 -9.652413368225097656e+00 -3.232253715395927429e-02 1.233491823077201843e-01 7.272928357124328613e-01 6.743777394294738770e-01
-9.337240219116210938e+00 6.505829811096191406e+00 -9.649690628051757812e+00 -3.522344678640365601e-02 1.235886812210083008e-01 7.246567606925964355e-01 6.770212650299072266e-01
-9.306352615356445312e+00 6.440220832824707031e+00 -9.647249221801757812e+00 -3.835476189851760864e-02 1.238850131630897522e-01 7.220116257667541504e-01 6.796179413795471191e-01
-9.279010772705078125e+00 6.377073764801025391e+00 -9.645361900329589844e+00 -4.170364513993263245e-02 1.242607384920120239e-01 7.193906903266906738e-01 6.821268796920776367e-01
-9.253169059753417969e+00 6.317368030548095703e+00 -9.643525123596191406e+00 -4.525733739137649536e-02 1.247384697198867798e-01 7.168275713920593262e-01 6.845073699951171875e-01
-9.228824615478515625e+00 6.261116981506347656e+00 -9.641750335693359375e+00 -4.900297522544860840e-02 1.253408938646316528e-01 7.143559455871582031e-01 6.867196559906005859e-01
-9.205978393554687500e+00 6.208328723907470703e+00 -9.640038490295410156e+00 -5.292709916830062866e-02 1.260843425989151001e-01 7.120026350021362305e-01 6.887335181236267090e-01
-9.184631347656250000e+00 6.159001350402832031e+00 -9.638394355773925781e+00 -5.701378732919692993e-02 1.269601732492446899e-01 7.097618579864501953e-01 6.905568242073059082e-01
-9.164779663085937500e+00 6.113133430480957031e+00 -9.636816978454589844e+00 -6.124618276953697205e-02 1.279530525207519531e-01 7.076200842857360840e-01 6.922070384025573730e-01
-9.148230552673339844e+00 6.069964408874511719e+00 -9.635848045349121094e+00 -6.560766696929931641e-02 1.290479004383087158e-01 7.055640220642089844e-01 6.937015056610107422e-01
-9.133075714111328125e+00 6.030286788940429688e+00 -9.634915351867675781e+00 -7.008145749568939209e-02 1.302294880151748657e-01 7.035795450210571289e-01 6.950573921203613281e-01
-9.119265556335449219e+00 5.994113445281982422e+00 -9.634004592895507812e+00 -7.465068250894546509e-02 1.314825564622879028e-01 7.016530632972717285e-01 6.962920427322387695e-01
-9.106798171997070312e+00 5.961440086364746094e+00 -9.633112907409667969e+00 -7.929879426956176758e-02 1.327919960021972656e-01 6.997711062431335449e-01 6.974226236343383789e-01
-9.095674514770507812e+00 5.932264328002929688e+00 -9.632241249084472656e+00 -8.400890976190567017e-02 1.341426223516464233e-01 6.979200839996337891e-01 6.984667181968688965e-01
-9.085892677307128906e+00 5.906578063964843750e+00 -9.631388664245605469e+00 -8.876426517963409424e-02 1.355192363262176514e-01 6.960864663124084473e-01 6.994419097900390625e-01
-9.077454566955566406e+00 5.884375095367431641e+00 -9.630555152893066406e+00 -9.354820847511291504e-02 1.369066834449768066e-01 6.942573189735412598e-01 7.003656029701232910e-01
-9.070358276367187500e+00 5.865653991699218750e+00 -9.629742622375488281e+00 -9.834393858909606934e-02 1.382898986339569092e-01 6.924192309379577637e-01 7.012559771537780762e-01
-9.064607620239257812e+00 5.850407600402832031e+00 -9.628945350646972656e+00 -1.031347736716270447e-01 1.396538019180297852e-01 6.905593872070312500e-01 7.021308541297912598e-01
-9.060196876525878906e+00 5.838630199432373047e+00 -9.628166198730468750e+00 -1.079041510820388794e-01 1.409835070371627808e-01 6.886650919914245605e-01 7.030083537101745605e-01
-9.057130813598632812e+00 5.830317020416259766e+00 -9.627406120300292969e+00 -1.126353442668914795e-01 1.422638744115829468e-01 6.867237091064453125e-01 7.039067745208740234e-01
-9.055410385131835938e+00 5.825463771820068359e+00 -9.626660346984863281e+00 -1.173117160797119141e-01 1.434800028800964355e-01 6.847228407859802246e-01 7.048447132110595703e-01
-9.052397727966308594e+00 5.817234992980957031e+00 -9.625883102416992188e+00 -1.219167783856391907e-01 1.446170061826705933e-01 6.826502084732055664e-01 7.058405280113220215e-01
-9.048097610473632812e+00 5.805625915527343750e+00 -9.625073432922363281e+00 -1.264340132474899292e-01 1.456601321697235107e-01 6.804935932159423828e-01 7.069130539894104004e-01
-9.042507171630859375e+00 5.790632247924804688e+00 -9.624228477478027344e+00 -1.308467835187911987e-01 1.465943306684494019e-01 6.782410144805908203e-01 7.080807685852050781e-01
-9.035629272460937500e+00 5.772245883941650391e+00 -9.623350143432617188e+00 -1.351386606693267822e-01 1.474048793315887451e-01 6.758802533149719238e-01 7.093625068664550781e-01
-9.027623176574707031e+00 5.750407695770263672e+00 -9.622492790222167969e+00 -1.392932683229446411e-01 1.480770707130432129e-01 6.733992695808410645e-01 7.107770442962646484e-01
-9.019184112548828125e+00 5.724858283996582031e+00 -9.621904373168945312e+00 -1.432904601097106934e-01 1.486012637615203857e-01 6.707950830459594727e-01 7.123339772224426270e-01
-9.009597778320312500e+00 5.695868968963623047e+00 -9.621339797973632812e+00 -1.470953226089477539e-01 1.489897668361663818e-01 6.681007742881774902e-01 7.140073180198669434e-01
-8.998863220214843750e+00 5.663446903228759766e+00 -9.620816230773925781e+00 -1.506695449352264404e-01 1.492602229118347168e-01 6.653593778610229492e-01 7.157630920410156250e-01
-8.986979484558105469e+00 5.627605915069580078e+00 -9.620343208312988281e+00 -1.539753228425979614e-01 1.494303941726684570e-01 6.626148223876953125e-01 7.175678610801696777e-01
-8.973944664001464844e+00 5.588354587554931641e+00 -9.619935035705566406e+00 -1.569745838642120361e-01 1.495180726051330566e-01 6.599112153053283691e-01 7.193889617919921875e-01
-8.959756851196289062e+00 5.545702934265136719e+00 -9.619605064392089844e+00 -1.596294194459915161e-01 1.495415419340133667e-01 6.572934389114379883e-01 7.211942076683044434e-01
-8.944414138793945312e+00 5.499661922454833984e+00 -9.619367599487304688e+00 -1.619021296501159668e-01 1.495190411806106567e-01 6.548067331314086914e-01 7.229521870613098145e-01
-8.927914619445800781e+00 5.450241565704345703e+00 -9.619232177734375000e+00 -1.637555807828903198e-01 1.494685411453247070e-01 6.524967551231384277e-01 7.246317267417907715e-01
-8.910254478454589844e+00 5.397449970245361328e+00 -9.619215011596679688e+00 -1.651518046855926514e-01 1.494087427854537964e-01 6.504095196723937988e-01 7.262020111083984375e-01
-8.892971992492675781e+00 5.340815544128417969e+00 -9.619977951049804688e+00 -1.660538166761398315e-01 1.493575125932693481e-01 6.485907435417175293e-01 7.276321053504943848e-01
-8.875086784362792969e+00 5.280653953552246094e+00 -9.621119499206542969e+00 -1.664236187934875488e-01 1.493335515260696411e-01 6.470860838890075684e-01 7.288910746574401855e-01
-8.856154441833496094e+00 5.217115402221679688e+00 -9.622471809387207031e+00 -1.662239879369735718e-01 1.493546813726425171e-01 6.459407806396484375e-01 7.299474477767944336e-01
-8.836170196533203125e+00 5.150212287902832031e+00 -9.624045372009277344e+00 -1.654169261455535889e-01 1.494392007589340210e-01 6.451992392539978027e-01 7.307688593864440918e-01
-8.815133094787597656e+00 5.079952239990234375e+00 -9.625854492187500000e+00 -1.639643609523773193e-01 1.496048569679260254e-01 6.449047923088073730e-01 7.313220500946044922e-01
-8.793040275573730469e+00 5.006350040435791016e+00 -9.627912521362304688e+00 -1.618281453847885132e-01 1.498688161373138428e-01 6.450995802879333496e-01 7.315718531608581543e-01
-8.771900177001953125e+00 4.928872108459472656e+00 -9.631230354309082031e+00 -1.589692533016204834e-01 1.502484232187271118e-01 6.458241939544677734e-01 7.314816117286682129e-01
-8.750024795532226562e+00 4.847990512847900391e+00 -9.634979248046875000e+00 -1.553483009338378906e-01 1.507602035999298096e-01 6.471165418624877930e-01 7.310119271278381348e-01
-8.727196693420410156e+00 4.763777732849121094e+00 -9.639060974121093750e+00 -1.509252041578292847e-01 1.514202654361724854e-01 6.490122079849243164e-01 7.301209568977355957e-01
-8.703421592712402344e+00 4.676248550415039062e+00 -9.643489837646484375e+00 -1.456594914197921753e-01 1.522438824176788330e-01 6.515440344810485840e-01 7.287629842758178711e-01
-8.678775787353515625e+00 4.585401535034179688e+00 -9.648317337036132812e+00 -1.395101249217987061e-01 1.532453894615173340e-01 6.547406315803527832e-01 7.268887758255004883e-01
-8.655202865600585938e+00 4.490799427032470703e+00 -9.654721260070800781e+00 -1.324574500322341919e-01 1.544324457645416260e-01 6.586073040962219238e-01 7.244597673416137695e-01
-8.630785942077636719e+00 4.392884254455566406e+00 -9.661505699157714844e+00 -1.245731487870216370e-01 1.557863652706146240e-01 6.630687713623046875e-01 7.214928269386291504e-01
-8.605540275573730469e+00 4.291641712188720703e+00 -9.668643951416015625e+00 -1.159517616033554077e-01 1.572825610637664795e-01 6.680299043655395508e-01 7.180204391479492188e-01
-8.579479217529296875e+00 4.187060356140136719e+00 -9.676108360290527344e+00 -1.066885516047477722e-01 1.588965207338333130e-01 6.733970046043395996e-01 7.140769362449645996e-01
-8.553668022155761719e+00 4.078918457031250000e+00 -9.684679985046386719e+00 -9.687983989715576172e-02 1.606043577194213867e-01 6.790784001350402832e-01 7.096992731094360352e-01
-8.527720451354980469e+00 3.967277765274047852e+00 -9.694025993347167969e+00 -8.662298321723937988e-02 1.623827964067459106e-01 6.849853396415710449e-01 7.049279212951660156e-01
-8.501037597656250000e+00 3.852239847183227539e+00 -9.703648567199707031e+00 -7.601602375507354736e-02 1.642091423273086548e-01 6.910325288772583008e-01 6.998077630996704102e-01
-8.473626136779785156e+00 3.733787775039672852e+00 -9.713518142700195312e+00 -6.515832245349884033e-02 1.660621017217636108e-01 6.971387267112731934e-01 6.943884491920471191e-01
-8.446017265319824219e+00 3.611818790435791016e+00 -9.724179267883300781e+00 -5.414975062012672424e-02 1.679211109876632690e-01 7.032274603843688965e-01 6.887243986129760742e-01
-8.418340682983398438e+00 3.486291408538818359e+00 -9.735748291015625000e+00 -4.309109598398208618e-02 1.697669327259063721e-01 7.092274427413940430e-01 6.828753352165222168e-01
-8.389962196350097656e+00 3.357283830642700195e+00 -9.747519493103027344e+00 -3.208352625370025635e-02 1.715815961360931396e-01 7.150722742080688477e-01 6.769061684608459473e-01
-8.360874176025390625e+00 3.224769115447998047e+00 -9.759465217590332031e+00 -2.122852206230163574e-02 1.733483970165252686e-01 7.207013368606567383e-01 6.708869934082031250e-01
-8.330397605895996094e+00 3.084462881088256836e+00 -9.772359848022460938e+00 -1.062756776809692383e-02 1.750518381595611572e-01 7.260591387748718262e-01 6.648924350738525391e-01
-8.301263809204101562e+00 2.948284864425659180e+00 -9.785529136657714844e+00 -3.822520375251770020e-04 1.766778230667114258e-01 7.310957312583923340e-01 6.590022444725036621e-01
-8.273067474365234375e+00 2.816242694854736328e+00 -9.798233032226562500e+00 9.406313300132751465e-03 1.782133877277374268e-01 7.357655763626098633e-01 6.532998085021972656e-01
-8.245790481567382812e+00 2.688308000564575195e+00 -9.810453414916992188e+00 1.863741874694824219e-02 1.796466708183288574e-01 7.400280833244323730e-01 6.478720903396606445e-01
-8.219412803649902344e+00 2.564459085464477539e+00 -9.822171211242675781e+00 2.721069753170013428e-02 1.809667199850082397e-01 7.438462972640991211e-01 6.428089141845703125e-01
-8.194321632385253906e+00 2.444626331329345703e+00 -9.833931922912597656e+00 3.502658754587173462e-02 1.821633577346801758e-01 7.471863031387329102e-01 6.382023096084594727e-01
-8.170091629028320312e+00 2.328825712203979492e+00 -9.845168113708496094e+00 4.198581725358963013e-02 1.832270175218582153e-01 7.500164508819580078e-01 6.341454386711120605e-01
-8.146681785583496094e+00 2.217036008834838867e+00 -9.855841636657714844e+00 4.798984900116920471e-02 1.841481626033782959e-01 7.523054480552673340e-01 6.307320594787597656e-01
-8.123770713806152344e+00 2.109448194503784180e+00 -9.865026473999023438e+00 5.047060549259185791e-02 1.819166243076324463e-01 7.547711133956909180e-01 6.282352209091186523e-01
-8.101716995239257812e+00 2.005819082260131836e+00 -9.873842239379882812e+00 5.250177532434463501e-02 1.801308095455169678e-01 7.565909028053283691e-01 6.263916492462158203e-01
-8.080626487731933594e+00 1.906164526939392090e+00 -9.882372856140136719e+00 5.411310866475105286e-02 1.787456870079040527e-01 7.578532695770263672e-01 6.251240372657775879e-01
-8.060567855834960938e+00 1.810501694679260254e+00 -9.890661239624023438e+00 5.534161999821662903e-02 1.777157783508300781e-01 7.586399316787719727e-01 6.243556737899780273e-01
-8.041361808776855469e+00 1.718890309333801270e+00 -9.898582458496093750e+00 5.622936412692070007e-02 1.769953966140747070e-01 7.590277791023254395e-01 6.240093708038330078e-01
-8.023014068603515625e+00 1.631356120109558105e+00 -9.906133651733398438e+00 5.682235211133956909e-02 1.765386611223220825e-01 7.590900659561157227e-01 6.240092515945434570e-01
-8.005530357360839844e+00 1.547927260398864746e+00 -9.913317680358886719e+00 5.716915428638458252e-02 1.762994527816772461e-01 7.588976621627807617e-01 6.242790818214416504e-01
-7.988914489746093750e+00 1.468634009361267090e+00 -9.920137405395507812e+00 5.731967464089393616e-02 1.762315183877944946e-01 7.585197091102600098e-01 6.247435808181762695e-01
-7.973171234130859375e+00 1.393500924110412598e+00 -9.926589012145996094e+00 5.732457712292671204e-02 1.762884855270385742e-01 7.580248713493347168e-01 6.253274679183959961e-01
-7.958307266235351562e+00 1.322557330131530762e+00 -9.932678222656250000e+00 5.723449960350990295e-02 1.764238774776458740e-01 7.574816346168518066e-01 6.259557008743286133e-01
-7.944451332092285156e+00 1.255803227424621582e+00 -9.938393592834472656e+00 5.709971487522125244e-02 1.765912026166915894e-01 7.569581866264343262e-01 6.265535950660705566e-01
-7.931517124176025391e+00 1.193284869194030762e+00 -9.943739891052246094e+00 5.696955323219299316e-02 1.767443418502807617e-01 7.565239667892456055e-01 6.270465254783630371e-01
-7.919465065002441406e+00 1.135040283203125000e+00 -9.948727607727050781e+00 5.689277499914169312e-02 1.768372207880020142e-01 7.562482953071594238e-01 6.273595690727233887e-01
-7.908302307128906250e+00 1.081097364425659180e+00 -9.953356742858886719e+00 5.691732838749885559e-02 1.768243908882141113e-01 7.562012076377868652e-01 6.274179816246032715e-01
-7.898030757904052734e+00 1.031483173370361328e+00 -9.957628250122070312e+00 5.709074437618255615e-02 1.766607463359832764e-01 7.564523816108703613e-01 6.271454691886901855e-01
-7.888655185699462891e+00 9.862267971038818359e-01 -9.961540222167968750e+00 5.746047943830490112e-02 1.763021945953369141e-01 7.570708394050598145e-01 6.264659166336059570e-01
-7.880183696746826172e+00 9.453539848327636719e-01 -9.965097427368164062e+00 5.807472765445709229e-02 1.757054477930068970e-01 7.581248879432678223e-01 6.253011226654052734e-01
-7.872621059417724609e+00 9.088928103446960449e-01 -9.968297958374023438e+00 5.898329615592956543e-02 1.748285293579101562e-01 7.596798539161682129e-01 6.235722303390502930e-01
-7.865977764129638672e+00 8.768713474273681641e-01 -9.971143722534179688e+00 6.023813411593437195e-02 1.736308336257934570e-01 7.617983818054199219e-01 6.211978793144226074e-01
-7.860262870788574219e+00 8.493139743804931641e-01 -9.973632812500000000e+00 6.189491599798202515e-02 1.720736473798751831e-01 7.645383477210998535e-01 6.180945038795471191e-01
-7.855464458465576172e+00 8.262499570846557617e-01 -9.975701332092285156e+00 6.382277607917785645e-02 1.699136197566986084e-01 7.679742574691772461e-01 6.142242550849914551e-01
-7.851628780364990234e+00 8.076257109642028809e-01 -9.977470397949218750e+00 6.634948402643203735e-02 1.676042675971984863e-01 7.719292640686035156e-01 6.096161603927612305e-01
-7.848751544952392578e+00 7.934057712554931641e-01 -9.978929519653320312e+00 6.941362470388412476e-02 1.651533693075180054e-01 7.763046026229858398e-01 6.043651700019836426e-01
-7.846814632415771484e+00 7.835631966590881348e-01 -9.980015754699707031e+00 7.283720374107360840e-02 1.624176055192947388e-01 7.810342311859130859e-01 5.985822677612304688e-01
-7.845808506011962891e+00 7.780651450157165527e-01 -9.980706214904785156e+00 7.653811573982238770e-02 1.593703627586364746e-01 7.860273122787475586e-01 5.923714637756347656e-01
-7.845560550689697266e+00 7.760058641433715820e-01 -9.981104850769042969e+00 8.056648075580596924e-02 1.561617255210876465e-01 7.911605834960937500e-01 5.858220458030700684e-01
-7.846067428588867188e+00 7.773473858833312988e-01 -9.981209754943847656e+00 8.488696813583374023e-02 1.528347134590148926e-01 7.963374853134155273e-01 5.790354609489440918e-01
-7.845213890075683594e+00 7.718811035156250000e-01 -9.981893539428710938e+00 8.946022391319274902e-02 1.494300216436386108e-01 8.014675974845886230e-01 5.721164345741271973e-01
-7.842987060546875000e+00 7.595714926719665527e-01 -9.983152389526367188e+00 9.424269199371337891e-02 1.459853947162628174e-01 8.064658045768737793e-01 5.651718974113464355e-01
-7.839375019073486328e+00 7.403857111930847168e-01 -9.984990119934082031e+00 9.918668866157531738e-02 1.425356864929199219e-01 8.112534880638122559e-01 5.583129525184631348e-01
-7.834362030029296875e+00 7.142919898033142090e-01 -9.987401962280273438e+00 1.042414158582687378e-01 1.391116529703140259e-01 8.157574534416198730e-01 5.516533255577087402e-01
-7.827972412109375000e+00 6.812438964843750000e-01 -9.990346908569335938e+00 1.093527600169181824e-01 1.357406675815582275e-01 8.199106454849243164e-01 5.453101396560668945e-01
-7.820203304290771484e+00 6.412060260772705078e-01 -9.993801116943359375e+00 1.144636869430541992e-01 1.324463635683059692e-01 8.236505985260009766e-01 5.394030213356018066e-01
-7.810988426208496094e+00 5.941613912582397461e-01 -9.997817039489746094e+00 1.195156425237655640e-01 1.292483657598495483e-01 8.269196748733520508e-01 5.340547561645507812e-01
-7.800307273864746094e+00 5.400817990303039551e-01 -1.000239276885986328e+01 1.244489774107933044e-01 1.261628419160842896e-01 8.296635746955871582e-01 5.293899774551391602e-01
-7.788136005401611328e+00 4.789392054080963135e-01 -1.000753021240234375e+01 1.292027086019515991e-01 1.232030838727951050e-01 8.318300843238830566e-01 5.255343317985534668e-01
-7.774449825286865234e+00 4.107031226158142090e-01 -1.001323318481445312e+01 1.337163150310516357e-01 1.203798204660415649e-01 8.333675861358642578e-01 5.226155519485473633e-01
-7.759227275848388672e+00 3.353466689586639404e-01 -1.001950263977050781e+01 1.379298865795135498e-01 1.177020445466041565e-01 8.342244625091552734e-01 5.207600593566894531e-01
-7.742446899414062500e+00 2.528369128704071045e-01 -1.002634143829345703e+01 1.417843103408813477e-01 1.151784136891365051e-01 8.343463540077209473e-01 5.200936794281005859e-01
-7.724089145660400391e+00 1.631481945514678955e-01 -1.003375053405761719e+01 1.452227383852005005e-01 1.128177642822265625e-01 8.336742520332336426e-01 5.207395553588867188e-01
-7.704155921936035156e+00 6.622802466154098511e-02 -1.004135990142822266e+01 1.477687656879425049e-01 1.099352538585662842e-01 8.322579860687255859e-01 5.229008793830871582e-01
-7.682830810546875000e+00 -3.795043751597404480e-02 -1.004911804199218750e+01 1.498214900493621826e-01 1.071578711271286011e-01 8.300550580024719238e-01 5.263831615447998047e-01
-7.659971237182617188e+00 -1.492932140827178955e-01 -1.005739974975585938e+01 1.514039933681488037e-01 1.044862046837806702e-01 8.271272182464599609e-01 5.310553908348083496e-01
-7.635603904724121094e+00 -2.677746415138244629e-01 -1.006620216369628906e+01 1.525396704673767090e-01 1.019199118018150330e-01 8.235333561897277832e-01 5.367836952209472656e-01
-7.609754562377929688e+00 -3.933654725551605225e-01 -1.007552433013916016e+01 1.532503962516784668e-01 9.945918619632720947e-02 8.193305134773254395e-01 5.434331893920898438e-01
-7.582623958587646484e+00 -5.261120200157165527e-01 -1.008481216430664062e+01 1.535588949918746948e-01 9.710382670164108276e-02 8.145761489868164062e-01 5.508686304092407227e-01
-7.554330348968505859e+00 -6.660265922546386719e-01 -1.009376525878906250e+01 1.534876376390457153e-01 9.485402703285217285e-02 8.093287944793701172e-01 5.589553117752075195e-01
-7.524655818939208984e+00 -8.129699230194091797e-01 -1.010316658020019531e+01 1.530600935220718384e-01 9.271020442247390747e-02 8.036500215530395508e-01 5.675597786903381348e-01
-7.496768474578857422e+00 -9.510290026664733887e-01 -1.011194419860839844e+01 1.523000597953796387e-01 9.067318588495254517e-02 7.976043820381164551e-01 5.765503644943237305e-01
-7.471140384674072266e+00 -1.080366134643554688e+00 -1.011825752258300781e+01 1.512321829795837402e-01 8.874452114105224609e-02 7.912608385086059570e-01 5.857981443405151367e-01
-7.447416305541992188e+00 -1.200783610343933105e+00 -1.012363052368164062e+01 1.498821973800659180e-01 8.692608773708343506e-02 7.846930623054504395e-01 5.951772928237915039e-01
-7.425494194030761719e+00 -1.312196016311645508e+00 -1.012854194641113281e+01 1.482766568660736084e-01 8.522042632102966309e-02 7.779796123504638672e-01 6.045653223991394043e-01
-7.405480384826660156e+00 -1.414599537849426270e+00 -1.013254833221435547e+01 1.464432328939437866e-01 8.363068103790283203e-02 7.712044119834899902e-01 6.138435602188110352e-01
-7.387907028198242188e+00 -1.508126139640808105e+00 -1.013321590423583984e+01 1.444099694490432739e-01 8.216106891632080078e-02 7.644566297531127930e-01 6.228976845741271973e-01
-7.372089862823486328e+00 -1.592514634132385254e+00 -1.013375949859619141e+01 1.422067880630493164e-01 8.081546425819396973e-02 7.578297853469848633e-01 6.316170692443847656e-01
-7.358030796051025391e+00 -1.667723298072814941e+00 -1.013418102264404297e+01 1.398634165525436401e-01 7.959935814142227173e-02 7.514227628707885742e-01 6.398954391479492188e-01
-7.345864772796630859e+00 -1.733729243278503418e+00 -1.013386821746826172e+01 1.374108046293258667e-01 7.851804047822952271e-02 7.453377842903137207e-01 6.476301550865173340e-01
-7.335997581481933594e+00 -1.790534019470214844e+00 -1.013096523284912109e+01 1.348805129528045654e-01 7.757722586393356323e-02 7.396810650825500488e-01 6.547220945358276367e-01
-7.327767372131347656e+00 -1.838032126426696777e+00 -1.012846946716308594e+01 1.323041319847106934e-01 7.678331434726715088e-02 7.345610857009887695e-01 6.610748171806335449e-01
-7.321169853210449219e+00 -1.876186490058898926e+00 -1.012638282775878906e+01 1.297135502099990845e-01 7.614263147115707397e-02 7.300882339477539062e-01 6.665941476821899414e-01
-7.316196918487548828e+00 -1.904967665672302246e+00 -1.012471771240234375e+01 1.271302849054336548e-01 7.566018402576446533e-02 7.263480424880981445e-01 6.712168455123901367e-01
-7.312833786010742188e+00 -1.924387812614440918e+00 -1.012346744537353516e+01 1.245358884334564209e-01 7.533190399408340454e-02 7.233201265335083008e-01 6.749990582466125488e-01
-7.309248924255371094e+00 -1.945057272911071777e+00 -1.012215709686279297e+01 1.219007670879364014e-01 7.515199482440948486e-02 7.209554910659790039e-01 6.780233383178710938e-01
-7.305812358856201172e+00 -1.966900587081909180e+00 -1.011911582946777344e+01 1.191945523023605347e-01 7.511408627033233643e-02 7.192001938819885254e-01 6.803686618804931641e-01
-7.302288055419921875e+00 -1.989998698234558105e+00 -1.011534309387207031e+01 1.163863837718963623e-01 7.521151006221771240e-02 7.179979681968688965e-01 6.821116805076599121e-01
-7.300124168395996094e+00 -2.003906726837158203e+00 -1.011289978027343750e+01 1.134452000260353088e-01 7.543721050024032593e-02 7.172898650169372559e-01 6.833261847496032715e-01
-7.299317836761474609e+00 -2.008649826049804688e+00 -1.011178302764892578e+01 1.103393882513046265e-01 7.578384876251220703e-02 7.170148491859436035e-01 6.840845942497253418e-01
-7.297581195831298828e+00 -2.019514799118041992e+00 -1.010972309112548828e+01 1.070368513464927673e-01 7.624451071023941040e-02 7.171103358268737793e-01 6.844578981399536133e-01
-7.294910907745361328e+00 -2.036525249481201172e+00 -1.010670852661132812e+01 1.035055965185165405e-01 7.681159675121307373e-02 7.175127863883972168e-01 6.845157742500305176e-01
-7.291304111480712891e+00 -2.059704542160034180e+00 -1.010273933410644531e+01 9.971383959054946899e-02 7.747730612754821777e-02 7.181577682495117188e-01 6.843273043632507324e-01
-7.286844253540039062e+00 -2.088995933532714844e+00 -1.009748363494873047e+01 9.562896192073822021e-02 7.823436707258224487e-02 7.189800739288330078e-01 6.839606165885925293e-01
-7.283635616302490234e+00 -2.122395038604736328e+00 -1.008278942108154297e+01 9.121891856193542480e-02 7.907488197088241577e-02 7.199140191078186035e-01 6.834837794303894043e-01
-7.282297134399414062e+00 -2.154710054397583008e+00 -1.006001949310302734e+01 8.645146340131759644e-02 7.999116927385330200e-02 7.208933830261230469e-01 6.829643249511718750e-01
-7.292797088623046875e+00 -2.139556169509887695e+00 -1.002111530303955078e+01 8.129450678825378418e-02 8.097524940967559814e-02 7.218518257141113281e-01 6.824693083763122559e-01
-7.306386470794677734e+00 -2.093535184860229492e+00 -9.993201255798339844e+00 7.571554183959960938e-02 8.201953023672103882e-02 7.227220535278320312e-01 6.820649504661560059e-01
-7.320648193359375000e+00 -2.037416934967041016e+00 -9.970162391662597656e+00 6.968263536691665649e-02 8.311587572097778320e-02 7.234365940093994141e-01 6.818177700042724609e-01
-7.335083961486816406e+00 -1.972726345062255859e+00 -9.952551841735839844e+00 6.316348910331726074e-02 8.425629884004592896e-02 7.239268422126770020e-01 6.817926168441772461e-01
-7.350172042846679688e+00 -1.901242017745971680e+00 -9.936667442321777344e+00 5.612597614526748657e-02 8.543257415294647217e-02 7.241230607032775879e-01 6.820533871650695801e-01
-7.365811824798583984e+00 -1.822861313819885254e+00 -9.922991752624511719e+00 4.853808879852294922e-02 8.663620054721832275e-02 7.239544391632080078e-01 6.826626658439636230e-01
-7.381357192993164062e+00 -1.737457275390625000e+00 -9.914018630981445312e+00 4.036770015954971313e-02 8.785852789878845215e-02 7.233477234840393066e-01 6.836807727813720703e-01
-7.397419929504394531e+00 -1.645677447319030762e+00 -9.906852722167968750e+00 3.160152584314346313e-02 8.909033983945846558e-02 7.222453355789184570e-01 6.851464509963989258e-01
-7.413933753967285156e+00 -1.547488927841186523e+00 -9.901779174804687500e+00 2.230229601263999939e-02 9.032072126865386963e-02 7.206591367721557617e-01 6.870191097259521484e-01
-7.430507659912109375e+00 -1.442888140678405762e+00 -9.900080680847167969e+00 1.255201920866966248e-02 9.153835475444793701e-02 7.186186909675598145e-01 6.892389655113220215e-01
-7.447549343109130859e+00 -1.332018971443176270e+00 -9.900111198425292969e+00 2.432946115732192993e-03 9.273222833871841431e-02 7.161561250686645508e-01 6.917478442192077637e-01
-7.465078353881835938e+00 -1.214873075485229492e+00 -9.901774406433105469e+00 -7.972307503223419189e-03 9.389162063598632812e-02 7.133053541183471680e-01 6.944899559020996094e-01
-7.482940673828125000e+00 -1.091446518898010254e+00 -9.905423164367675781e+00 -1.858093962073326111e-02 9.500610083341598511e-02 7.101027965545654297e-01 6.974112987518310547e-01
-7.501246929168701172e+00 -9.617394804954528809e-01 -9.910498619079589844e+00 -2.930978313088417053e-02 9.606544673442840576e-02 7.065883874893188477e-01 7.004606723785400391e-01
-7.520127296447753906e+00 -8.257360458374023438e-01 -9.916569709777832031e+00 -4.007583856582641602e-02 9.706006944179534912e-02 7.028047442436218262e-01 7.035898566246032715e-01
-7.539587020874023438e+00 -6.834191679954528809e-01 -9.923540115356445312e+00 -5.079597234725952148e-02 9.798069298267364502e-02 6.987978219985961914e-01 7.067537903785705566e-01
-7.557700157165527344e+00 -5.484911799430847168e-01 -9.930279731750488281e+00 -6.138728559017181396e-02 9.881852567195892334e-02 6.946171522140502930e-01 7.099109292030334473e-01
-7.575560569763183594e+00 -4.210949540138244629e-01 -9.936867713928222656e+00 -7.176714390516281128e-02 9.956525266170501709e-02 6.903151273727416992e-01 7.130225896835327148e-01
-7.593104839324951172e+00 -3.012048304080963135e-01 -9.943294525146484375e+00 -8.185334503650665283e-02 1.002131029963493347e-01 6.859474778175354004e-01 7.160540223121643066e-01
-7.611775875091552734e+00 -1.890820264816284180e-01 -9.949982643127441406e+00 -9.156409651041030884e-02 1.007546633481979370e-01 6.815729737281799316e-01 7.189734578132629395e-01
-7.629812240600585938e+00 -8.439575135707855225e-02 -9.956355094909667969e+00 -1.008182913064956665e-01 1.011830046772956848e-01 6.772531270980834961e-01 7.217519283294677734e-01
-7.649764060974121094e+00 1.229492202401161194e-02 -9.963188171386718750e+00 -1.095350980758666992e-01 1.014916226267814636e-01 6.730514764785766602e-01 7.243639230728149414e-01
-7.668793201446533203e+00 1.016113236546516418e-01 -9.969638824462890625e+00 -1.176346763968467712e-01 1.016743779182434082e-01 6.690341234207153320e-01 7.267858982086181641e-01
-7.688799858093261719e+00 1.830224543809890747e-01 -9.976263999938964844e+00 -1.250375360250473022e-01 1.017253249883651733e-01 6.652680635452270508e-01 7.289965748786926270e-01
-7.708797454833984375e+00 2.567968666553497314e-01 -9.982801437377929688e+00 -1.316649913787841797e-01 1.016384959220886230e-01 6.618220210075378418e-01 7.309756875038146973e-01
-7.726871013641357422e+00 3.234533667564392090e-01 -9.988717079162597656e+00 -1.374382674694061279e-01 1.014084443449974060e-01 6.587648391723632812e-01 7.327044606208801270e-01
-7.746232509613037109e+00 3.819067180156707764e-01 -9.994926452636718750e+00 -1.422789692878723145e-01 1.010295897722244263e-01 6.561651825904846191e-01 7.341641783714294434e-01
-7.764165401458740234e+00 4.330798387527465820e-01 -1.000068569183349609e+01 -1.461394280195236206e-01 1.005009189248085022e-01 6.540720462799072266e-01 7.353452444076538086e-01
-7.779647827148437500e+00 4.773046672344207764e-01 -1.000570487976074219e+01 -1.490914821624755859e-01 9.984311461448669434e-02 6.524561047554016113e-01 7.362771630287170410e-01
-7.792676925659179688e+00 5.145702958106994629e-01 -1.000996303558349609e+01 -1.512373536825180054e-01 9.908066689968109131e-02 6.512657999992370605e-01 7.369960546493530273e-01
-7.804644584655761719e+00 5.442504882812500000e-01 -1.001382160186767578e+01 -1.526783704757690430e-01 9.823808073997497559e-02 6.504466533660888672e-01 7.375348210334777832e-01
-7.814897060394287109e+00 5.666210651397705078e-01 -1.001708507537841797e+01 -1.535148918628692627e-01 9.733968228101730347e-02 6.499426960945129395e-01 7.379245758056640625e-01
-7.822062969207763672e+00 5.822741389274597168e-01 -1.001936912536621094e+01 -1.538477838039398193e-01 9.640935063362121582e-02 6.496961712837219238e-01 7.381944060325622559e-01
-7.826142311096191406e+00 5.911938548088073730e-01 -1.002065086364746094e+01 -1.537772864103317261e-01 9.547093510627746582e-02 6.496483087539672852e-01 7.383730411529541016e-01
-7.827140331268310547e+00 5.933740139007568359e-01 -1.002091503143310547e+01 -1.534037888050079346e-01 9.454800188541412354e-02 6.497408151626586914e-01 7.384881377220153809e-01
-7.830073833465576172e+00 5.998376607894897461e-01 -1.002190971374511719e+01 -1.528273522853851318e-01 9.366452693939208984e-02 6.499143242835998535e-01 7.385675311088562012e-01
-7.834946632385253906e+00 6.105761528015136719e-01 -1.002361869812011719e+01 -1.521482765674591064e-01 9.284412860870361328e-02 6.501099467277526855e-01 7.386391758918762207e-01
-7.841762065887451172e+00 6.255773901939392090e-01 -1.002602386474609375e+01 -1.514666974544525146e-01 9.211072325706481934e-02 6.502690315246582031e-01 7.387309670448303223e-01
-7.850522518157958984e+00 6.448302865028381348e-01 -1.002910709381103516e+01 -1.508829444646835327e-01 9.148798882961273193e-02 6.503330469131469727e-01 7.388716340065002441e-01
-7.861230373382568359e+00 6.683227419853210449e-01 -1.003285408020019531e+01 -1.504974961280822754e-01 9.099982678890228271e-02 6.502434611320495605e-01 7.390892505645751953e-01
-7.873890399932861328e+00 6.960461139678955078e-01 -1.003724575042724609e+01 -1.504107415676116943e-01 9.066989272832870483e-02 6.499421596527099609e-01 7.394124269485473633e-01
-7.890601158142089844e+00 7.267773151397705078e-01 -1.004281425476074219e+01 -1.507226824760437012e-01 9.052242338657379150e-02 6.493702530860900879e-01 7.398693561553955078e-01
-7.911299228668212891e+00 7.605468630790710449e-01 -1.004952716827392578e+01 -1.515336632728576660e-01 9.058058261871337891e-02 6.484683752059936523e-01 7.404873371124267578e-01
-7.934444427490234375e+00 7.982311844825744629e-01 -1.005696105957031250e+01 -1.529433280229568481e-01 9.086841344833374023e-02 6.471760869026184082e-01 7.412923574447631836e-01
-7.960041999816894531e+00 8.398217558860778809e-01 -1.006509590148925781e+01 -1.550514250993728638e-01 9.140866249799728394e-02 6.454312205314636230e-01 7.423086762428283691e-01
-7.989903450012207031e+00 8.839147686958312988e-01 -1.007437229156494141e+01 -1.579566299915313721e-01 9.222445636987686157e-02 6.431691646575927734e-01 7.435575723648071289e-01
-8.029299736022949219e+00 9.305028915405273438e-01 -1.008623981475830078e+01 -1.617570668458938599e-01 9.333819150924682617e-02 6.403222680091857910e-01 7.450569868087768555e-01
-8.073771476745605469e+00 9.830358624458312988e-01 -1.009955501556396484e+01 -1.665116399526596069e-01 9.475917369127273560e-02 6.368437409400939941e-01 7.468096613883972168e-01
-8.126381874084472656e+00 1.038446068763732910e+00 -1.011502552032470703e+01 -1.721277087926864624e-01 9.644573926925659180e-02 6.327819228172302246e-01 7.487705349922180176e-01
-8.188242912292480469e+00 1.095639586448669434e+00 -1.013292789459228516e+01 -1.784735172986984253e-01 9.834437817335128784e-02 6.282095313072204590e-01 7.508850097656250000e-01
-8.257765769958496094e+00 1.155794620513916016e+00 -1.015283679962158203e+01 -1.854183524847030640e-01 1.004011780023574829e-01 6.232019662857055664e-01 7.530996799468994141e-01
-8.337256431579589844e+00 1.216076612472534180e+00 -1.017520618438720703e+01 -1.928318440914154053e-01 1.025627851486206055e-01 6.178364753723144531e-01 7.553640007972717285e-01
-8.425868034362792969e+00 1.276937246322631836e+00 -1.019968128204345703e+01 -2.005839645862579346e-01 1.047762334346771240e-01 6.121944785118103027e-01 7.576317787170410156e-01
-8.523549079895019531e+00 1.338356852531433105e+00 -1.022618007659912109e+01 -2.085459828376770020e-01 1.069892197847366333e-01 6.063606739044189453e-01 7.598610520362854004e-01
-8.631085395812988281e+00 1.398770689964294434e+00 -1.025441265106201172e+01 -2.165900766849517822e-01 1.091501265764236450e-01 6.004241108894348145e-01 7.620143294334411621e-01
-8.748634338378906250e+00 1.457910180091857910e+00 -1.028301811218261719e+01 -2.245898842811584473e-01 1.112081110477447510e-01 5.944778323173522949e-01 7.640604376792907715e-01
-8.870759010314941406e+00 1.522762417793273926e+00 -1.029855155944824219e+01 -2.324209064245223999e-01 1.131128072738647461e-01 5.886194705963134766e-01 7.659721374511718750e-01
-8.752829551696777344e+00 1.494622826576232910e+00 -1.023627662658691406e+01 -2.399599552154541016e-01 1.148149818181991577e-01 5.829497575759887695e-01 7.677279710769653320e-01
-8.632193565368652344e+00 1.452061772346496582e+00 -1.018687629699707031e+01 -2.470855116844177246e-01 1.162658333778381348e-01 5.775735378265380859e-01 7.693111896514892578e-01
-8.514577865600585938e+00 1.405393004417419434e+00 -1.014264297485351562e+01 -2.536769509315490723e-01 1.174178719520568848e-01 5.725980401039123535e-01 7.707090377807617188e-01
-8.400294303894042969e+00 1.355534672737121582e+00 -1.010262680053710938e+01 -2.596161663532257080e-01 1.182233169674873352e-01 5.681330561637878418e-01 7.719116210937500000e-01
-8.289581298828125000e+00 1.302739262580871582e+00 -1.006657218933105469e+01 -2.647846043109893799e-01 1.186354607343673706e-01 5.642892718315124512e-01 7.729116082191467285e-01
-8.182717323303222656e+00 1.246943354606628418e+00 -1.003454208374023438e+01 -2.690653204917907715e-01 1.186070889234542847e-01 5.611780881881713867e-01 7.737024426460266113e-01
-8.079788208007812500e+00 1.188415527343750000e+00 -1.000659561157226562e+01 -2.723410725593566895e-01 1.180914044380187988e-01 5.589102506637573242e-01 7.742764353752136230e-01
-7.980641365051269531e+00 1.127917408943176270e+00 -9.982602119445800781e+00 -2.744936943054199219e-01 1.170407459139823914e-01 5.575947165489196777e-01 7.746242880821228027e-01
-7.885413169860839844e+00 1.065451622009277344e+00 -9.963256835937500000e+00 -2.754036188125610352e-01 1.154070273041725159e-01 5.573369860649108887e-01 7.747319340705871582e-01
-7.793721675872802734e+00 1.002226591110229492e+00 -9.947989463806152344e+00 -2.749496698379516602e-01 1.131405755877494812e-01 5.582378506660461426e-01 7.745788097381591797e-01
-7.705302715301513672e+00 9.389806985855102539e-01 -9.936311721801757812e+00 -2.730485200881958008e-01 1.102099195122718811e-01 5.603572726249694824e-01 7.741433978080749512e-01
-7.620023250579833984e+00 8.760986328125000000e-01 -9.927951812744140625e+00 -2.697800993919372559e-01 1.066598296165466309e-01 5.636079311370849609e-01 7.734264135360717773e-01
-7.538018703460693359e+00 8.135241270065307617e-01 -9.923757553100585938e+00 -2.652640938758850098e-01 1.025538071990013123e-01 5.678641796112060547e-01 7.724300026893615723e-01
-7.462326049804687500e+00 7.545763850212097168e-01 -9.923140525817871094e+00 -2.596194148063659668e-01 9.795508533716201782e-02 5.729967951774597168e-01 7.711532115936279297e-01
-7.392615318298339844e+00 6.998022198677062988e-01 -9.924556732177734375e+00 -2.529647350311279297e-01 9.292703121900558472e-02 5.788763165473937988e-01 7.695944905281066895e-01
-7.329069614410400391e+00 6.491235494613647461e-01 -9.929205894470214844e+00 -2.454196959733963013e-01 8.753366023302078247e-02 5.853733420372009277e-01 7.677533030509948730e-01
-7.271315097808837891e+00 6.030554175376892090e-01 -9.935062408447265625e+00 -2.371056526899337769e-01 8.183922618627548218e-02 5.923600196838378906e-01 7.656323313713073730e-01
-7.219428539276123047e+00 5.615612864494323730e-01 -9.942553520202636719e+00 -2.281455993652343750e-01 7.590930163860321045e-02 5.997117161750793457e-01 7.632386684417724609e-01
-7.173071861267089844e+00 5.249145627021789551e-01 -9.949992179870605469e+00 -2.186649441719055176e-01 6.981028616428375244e-02 6.073076128959655762e-01 7.605851292610168457e-01
-7.132211208343505859e+00 4.933178722858428955e-01 -9.958243370056152344e+00 -2.087918221950531006e-01 6.360916793346405029e-02 6.150314211845397949e-01 7.576912641525268555e-01
-7.096946716308593750e+00 4.663317799568176270e-01 -9.965536117553710938e+00 -1.986563801765441895e-01 5.737424641847610474e-02 6.227731108665466309e-01 7.545843124389648438e-01
-7.067176342010498047e+00 4.441418349742889404e-01 -9.972111701965332031e+00 -1.883913874626159668e-01 5.117444694042205811e-02 6.304281949996948242e-01 7.512989640235900879e-01
-7.042770862579345703e+00 4.269775152206420898e-01 -9.978271484375000000e+00 -1.781315207481384277e-01 4.507932811975479126e-02 6.378989815711975098e-01 7.478782534599304199e-01
-7.024068832397460938e+00 4.142138659954071045e-01 -9.983220100402832031e+00 -1.680134832859039307e-01 3.915932774543762207e-02 6.450944542884826660e-01 7.443730831146240234e-01
-7.011072158813476562e+00 4.058300554752349854e-01 -9.986945152282714844e+00 -1.581754684448242188e-01 3.348486125469207764e-02 6.519303321838378906e-01 7.408415079116821289e-01
-7.003786087036132812e+00 4.018041789531707764e-01 -9.989428520202636719e+00 -1.487570852041244507e-01 2.812633290886878967e-02 6.583286523818969727e-01 7.373490333557128906e-01
-7.002208232879638672e+00 4.021105766296386719e-01 -9.990663528442382812e+00 -1.398983895778656006e-01 2.315491065382957458e-02 6.642175912857055664e-01 7.339668273925781250e-01
-7.000495433807373047e+00 4.021874964237213135e-01 -9.991845130920410156e+00 -1.317398250102996826e-01 1.864134147763252258e-02 6.695299148559570312e-01 7.307713627815246582e-01
-6.998646736145019531e+00 4.020092785358428955e-01 -9.992964744567871094e+00 -1.244225054979324341e-01 1.465608552098274231e-02 6.742027401924133301e-01 7.278426289558410645e-01
-6.996658802032470703e+00 4.015515148639678955e-01 -9.994010925292968750e+00 -1.180868223309516907e-01 1.126957312226295471e-02 6.781757473945617676e-01 7.252628803253173828e-01
-6.994528770446777344e+00 4.007922410964965820e-01 -9.994979858398437500e+00 -1.128423511981964111e-01 8.535128086805343628e-03 6.814093589782714844e-01 7.231010198593139648e-01
-6.992250919342041016e+00 3.997314274311065674e-01 -9.995880126953125000e+00 -1.086751520633697510e-01 6.438434123992919922e-03 6.839421987533569336e-01 7.213675975799560547e-01
-6.989818572998046875e+00 3.983764648437500000e-01 -9.996717453002929688e+00 -1.055389940738677979e-01 4.948500543832778931e-03 6.858276128768920898e-01 7.200539112091064453e-01
-6.987230777740478516e+00 3.967334032058715820e-01 -9.997498512268066406e+00 -1.033875346183776855e-01 4.033606499433517456e-03 6.871133446693420410e-01 7.191453576087951660e-01
-6.984480857849121094e+00 3.948120176792144775e-01 -9.998228073120117188e+00 -1.021727919578552246e-01 3.662709146738052368e-03 6.878435611724853516e-01 7.186226248741149902e-01
-6.981570243835449219e+00 3.926208317279815674e-01 -9.998914718627929688e+00 -1.018464416265487671e-01 3.804039210081100464e-03 6.880583167076110840e-01 7.184626460075378418e-01
-6.978496074676513672e+00 3.901684582233428955e-01 -9.999560356140136719e+00 -1.023600250482559204e-01 4.426099359989166260e-03 6.877942681312561035e-01 7.186389565467834473e-01
-6.974473953247070312e+00 3.868566751480102539e-01 -1.000033187866210938e+01 -1.036642342805862427e-01 5.497679114341735840e-03 6.870856881141662598e-01 7.191222310066223145e-01
-6.969502925872802734e+00 3.826989531517028809e-01 -1.000123405456542969e+01 -1.057098209857940674e-01 6.986860185861587524e-03 6.859648823738098145e-01 7.198810577392578125e-01
-6.963584423065185547e+00 3.777014017105102539e-01 -1.000226688385009766e+01 -1.084469407796859741e-01 8.862372487783432007e-03 6.844624876976013184e-01 7.208825945854187012e-01
-6.956615924835205078e+00 3.720361292362213135e-01 -1.000350761413574219e+01 -1.118259057402610779e-01 1.109243929386138916e-02 6.826081275939941406e-01 7.220927476882934570e-01
-6.948594093322753906e+00 3.657214343547821045e-01 -1.000496578216552734e+01 -1.157965287566184998e-01 1.364554092288017273e-02 6.804310083389282227e-01 7.234766483306884766e-01
-6.939599990844726562e+00 3.586413562297821045e-01 -1.000658035278320312e+01 -1.203086674213409424e-01 1.648979261517524719e-02 6.779599189758300781e-01 7.249994874000549316e-01
-6.929633140563964844e+00 3.508080840110778809e-01 -1.000835800170898438e+01 -1.253120005130767822e-01 1.959389820694923401e-02 6.752240657806396484e-01 7.266260385513305664e-01
-6.918694972991943359e+00 3.422338664531707764e-01 -1.001029872894287109e+01 -1.307562291622161865e-01 2.292564138770103455e-02 6.722531318664550781e-01 7.283220291137695312e-01
-6.906784534454345703e+00 3.329296708106994629e-01 -1.001240444183349609e+01 -1.365914046764373779e-01 2.645316347479820251e-02 6.690773367881774902e-01 7.300537228584289551e-01
-6.893901348114013672e+00 3.229064941406250000e-01 -1.001468372344970703e+01 -1.427671909332275391e-01 3.014473617076873779e-02 6.657285094261169434e-01 7.317885756492614746e-01
-6.880046367645263672e+00 3.121740520000457764e-01 -1.001713752746582031e+01 -1.492331624031066895e-01 3.396838903427124023e-02 6.622390151023864746e-01 7.334951162338256836e-01
-6.865216732025146484e+00 3.007458448410034180e-01 -1.001976871490478516e+01 -1.559399664402008057e-01 3.789206594228744507e-02 6.586431860923767090e-01 7.351434826850891113e-01
-6.849410057067871094e+00 2.886315882205963135e-01 -1.002258682250976562e+01 -1.628375351428985596e-01 4.188417643308639526e-02 6.549767851829528809e-01 7.367055416107177734e-01
-6.832193851470947266e+00 2.764941453933715820e-01 -1.002564525604248047e+01 -1.698789894580841064e-01 4.591546952724456787e-02 6.512714028358459473e-01 7.381587624549865723e-01
-6.813815116882324219e+00 2.639623880386352539e-01 -1.002891826629638672e+01 -1.770259290933609009e-01 4.996899515390396118e-02 6.475380063056945801e-01 7.394993901252746582e-01
-6.794423580169677734e+00 2.508056461811065674e-01 -1.003239631652832031e+01 -1.842427849769592285e-01 5.403038114309310913e-02 6.437829732894897461e-01 7.407286763191223145e-01
-6.774018287658691406e+00 2.370239198207855225e-01 -1.003608131408691406e+01 -1.914937347173690796e-01 5.808593332767486572e-02 6.400132775306701660e-01 7.418484687805175781e-01
-6.752597332000732422e+00 2.226171791553497314e-01 -1.003997802734375000e+01 -1.987433433532714844e-01 6.212143599987030029e-02 6.362370252609252930e-01 7.428623437881469727e-01
-6.730159759521484375e+00 2.075842171907424927e-01 -1.004409122467041016e+01 -2.059568911790847778e-01 6.612276285886764526e-02 6.324632167816162109e-01 7.437739968299865723e-01
-6.706122875213623047e+00 1.928454488515853882e-01 -1.004828262329101562e+01 -2.130991220474243164e-01 7.007655501365661621e-02 6.287015080451965332e-01 7.445889115333557129e-01
-6.680703639984130859e+00 1.780493110418319702e-01 -1.005260848999023438e+01 -2.201358973979949951e-01 7.396852225065231323e-02 6.249619722366333008e-01 7.453129291534423828e-01
-6.654225349426269531e+00 1.626855432987213135e-01 -1.005715656280517578e+01 -2.270325124263763428e-01 7.778552919626235962e-02 6.212562322616577148e-01 7.459533810615539551e-01
-6.626686096191406250e+00 1.467504799365997314e-01 -1.006193351745605469e+01 -2.337557077407836914e-01 8.151359856128692627e-02 6.175961494445800781e-01 7.465177178382873535e-01
-6.598085403442382812e+00 1.302441358566284180e-01 -1.006693935394287109e+01 -2.402715682983398438e-01 8.513985574245452881e-02 6.139943003654479980e-01 7.470152974128723145e-01
-6.567673206329345703e+00 1.144567877054214478e-01 -1.007177448272705078e+01 -2.465468347072601318e-01 8.865066617727279663e-02 6.104641556739807129e-01 7.474551200866699219e-01
-6.535771369934082031e+00 9.883056581020355225e-02 -1.007661437988281250e+01 -2.525489926338195801e-01 9.203303605318069458e-02 6.070191860198974609e-01 7.478479146957397461e-01
-6.502759933471679688e+00 8.269531279802322388e-02 -1.008168029785156250e+01 -2.582450807094573975e-01 9.527398645877838135e-02 6.036741137504577637e-01 7.482044696807861328e-01
-6.468641757965087891e+00 6.604614108800888062e-02 -1.008697319030761719e+01 -2.636030614376068115e-01 9.836052358150482178e-02 6.004433035850524902e-01 7.485361099243164062e-01
-6.433149337768554688e+00 4.940429702401161194e-02 -1.009227752685546875e+01 -2.685907483100891113e-01 1.012800410389900208e-01 5.973420143127441406e-01 7.488549947738647461e-01
-6.395563125610351562e+00 3.419921919703483582e-02 -1.009697818756103516e+01 -2.731764614582061768e-01 1.040196642279624939e-01 5.943852663040161133e-01 7.491733431816101074e-01
-6.356825828552246094e+00 1.854736357927322388e-02 -1.010188961029052734e+01 -2.773283123970031738e-01 1.065670996904373169e-01 5.915884971618652344e-01 7.495034933090209961e-01
-6.314324378967285156e+00 1.409912132658064365e-03 -1.010737800598144531e+01 -2.810152173042297363e-01 1.089093610644340515e-01 5.889672040939331055e-01 7.498579025268554688e-01
-6.267761707305908203e+00 -1.650634780526161194e-02 -1.011308574676513672e+01 -2.842051386833190918e-01 1.110342070460319519e-01 5.865364670753479004e-01 7.502491474151611328e-01
-6.216296672821044922e+00 -3.374023362994194031e-02 -1.011833381652832031e+01 -2.838419079780578613e-01 1.119594573974609375e-01 5.840893387794494629e-01 7.521559000015258789e-01
-6.160971164703369141e+00 -5.213622748851776123e-02 -1.012397193908691406e+01 -2.835083603858947754e-01 1.128012835979461670e-01 5.818543434143066406e-01 7.538861632347106934e-01
-6.101782798767089844e+00 -7.170043885707855225e-02 -1.013000297546386719e+01 -2.832020521163940430e-01 1.135683134198188782e-01 5.798118114471435547e-01 7.554582357406616211e-01
-6.037721633911132812e+00 -8.942870795726776123e-02 -1.013490200042724609e+01 -2.829199433326721191e-01 1.142692863941192627e-01 5.779392123222351074e-01 7.568917274475097656e-01
-5.969664096832275391e+00 -1.079418957233428955e-01 -1.013999366760253906e+01 -2.826587557792663574e-01 1.149138286709785461e-01 5.762125253677368164e-01 7.582070827484130859e-01
-5.891916275024414062e+00 -1.285839825868606567e-01 -1.014561653137207031e+01 -2.824149131774902344e-01 1.155116185545921326e-01 5.746068358421325684e-01 7.594246864318847656e-01
-5.803747653961181641e+00 -1.487182527780532837e-01 -1.015044498443603516e+01 -2.821846604347229004e-01 1.160731315612792969e-01 5.730953812599182129e-01 7.605658769607543945e-01
-5.705887317657470703e+00 -1.709912121295928955e-01 -1.015580463409423828e+01 -2.819638252258300781e-01 1.166085526347160339e-01 5.716506838798522949e-01 7.616523504257202148e-01
-5.597710609436035156e+00 -1.927026361227035522e-01 -1.016033744812011719e+01 -2.817481756210327148e-01 1.171286031603813171e-01 5.702443718910217285e-01 7.627058029174804688e-01
-5.479682922363281250e+00 -2.158703505992889404e-01 -1.016505241394042969e+01 -2.815333902835845947e-01 1.176439747214317322e-01 5.688477158546447754e-01 7.637479901313781738e-01
-5.351399898529052734e+00 -2.383776754140853882e-01 -1.016888809204101562e+01 -2.813148796558380127e-01 1.181655377149581909e-01 5.674313306808471680e-01 7.648009061813354492e-01
-5.213081359863281250e+00 -2.609887719154357910e-01 -1.017273521423339844e+01 -2.810880243778228760e-01 1.187041252851486206e-01 5.659654736518859863e-01 7.658863067626953125e-01
-5.072578430175781250e+00 -2.781518399715423584e-01 -1.017590713500976562e+01 -2.808482050895690918e-01 1.192704439163208008e-01 5.644206404685974121e-01 7.670254707336425781e-01
-4.930480957031250000e+00 -2.927905321121215820e-01 -1.017901325225830078e+01 -2.805905938148498535e-01 1.198752894997596741e-01 5.627666711807250977e-01 7.682399153709411621e-01
-4.786517143249511719e+00 -3.018347024917602539e-01 -1.018195152282714844e+01 -2.803102731704711914e-01 1.205292791128158569e-01 5.609736442565917969e-01 7.695500850677490234e-01
-4.641179561614990234e+00 -3.103808462619781494e-01 -1.018492984771728516e+01 -2.800023555755615234e-01 1.212428808212280273e-01 5.590116977691650391e-01 7.709764838218688965e-01
-4.494262695312500000e+00 -3.118859827518463135e-01 -1.018804168701171875e+01 -2.796617150306701660e-01 1.220264807343482971e-01 5.568505525588989258e-01 7.725388407707214355e-01
-4.345995426177978516e+00 -3.134643435478210449e-01 -1.019118309020996094e+01 -2.792832255363464355e-01 1.228902637958526611e-01 5.544601082801818848e-01 7.742561697959899902e-01
-4.196417331695556641e+00 -3.130725026130676270e-01 -1.019445514678955078e+01 -2.788614928722381592e-01 1.238443255424499512e-01 5.518099665641784668e-01 7.761471867561340332e-01
-4.049043655395507812e+00 -3.085900843143463135e-01 -1.019789123535156250e+01 -2.783909142017364502e-01 1.248985752463340759e-01 5.488692522048950195e-01 7.782295942306518555e-01
-3.903836250305175781e+00 -3.044225871562957764e-01 -1.020131778717041016e+01 -2.769176065921783447e-01 1.252594143152236938e-01 5.455538034439086914e-01 7.810235619544982910e-01
-3.760771751403808594e+00 -3.003894090652465820e-01 -1.020467281341552734e+01 -2.755157351493835449e-01 1.256750524044036865e-01 5.419643521308898926e-01 7.839461565017700195e-01
-3.619948863983154297e+00 -2.943420410156250000e-01 -1.020803451538085938e+01 -2.741821408271789551e-01 1.261417567729949951e-01 5.381355285644531250e-01 7.869704961776733398e-01
-3.481293916702270508e+00 -2.877990603446960449e-01 -1.021135234832763672e+01 -2.729141712188720703e-01 1.266560554504394531e-01 5.341025590896606445e-01 7.900699377059936523e-01
-3.344772577285766602e+00 -2.814013659954071045e-01 -1.021460342407226562e+01 -2.717085182666778564e-01 1.272147446870803833e-01 5.299009680747985840e-01 7.932186126708984375e-01
-3.210382938385009766e+00 -2.751379311084747314e-01 -1.021779251098632812e+01 -2.705630660057067871e-01 1.278144121170043945e-01 5.255665779113769531e-01 7.963911294937133789e-01
-3.078151702880859375e+00 -2.684887647628784180e-01 -1.022092056274414062e+01 -2.694753408432006836e-01 1.284520030021667480e-01 5.211357474327087402e-01 7.995626926422119141e-01
-2.948082447052001953e+00 -2.613329887390136719e-01 -1.022398281097412109e+01 -2.684431374073028564e-01 1.291244924068450928e-01 5.166453719139099121e-01 8.027095794677734375e-01
-2.820131778717041016e+00 -2.543017566204071045e-01 -1.022699356079101562e+01 -2.674646377563476562e-01 1.298289000988006592e-01 5.121327638626098633e-01 8.058083653450012207e-01
-2.694295883178710938e+00 -2.473864704370498657e-01 -1.022994995117187500e+01 -2.665386497974395752e-01 1.305622458457946777e-01 5.076360106468200684e-01 8.088364601135253906e-01
-2.570568799972534180e+00 -2.405749410390853882e-01 -1.023285579681396484e+01 -2.656632959842681885e-01 1.313221454620361328e-01 5.031930804252624512e-01 8.117723464965820312e-01
-2.448947906494140625e+00 -2.337939441204071045e-01 -1.023567581176757812e+01 -2.648375928401947021e-01 1.321058273315429688e-01 4.988429248332977295e-01 8.145949244499206543e-01
-2.329428672790527344e+00 -2.270312458276748657e-01 -1.023840427398681641e+01 -2.640611529350280762e-01 1.329108327627182007e-01 4.946246445178985596e-01 8.172837495803833008e-01
-2.212001085281372070e+00 -2.203552126884460449e-01 -1.024110221862792969e+01 -2.632961869239807129e-01 1.337567865848541260e-01 4.905718266963958740e-01 8.198313117027282715e-01
-2.096656799316406250e+00 -2.137646377086639404e-01 -1.024377822875976562e+01 -2.625114321708679199e-01 1.346589475870132446e-01 4.867191910743713379e-01 8.222280740737915039e-01
-1.983391046524047852e+00 -2.072326540946960449e-01 -1.024640750885009766e+01 -2.618066370487213135e-01 1.355555653572082520e-01 4.831230640411376953e-01 8.244234323501586914e-01
-1.872196555137634277e+00 -2.007604986429214478e-01 -1.024899005889892578e+01 -2.611901760101318359e-01 1.364400386810302734e-01 4.798252880573272705e-01 8.263965845108032227e-01
-1.763021469116210938e+00 -1.949816793203353882e-01 -1.025137138366699219e+01 -2.606707215309143066e-01 1.373061239719390869e-01 4.768677353858947754e-01 8.281273245811462402e-01
-1.655904531478881836e+00 -1.892199665307998657e-01 -1.025371360778808594e+01 -2.602570652961730957e-01 1.381473243236541748e-01 4.742925167083740234e-01 8.295952081680297852e-01
-1.550838708877563477e+00 -1.834655702114105225e-01 -1.025601196289062500e+01 -2.599582672119140625e-01 1.389569938182830811e-01 4.721415638923645020e-01 8.307797312736511230e-01
-1.447816848754882812e+00 -1.777502447366714478e-01 -1.025832462310791016e+01 -2.595570087432861328e-01 1.398551166057586670e-01 4.704103767871856689e-01 8.317360281944274902e-01
-1.346839427947998047e+00 -1.720532178878784180e-01 -1.026062011718750000e+01 -2.591819167137145996e-01 1.407597661018371582e-01 4.691174924373626709e-01 8.324303030967712402e-01
-1.247895836830139160e+00 -1.665820330381393433e-01 -1.026284980773925781e+01 -2.588118016719818115e-01 1.416727304458618164e-01 4.682472944259643555e-01 8.328803777694702148e-01
-1.150961756706237793e+00 -1.617724597454071045e-01 -1.026491928100585938e+01 -2.584255039691925049e-01 1.425958722829818726e-01 4.677843153476715088e-01 8.331030011177062988e-01
-1.056078195571899414e+00 -1.569848656654357910e-01 -1.026698207855224609e+01 -2.580013871192932129e-01 1.435312181711196899e-01 4.677121043205261230e-01 8.331143260002136230e-01
-9.528730511665344238e-01 -1.516931056976318359e-01 -1.026924800872802734e+01 -2.575179934501647949e-01 1.444801390171051025e-01 4.680144488811492920e-01 8.329299688339233398e-01
-8.413488864898681641e-01 -1.459033191204071045e-01 -1.027171993255615234e+01 -2.569537758827209473e-01 1.454442739486694336e-01 4.686746001243591309e-01 8.325651288032531738e-01
-7.215084433555603027e-01 -1.396227926015853882e-01 -1.027440166473388672e+01 -2.562861740589141846e-01 1.464253067970275879e-01 4.696753621101379395e-01 8.320348858833312988e-01
-5.932876467704772949e-01 -1.342138648033142090e-01 -1.027696990966796875e+01 -2.554937303066253662e-01 1.474243998527526855e-01 4.709998071193695068e-01 8.313531875610351562e-01
-4.567423760890960693e-01 -1.286083906888961792e-01 -1.027968883514404297e+01 -2.545541524887084961e-01 1.484430730342864990e-01 4.726304411888122559e-01 8.305343985557556152e-01
-3.118853569030761719e-01 -1.226293891668319702e-01 -1.028260135650634766e+01 -2.534455060958862305e-01 1.494826376438140869e-01 4.745498001575469971e-01 8.295918703079223633e-01
-1.681738197803497314e-01 -1.169946268200874329e-01 -1.028547096252441406e+01 -2.521450519561767578e-01 1.505443602800369263e-01 4.767400920391082764e-01 8.285397887229919434e-01
-2.555114775896072388e-02 -1.134692355990409851e-01 -1.028788185119628906e+01 -2.506306171417236328e-01 1.516295969486236572e-01 4.791836142539978027e-01 8.273910284042358398e-01
1.159069761633872986e-01 -1.099389642477035522e-01 -1.029034233093261719e+01 -2.488799393177032471e-01 1.527392864227294922e-01 4.818623065948486328e-01 8.261587619781494141e-01
2.561967372894287109e-01 -1.064074710011482239e-01 -1.029285907745361328e+01 -2.468706667423248291e-01 1.538746953010559082e-01 4.847580790519714355e-01 8.248558044433593750e-01
3.953499794006347656e-01 -1.059338375926017761e-01 -1.029469871520996094e+01 -2.445800900459289551e-01 1.550370454788208008e-01 4.878526628017425537e-01 8.234949707984924316e-01
5.333328247070312500e-01 -1.059204041957855225e-01 -1.029649066925048828e+01 -2.419856488704681396e-01 1.562272906303405762e-01 4.911275804042816162e-01 8.220885992050170898e-01
6.701359152793884277e-01 -1.058935523033142090e-01 -1.029835510253906250e+01 -2.390648722648620605e-01 1.574464738368988037e-01 4.945643544197082520e-01 8.206489682197570801e-01
8.056816458702087402e-01 -1.098925769329071045e-01 -1.029932117462158203e+01 -2.357953488826751709e-01 1.586954295635223389e-01 4.981440901756286621e-01 8.191878795623779297e-01
9.400379061698913574e-01 -1.140051260590553284e-01 -1.030033779144287109e+01 -2.321539223194122314e-01 1.599751412868499756e-01 5.018478631973266602e-01 8.177170753479003906e-01
1.073077559471130371e+00 -1.203466802835464478e-01 -1.030089187622070312e+01 -2.281330525875091553e-01 1.612848043441772461e-01 5.056540369987487793e-01 8.162453770637512207e-01
1.204762220382690430e+00 -1.295141577720642090e-01 -1.030083084106445312e+01 -2.237826883792877197e-01 1.626180112361907959e-01 5.095316171646118164e-01 8.147724270820617676e-01
1.335047006607055664e+00 -1.405383199453353882e-01 -1.030037117004394531e+01 -2.191689312458038330e-01 1.639664322137832642e-01 5.134482979774475098e-01 8.132962584495544434e-01
1.463645577430725098e+00 -1.561376899480819702e-01 -1.029883766174316406e+01 -2.143573462963104248e-01 1.653224825859069824e-01 5.173718929290771484e-01 8.118162751197814941e-01
1.590244054794311523e+00 -1.762890517711639404e-01 -1.029622077941894531e+01 -2.094140052795410156e-01 1.666787564754486084e-01 5.212713479995727539e-01 8.103332519531250000e-01
1.714517116546630859e+00 -2.020312398672103882e-01 -1.029225063323974609e+01 -2.044060230255126953e-01 1.680279076099395752e-01 5.251166820526123047e-01 8.088493347167968750e-01
1.833990693092346191e+00 -2.402819842100143433e-01 -1.028522777557373047e+01 -1.994000822305679321e-01 1.693629622459411621e-01 5.288784503936767578e-01 8.073682188987731934e-01
1.934600234031677246e+00 -3.085949718952178955e-01 -1.027081108093261719e+01 -1.944636404514312744e-01 1.706774830818176270e-01 5.325285792350769043e-01 8.058947324752807617e-01
1.926477909088134766e+00 -4.139587283134460449e-01 -1.024653434753417969e+01 -1.896646171808242798e-01 1.719650924205780029e-01 5.360394716262817383e-01 8.044358491897583008e-01
1.831682085990905762e+00 -4.857665896415710449e-01 -1.022910499572753906e+01 -1.850708723068237305e-01 1.732197254896163940e-01 5.393850207328796387e-01 8.029990792274475098e-01
1.724068284034729004e+00 -5.373791456222534180e-01 -1.021594810485839844e+01 -1.807504743337631226e-01 1.744358092546463013e-01 5.425393581390380859e-01 8.015936613082885742e-01
1.613451480865478516e+00 -5.798534750938415527e-01 -1.020456314086914062e+01 -1.767722815275192261e-01 1.756075173616409302e-01 5.454779267311096191e-01 8.002296090126037598e-01
1.501681804656982422e+00 -6.160827279090881348e-01 -1.019425678253173828e+01 -1.732043027877807617e-01 1.767299175262451172e-01 5.481762290000915527e-01 7.989177703857421875e-01
1.389563560485839844e+00 -6.473864316940307617e-01 -1.018465423583984375e+01 -1.701156497001647949e-01 1.777974814176559448e-01 5.506103038787841797e-01 7.976697087287902832e-01
1.277889370918273926e+00 -6.759875416755676270e-01 -1.017533016204833984e+01 -1.675744056701660156e-01 1.788053065538406372e-01 5.527568459510803223e-01 7.964969277381896973e-01
1.166720986366271973e+00 -7.020104527473449707e-01 -1.016623973846435547e+01 -1.656495183706283569e-01 1.797480732202529907e-01 5.545917749404907227e-01 7.954110503196716309e-01
1.056016325950622559e+00 -7.248559594154357910e-01 -1.015732192993164062e+01 -1.644089967012405396e-01 1.806208640336990356e-01 5.560912489891052246e-01 7.944232225418090820e-01
9.462562203407287598e-01 -7.465929985046386719e-01 -1.014838504791259766e+01 -1.639215052127838135e-01 1.814178824424743652e-01 5.572310090065002441e-01 7.935432791709899902e-01
8.371800184249877930e-01 -7.658092975616455078e-01 -1.013949108123779297e+01 -1.642548441886901855e-01 1.821337193250656128e-01 5.579850673675537109e-01 7.927801609039306641e-01
