1.160267543792724609e+01 1.956590270996093750e+01 -2.138466119766235352e+00 -0.000000000000000000e+00 -0.000000000000000000e+00 9.587014466524124146e-02 9.953938722610473633e-01
1.156127548217773438e+01 1.968000221252441406e+01 -2.036776781082153320e+00 -8.970987983047962189e-03 -4.326059017330408096e-03 9.030599147081375122e-02 9.958642125129699707e-01
1.151786518096923828e+01 1.980782699584960938e+01 -1.939086318016052246e+00 -1.840017549693584442e-02 -8.764656260609626770e-03 8.440058678388595581e-02 9.962234497070312500e-01
1.147249889373779297e+01 1.994249916076660156e+01 -1.838294029235839844e+00 -2.820517495274543762e-02 -1.329560484737157822e-02 7.821124047040939331e-02 9.964489936828613281e-01
1.142517280578613281e+01 2.008361816406250000e+01 -1.733884215354919434e+00 -3.830244764685630798e-02 -1.789750531315803528e-02 7.179585844278335571e-02 9.965229034423828125e-01
1.137437248229980469e+01 2.023051643371582031e+01 -1.625657916069030762e+00 -4.860946908593177795e-02 -2.255009301006793976e-02 6.521288305521011353e-02 9.964315891265869141e-01
1.131929397583007812e+01 2.038288497924804688e+01 -1.513610839843750000e+00 -5.904275178909301758e-02 -2.723189443349838257e-02 5.852126702666282654e-02 9.961664080619812012e-01
1.125924873352050781e+01 2.054044914245605469e+01 -1.397813081741333008e+00 -6.951964646577835083e-02 -3.192230686545372009e-02 5.178035795688629150e-02 9.957242608070373535e-01
1.119331741333007812e+01 2.070288848876953125e+01 -1.278391718864440918e+00 -7.995732873678207397e-02 -3.660044446587562561e-02 4.504986107349395752e-02 9.951069355010986328e-01
1.111925506591796875e+01 2.086938667297363281e+01 -1.155694603919982910e+00 -9.027349203824996948e-02 -4.124586656689643860e-02 3.838970884680747986e-02 9.943217039108276367e-01
1.103387641906738281e+01 2.103858184814453125e+01 -1.030345439910888672e+00 -1.003864333033561707e-01 -4.583808407187461853e-02 3.185999393463134766e-02 9.933812618255615234e-01
1.093381690979003906e+01 2.120862770080566406e+01 -9.032592773437500000e-01 -1.102147698402404785e-01 -5.035680904984474182e-02 2.552088350057601929e-02 9.923031926155090332e-01
1.081103515625000000e+01 2.137469673156738281e+01 -7.769567966461181641e-01 -1.196782439947128296e-01 -5.478264391422271729e-02 1.943244412541389465e-02 9.911096096038818359e-01
1.064274120330810547e+01 2.151766586303710938e+01 -6.628375053405761719e-01 -1.286973655223846436e-01 -5.909556522965431213e-02 1.365471631288528442e-02 9.898273944854736328e-01
1.042000198364257812e+01 2.161278724670410156e+01 -5.828021168708801270e-01 -1.371930986642837524e-01 -6.327653676271438599e-02 8.247514255344867706e-03 9.884868860244750977e-01
1.015900325775146484e+01 2.163947868347167969e+01 -5.642272830009460449e-01 -1.450880020856857300e-01 -6.730668991804122925e-02 3.270418383181095123e-03 9.871213436126708984e-01
9.890796661376953125e+00 2.162617111206054688e+01 -5.980578660964965820e-01 -1.523042172193527222e-01 -7.116746902465820312e-02 -1.217165961861610413e-03 9.857673645019531250e-01
9.620933532714843750e+00 2.160765075683593750e+01 -6.623168587684631348e-01 -1.587657183408737183e-01 -7.484047114849090576e-02 -5.156134720891714096e-03 9.844622015953063965e-01
9.347906112670898438e+00 2.159886360168457031e+01 -7.451110482215881348e-01 -1.643960475921630859e-01 -7.830811291933059692e-02 -8.487625047564506531e-03 9.832445979118347168e-01
9.070875167846679688e+00 2.160011672973632812e+01 -8.399322032928466797e-01 -1.691193878650665283e-01 -8.155202120542526245e-02 -1.115281693637371063e-02 9.821525216102600098e-01
8.788440704345703125e+00 2.161014366149902344e+01 -9.411455988883972168e-01 -1.728601157665252686e-01 -8.455501496791839600e-02 -1.309320051223039627e-02 9.812228679656982422e-01
8.510818481445312500e+00 2.163082504272460938e+01 -1.039811968803405762e+00 -1.728495061397552490e-01 -8.733633160591125488e-02 -1.402983814477920532e-02 9.809681773185729980e-01
8.235333442687988281e+00 2.166817283630371094e+01 -1.123118281364440918e+00 -1.727946251630783081e-01 -8.981886506080627441e-02 -1.432712376117706299e-02 9.807493090629577637e-01
7.970002174377441406e+00 2.176325798034667969e+01 -1.145944237709045410e+00 -1.726995110511779785e-01 -9.197007864713668823e-02 -1.405954733490943909e-02 9.805706143379211426e-01
7.762448787689208984e+00 2.193747711181640625e+01 -1.079457998275756836e+00 -1.725696474313735962e-01 -9.376193583011627197e-02 -1.329985912889242172e-02 9.804343581199645996e-01
7.593650817871093750e+00 2.213343620300292969e+01 -9.844787120819091797e-01 -1.724119037389755249e-01 -9.516842663288116455e-02 -1.211859472095966339e-02 9.803419709205627441e-01
7.431344509124755859e+00 2.232763099670410156e+01 -8.884564042091369629e-01 -1.722340732812881470e-01 -9.616539627313613892e-02 -1.058399863541126251e-02 9.802936315536499023e-01
7.252648353576660156e+00 2.250499153137207031e+01 -8.042467832565307617e-01 -1.714313626289367676e-01 -9.673623740673065186e-02 -8.701499551534652710e-03 9.803967475891113281e-01
7.058713436126708984e+00 2.266324615478515625e+01 -7.336950302124023438e-01 -1.676568537950515747e-01 -9.687020629644393921e-02 -6.301539950072765350e-03 9.810544252395629883e-01
6.856678485870361328e+00 2.280708503723144531e+01 -6.728259325027465820e-01 -1.630843430757522583e-01 -9.651463478803634644e-02 -3.662372007966041565e-03 9.818732738494873047e-01
6.645135402679443359e+00 2.293247413635253906e+01 -6.242352128028869629e-01 -1.577441990375518799e-01 -9.563914686441421509e-02 -8.518295362591743469e-04 9.828373193740844727e-01
6.433513641357421875e+00 2.304920768737792969e+01 -5.809832811355590820e-01 -1.516674011945724487e-01 -9.421404451131820679e-02 2.061992883682250977e-03 9.839290976524353027e-01
6.219019412994384766e+00 2.315317726135253906e+01 -5.458557009696960449e-01 -1.448844224214553833e-01 -9.220922738313674927e-02 5.011078901588916779e-03 9.851298928260803223e-01
6.008460521697998047e+00 2.325439071655273438e+01 -5.120666623115539551e-01 -1.374255716800689697e-01 -8.959491550922393799e-02 7.927343249320983887e-03 9.864198565483093262e-01
5.795034885406494141e+00 2.334029769897460938e+01 -4.879363775253295898e-01 -1.293219625949859619e-01 -8.634146302938461304e-02 1.074260473251342773e-02 9.877781867980957031e-01
5.586012363433837891e+00 2.342442131042480469e+01 -4.645098745822906494e-01 -1.206040158867835999e-01 -8.241859078407287598e-02 1.338883861899375916e-02 9.891827702522277832e-01
5.381361007690429688e+00 2.350674057006835938e+01 -4.417986869812011719e-01 -1.113029345870018005e-01 -7.779708504676818848e-02 1.579786092042922974e-02 9.906107187271118164e-01
5.176241874694824219e+00 2.357627296447753906e+01 -4.269573986530303955e-01 -1.014501079916954041e-01 -7.244760543107986450e-02 1.790161058306694031e-02 9.920375943183898926e-01
4.975560665130615234e+00 2.364428710937500000e+01 -4.126470983028411865e-01 -9.107646346092224121e-02 -6.634064018726348877e-02 1.963219977915287018e-02 9.934377670288085938e-01
4.779293060302734375e+00 2.371079063415527344e+01 -3.988623023033142090e-01 -8.021385222673416138e-02 -5.944770202040672302e-02 2.092178538441658020e-02 9.947833418846130371e-01
4.587413311004638672e+00 2.377579116821289062e+01 -3.855950832366943359e-01 -6.889366358518600464e-02 -5.174032971262931824e-02 2.170282229781150818e-02 9.960449337959289551e-01
4.396968841552734375e+00 2.383113670349121094e+01 -3.780749440193176270e-01 -5.715451762080192566e-02 -4.321193322539329529e-02 2.194069512188434601e-02 9.971883296966552734e-01
4.210879325866699219e+00 2.388492774963378906e+01 -3.710846006870269775e-01 -4.505999386310577393e-02 -3.394059091806411743e-02 2.173187956213951111e-02 9.981709718704223633e-01
4.029263496398925781e+00 2.393744659423828125e+01 -3.644256591796875000e-01 -3.268130868673324585e-02 -2.402680367231369019e-02 2.120571210980415344e-02 9.989519119262695312e-01
3.852145195007324219e+00 2.398870086669921875e+01 -3.580749332904815674e-01 -2.009066380560398102e-02 -1.357116829603910446e-02 2.049182727932929993e-02 9.994959831237792969e-01
3.679550170898437500e+00 2.403869819641113281e+01 -3.520098924636840820e-01 -7.360362913459539413e-03 -2.676006639376282692e-03 1.971992664039134979e-02 9.997748136520385742e-01
3.510836601257324219e+00 2.408525276184082031e+01 -3.476452529430389404e-01 5.436342209577560425e-03 8.556623011827468872e-03 1.901977509260177612e-02 9.997677206993103027e-01
3.346038818359375000e+00 2.412838172912597656e+01 -3.449523746967315674e-01 1.822564005851745605e-02 2.002375200390815735e-02 1.852101646363735199e-02 9.994617700576782227e-01
3.185889244079589844e+00 2.417037773132324219e+01 -3.424035608768463135e-01 3.093387000262737274e-02 3.162254765629768372e-02 1.835304684937000275e-02 9.988524913787841797e-01
3.030422210693359375e+00 2.421124458312988281e+01 -3.399792313575744629e-01 4.348740726709365845e-02 4.325028508901596069e-02 1.864491030573844910e-02 9.979431629180908203e-01
2.879672288894653320e+00 2.425097274780273438e+01 -3.376666307449340820e-01 5.581295862793922424e-02 5.480449646711349487e-02 1.952514424920082092e-02 9.967446923255920410e-01
2.733676910400390625e+00 2.428956222534179688e+01 -3.354504406452178955e-01 6.783790141344070435e-02 6.618355959653854370e-02 2.112172171473503113e-02 9.952747225761413574e-01
2.592473745346069336e+00 2.432700538635253906e+01 -3.333184719085693359e-01 7.949019968509674072e-02 7.728665322065353394e-02 2.356196567416191101e-02 9.935557246208190918e-01
2.456063985824584961e+00 2.436315536499023438e+01 -3.313598632812500000e-01 9.069894254207611084e-02 8.801387250423431396e-02 2.697257511317729950e-02 9.916146993637084961e-01
2.323943138122558594e+00 2.439601707458496094e+01 -3.309399485588073730e-01 1.013941094279289246e-01 9.826657176017761230e-02 3.147959709167480469e-02 9.894806146621704102e-01
2.196757793426513672e+00 2.442780303955078125e+01 -3.305242955684661865e-01 1.115066707134246826e-01 1.079468429088592529e-01 3.720855712890625000e-02 9.871824979782104492e-01
2.074548959732055664e+00 2.445850944519042969e+01 -3.301043510437011719e-01 1.209686696529388428e-01 1.169582679867744446e-01 4.428437724709510803e-02 9.847468137741088867e-01
1.957359313964843750e+00 2.448814582824707031e+01 -3.296734690666198730e-01 1.297128945589065552e-01 1.252053380012512207e-01 5.283150821924209595e-02 9.821950197219848633e-01
1.845230340957641602e+00 2.451671791076660156e+01 -3.292230069637298584e-01 1.376730352640151978e-01 1.325929313898086548e-01 6.297389417886734009e-02 9.795404672622680664e-01
1.738203644752502441e+00 2.454424285888671875e+01 -3.287432789802551270e-01 1.447832286357879639e-01 1.390267461538314819e-01 7.483486086130142212e-02 9.767851233482360840e-01
1.636319279670715332e+00 2.457073593139648438e+01 -3.282202184200286865e-01 1.509778648614883423e-01 1.444126665592193604e-01 8.853686600923538208e-02 9.739157557487487793e-01
1.539763808250427246e+00 2.459609603881835938e+01 -3.271789550781250000e-01 1.542357057332992554e-01 1.484701484441757202e-01 1.044490113854408264e-01 9.712148308753967285e-01
1.448777794837951660e+00 2.462014579772949219e+01 -3.248956203460693359e-01 1.515094041824340820e-01 1.507331132888793945e-01 1.229195743799209595e-01 9.691311717033386230e-01
1.362812757492065430e+00 2.464334106445312500e+01 -3.227526843547821045e-01 1.488165855407714844e-01 1.518155932426452637e-01 1.428210288286209106e-01 9.666476249694824219e-01
1.281790494918823242e+00 2.466571044921875000e+01 -3.207488954067230225e-01 1.462388783693313599e-01 1.518115550279617310e-01 1.639132946729660034e-01 9.636907577514648438e-01
1.205436706542968750e+00 2.468649101257324219e+01 -3.194659352302551270e-01 1.438504159450531006e-01 1.508300304412841797e-01 1.859629005193710327e-01 9.601954221725463867e-01
1.133844614028930664e+00 2.470637702941894531e+01 -3.183898925781250000e-01 1.417145431041717529e-01 1.489923745393753052e-01 2.087439447641372681e-01 9.561088681221008301e-01
1.066980242729187012e+00 2.472552490234375000e+01 -3.173956274986267090e-01 1.398814022541046143e-01 1.464285403490066528e-01 2.320385575294494629e-01 9.513936638832092285e-01
9.923592805862426758e-01 2.474679374694824219e+01 -3.162872195243835449e-01 1.383861899375915527e-01 1.432735621929168701e-01 2.556371986865997314e-01 9.460293650627136230e-01
9.099163413047790527e-01 2.477016830444335938e+01 -3.150610327720642090e-01 1.372486948966979980e-01 1.396639198064804077e-01 2.793387174606323242e-01 9.400142431259155273e-01
8.195910453796386719e-01 2.479562377929687500e+01 -3.137121498584747314e-01 1.364738941192626953e-01 1.357329338788986206e-01 3.029507696628570557e-01 9.333660602569580078e-01
7.213308811187744141e-01 2.482312774658203125e+01 -3.122369349002838135e-01 1.360525786876678467e-01 1.316078305244445801e-01 3.262895643711090088e-01 9.261231422424316406e-01
6.150884628295898438e-01 2.485263633728027344e+01 -3.106341361999511719e-01 1.359635889530181885e-01 1.274055242538452148e-01 3.491786122322082520e-01 9.183440804481506348e-01
5.008254647254943848e-01 2.488409805297851562e+01 -3.089013695716857910e-01 1.361758559942245483e-01 1.232303753495216370e-01 3.714492022991180420e-01 9.101075530052185059e-01
3.785095214843750000e-01 2.491746330261230469e+01 -3.070367276668548584e-01 1.366507411003112793e-01 1.191714629530906677e-01 3.929399549961090088e-01 9.015114307403564453e-01
2.481176704168319702e-01 2.495266723632812500e+01 -3.050414919853210449e-01 1.373447030782699585e-01 1.153013929724693298e-01 4.134980440139770508e-01 8.926708698272705078e-01
1.096337884664535522e-01 2.498964881896972656e+01 -3.029150366783142090e-01 1.382118910551071167e-01 1.116753965616226196e-01 4.329755604267120361e-01 8.837184309959411621e-01
-3.710968047380447388e-02 2.502766990661621094e+01 -3.012536466121673584e-01 1.392066478729248047e-01 1.083310246467590332e-01 4.512321949005126953e-01 8.748001456260681152e-01
-1.920794695615768433e-01 2.506680870056152344e+01 -2.999297976493835449e-01 1.402854621410369873e-01 1.052894443273544312e-01 4.681339859962463379e-01 8.660742044448852539e-01
-3.551611304283142090e-01 2.510746574401855469e+01 -2.985308766365051270e-01 1.414086222648620605e-01 1.025566607713699341e-01 4.835517704486846924e-01 8.577082157135009766e-01
-5.263440012931823730e-01 2.514957237243652344e+01 -2.970574796199798584e-01 1.425413340330123901e-01 1.001257225871086121e-01 4.973607957363128662e-01 8.498758673667907715e-01
-7.053253054618835449e-01 2.519294166564941406e+01 -2.946484386920928955e-01 1.405599713325500488e-01 9.609605371952056885e-02 5.098430514335632324e-01 8.432488441467285156e-01
-8.923791050910949707e-01 2.523772239685058594e+01 -2.922558486461639404e-01 1.389354467391967773e-01 9.239494800567626953e-02 5.206966400146484375e-01 8.372784256935119629e-01
-1.087460279464721680e+00 2.528392601013183594e+01 -2.898876965045928955e-01 1.376871764659881592e-01 8.898983895778656006e-02 5.300771594047546387e-01 8.319502472877502441e-01
-1.290600538253784180e+00 2.533125686645507812e+01 -2.879339456558227539e-01 1.368322372436523438e-01 8.584617823362350464e-02 5.381333827972412109e-01 8.272361755371093750e-01
-1.501841425895690918e+00 2.537941551208496094e+01 -2.868035733699798584e-01 1.363858431577682495e-01 8.292792737483978271e-02 5.450081825256347656e-01 8.230965733528137207e-01
-1.721013784408569336e+00 2.542902946472167969e+01 -2.857494950294494629e-01 1.363610923290252686e-01 8.019828051328659058e-02 5.508385300636291504e-01 8.194820284843444824e-01
-1.948091387748718262e+00 2.548013114929199219e+01 -2.847711145877838135e-01 1.367705315351486206e-01 7.761858403682708740e-02 5.557570457458496094e-01 8.163353204727172852e-01
-2.183052301406860352e+00 2.553275108337402344e+01 -2.838684022426605225e-01 1.376246958971023560e-01 7.515072077512741089e-02 5.598919391632080078e-01 8.135924339294433594e-01
-2.425874471664428711e+00 2.558691787719726562e+01 -2.830370962619781494e-01 1.389341354370117188e-01 7.275469601154327393e-02 5.633683204650878906e-01 8.111844658851623535e-01
-2.676616668701171875e+00 2.564232063293457031e+01 -2.832879722118377686e-01 1.407080441713333130e-01 7.039088010787963867e-02 5.663082599639892578e-01 8.090373277664184570e-01
-2.935204505920410156e+00 2.569925689697265625e+01 -2.838439941406250000e-01 1.429552882909774780e-01 6.801890581846237183e-02 5.688312053680419922e-01 8.070738315582275391e-01
-3.201606273651123047e+00 2.575782966613769531e+01 -2.844976782798767090e-01 1.456839293241500854e-01 6.559850275516510010e-02 5.710551738739013672e-01 8.052136301994323730e-01
-3.475808620452880859e+00 2.581807136535644531e+01 -2.852429151535034180e-01 1.489018201828002930e-01 6.308877468109130859e-02 5.730955004692077637e-01 8.033739328384399414e-01
-3.757750749588012695e+00 2.588022613525390625e+01 -2.866339087486267090e-01 1.526161134243011475e-01 6.044874340295791626e-02 5.750665664672851562e-01 8.014690876007080078e-01
-4.047403335571289062e+00 2.594440460205078125e+01 -2.888751029968261719e-01 1.568333357572555542e-01 5.763755738735198975e-02 5.770810842514038086e-01 7.994114756584167480e-01
-4.332482337951660156e+00 2.600767707824707031e+01 -2.911431789398193359e-01 1.615597903728485107e-01 5.461364611983299255e-02 5.792495608329772949e-01 7.971108555793762207e-01
-4.612977981567382812e+00 2.607008552551269531e+01 -2.934283316135406494e-01 1.668004244565963745e-01 5.133587867021560669e-02 5.816811323165893555e-01 7.944742441177368164e-01
-4.888560771942138672e+00 2.613305091857910156e+01 -2.967455983161926270e-01 1.725596934556961060e-01 4.776276275515556335e-02 5.844817757606506348e-01 7.914056777954101562e-01
-5.159447669982910156e+00 2.619564437866210938e+01 -3.003637492656707764e-01 1.788405179977416992e-01 4.385282844305038452e-02 5.877551436424255371e-01 7.878051996231079102e-01
-5.425731182098388672e+00 2.625745010375976562e+01 -3.039361536502838135e-01 1.856450140476226807e-01 3.956375271081924438e-02 5.916010737419128418e-01 7.835680246353149414e-01
-5.686953067779541016e+00 2.631936645507812500e+01 -3.075500428676605225e-01 1.906968951225280762e-01 3.315009921789169312e-02 5.961750745773315430e-01 7.791732549667358398e-01
-5.943343162536621094e+00 2.638147735595703125e+01 -3.118261694908142090e-01 1.961714327335357666e-01 2.637383341789245605e-02 6.012473106384277344e-01 7.741593718528747559e-01
-6.195171833038330078e+00 2.644269752502441406e+01 -3.159973025321960449e-01 2.019930332899093628e-01 1.935866475105285645e-02 6.066827774047851562e-01 7.686091661453247070e-01
-6.442050457000732422e+00 2.650458717346191406e+01 -3.212274014949798584e-01 2.080790251493453979e-01 1.222906261682510376e-02 6.123545169830322266e-01 7.626109719276428223e-01
-6.684202671051025391e+00 2.656627845764160156e+01 -3.269146680831909180e-01 2.143400907516479492e-01 5.107954144477844238e-03 6.181454658508300781e-01 7.562593817710876465e-01
-6.921672344207763672e+00 2.662756347656250000e+01 -3.329382240772247314e-01 2.206794619560241699e-01 -1.883618533611297607e-03 6.239480376243591309e-01 7.496571540832519531e-01
-7.154064655303955078e+00 2.668988418579101562e+01 -3.403582572937011719e-01 2.269933521747589111e-01 -8.627936244010925293e-03 6.296640634536743164e-01 7.429149746894836426e-01
-7.381797790527343750e+00 2.675164222717285156e+01 -3.480615019798278809e-01 2.331712841987609863e-01 -1.501139253377914429e-02 6.352044939994812012e-01 7.361528277397155762e-01
-7.604291915893554688e+00 2.681478881835937500e+01 -3.574420213699340820e-01 2.390969544649124146e-01 -2.092570811510086060e-02 6.404880881309509277e-01 7.294996380805969238e-01
-7.821714878082275391e+00 2.687854194641113281e+01 -3.679522573947906494e-01 2.446487843990325928e-01 -2.626833319664001465e-02 6.454403996467590332e-01 7.230930328369140625e-01
-8.033883094787597656e+00 2.694337081909179688e+01 -3.799157738685607910e-01 2.497011870145797729e-01 -3.094311803579330444e-02 6.499915122985839844e-01 7.170792818069458008e-01
-8.240334510803222656e+00 2.701039886474609375e+01 -3.939855992794036865e-01 2.541256546974182129e-01 -3.486008197069168091e-02 6.540749669075012207e-01 7.116115689277648926e-01
-8.440991401672363281e+00 2.707957458496093750e+01 -4.097247123718261719e-01 2.577923834323883057e-01 -3.793533891439437866e-02 6.576239466667175293e-01 7.068485021591186523e-01
-8.636279106140136719e+00 2.714965248107910156e+01 -4.258099198341369629e-01 2.605710625648498535e-01 -4.008881747722625732e-02 6.605704426765441895e-01 7.029524445533752441e-01
-8.825548171997070312e+00 2.722198486328125000e+01 -4.430688321590423584e-01 2.623333334922790527e-01 -4.124374687671661377e-02 6.628415584564208984e-01 7.000864744186401367e-01
-9.009544372558593750e+00 2.729428863525390625e+01 -4.616589248180389404e-01 2.629547119140625000e-01 -4.132374376058578491e-02 6.643564105033874512e-01 6.984107494354248047e-01
-9.189860343933105469e+00 2.736262321472167969e+01 -4.804058670997619629e-01 2.623168230056762695e-01 -4.025001078844070435e-02 6.650231480598449707e-01 6.980786919593811035e-01
-9.366621971130371094e+00 2.742672729492187500e+01 -4.986267089843750000e-01 2.603095173835754395e-01 -3.793823719024658203e-02 6.647348999977111816e-01 6.992332339286804199e-01
-9.539690017700195312e+00 2.748692131042480469e+01 -5.162206888198852539e-01 2.568353414535522461e-01 -3.429593890905380249e-02 6.633656620979309082e-01 7.020009160041809082e-01
-9.708984375000000000e+00 2.754334259033203125e+01 -5.331848263740539551e-01 2.518118023872375488e-01 -2.921894937753677368e-02 6.607654690742492676e-01 7.064884901046752930e-01
-9.874105453491210938e+00 2.759567832946777344e+01 -5.484673976898193359e-01 2.418006658554077148e-01 -2.578620612621307373e-02 6.566795706748962402e-01 7.138903141021728516e-01
-1.003531932830810547e+01 2.764461135864257812e+01 -5.629662871360778809e-01 2.298728972673416138e-01 -2.129808068275451660e-02 6.512737870216369629e-01 7.228743433952331543e-01
-1.019294643402099609e+01 2.768929672241210938e+01 -5.764727592468261719e-01 2.162336707115173340e-01 -1.585625857114791870e-02 6.446142792701721191e-01 7.331193089485168457e-01
-1.034673786163330078e+01 2.773058128356933594e+01 -5.890874862670898438e-01 2.010920941829681396e-01 -9.563408792018890381e-03 6.367725729942321777e-01 7.443057894706726074e-01
-1.049662303924560547e+01 2.776885032653808594e+01 -6.008410453796386719e-01 1.846648305654525757e-01 -2.524867653846740723e-03 6.278317570686340332e-01 7.561215758323669434e-01
-1.064310359954833984e+01 2.780246353149414062e+01 -6.113867163658142090e-01 1.671759784221649170e-01 5.152665078639984131e-03 6.178908944129943848e-01 7.682684659957885742e-01
-1.078579807281494141e+01 2.783264541625976562e+01 -6.209283471107482910e-01 1.488592326641082764e-01 1.335985213518142700e-02 6.070692539215087891e-01 7.804673314094543457e-01
-1.092467594146728516e+01 2.785962295532226562e+01 -6.294946074485778809e-01 1.299563944339752197e-01 2.198662236332893372e-02 5.955086350440979004e-01 7.924628257751464844e-01
-1.106030750274658203e+01 2.788054084777832031e+01 -6.365350484848022461e-01 1.107173860073089600e-01 3.092155233025550842e-02 5.833740234375000000e-01 8.040275573730468750e-01
-1.119192218780517578e+01 2.789850044250488281e+01 -6.427245736122131348e-01 9.139831364154815674e-02 4.005378484725952148e-02 5.708548426628112793e-01 8.149642348289489746e-01
-1.131954574584960938e+01 2.791321563720703125e+01 -6.480578184127807617e-01 7.226027548313140869e-02 4.927292093634605408e-02 5.581634640693664551e-01 8.251085281372070312e-01
-1.144308090209960938e+01 2.792448997497558594e+01 -6.527258157730102539e-01 5.356692150235176086e-02 5.847065150737762451e-02 5.455337762832641602e-01 8.343288302421569824e-01
-1.156216144561767578e+01 2.793447113037109375e+01 -6.570941209793090820e-01 3.558290004730224609e-02 6.754115223884582520e-02 5.332189798355102539e-01 8.425257205963134766e-01
-1.167674922943115234e+01 2.794302749633789062e+01 -6.612908840179443359e-01 1.857191883027553558e-02 7.638185471296310425e-02 5.214884281158447266e-01 8.496297597885131836e-01
-1.178666114807128906e+01 2.795113945007324219e+01 -6.656786799430847168e-01 2.795256674289703369e-03 8.489415049552917480e-02 5.106241106986999512e-01 8.555981516838073730e-01
-1.189183044433593750e+01 2.795910835266113281e+01 -6.701025366783142090e-01 -1.148902624845504761e-02 9.298300743103027344e-02 5.009176731109619141e-01 8.604090213775634766e-01
-1.199206352233886719e+01 2.796785354614257812e+01 -6.752673387527465820e-01 -2.402699179947376251e-02 1.005574017763137817e-01 4.926648736000061035e-01 8.640556931495666504e-01
-1.208742618560791016e+01 2.797670173645019531e+01 -6.805205941200256348e-01 -3.456832468509674072e-02 1.075292751193046570e-01 4.861632287502288818e-01 8.665378689765930176e-01
-1.217763137817382812e+01 2.798718261718750000e+01 -6.867572069168090820e-01 -4.286620020866394043e-02 1.138131767511367798e-01 4.817062020301818848e-01 8.678526878356933594e-01
-1.226290512084960938e+01 2.799761390686035156e+01 -6.931250095367431641e-01 -4.867597296833992004e-02 1.193246766924858093e-01 4.795789420604705811e-01 8.679841756820678711e-01
-1.234290027618408203e+01 2.800981140136718750e+01 -7.004528641700744629e-01 -5.182702466845512390e-02 1.240004003047943115e-01 4.799808859825134277e-01 8.669234514236450195e-01
-1.241790580749511719e+01 2.802225112915039062e+01 -7.080798149108886719e-01 -5.243996158242225647e-02 1.278599202632904053e-01 4.828023612499237061e-01 8.647565245628356934e-01
-1.249257659912109375e+01 2.803544807434082031e+01 -7.163128256797790527e-01 -5.070643126964569092e-02 1.309391707181930542e-01 4.878414273262023926e-01 8.615651726722717285e-01
-1.256653499603271484e+01 2.805136108398437500e+01 -7.258569002151489258e-01 -4.681682586669921875e-02 1.332704871892929077e-01 4.948800802230834961e-01 8.574035763740539551e-01
-1.264031314849853516e+01 2.806770706176757812e+01 -7.357971072196960449e-01 -4.096083343029022217e-02 1.348829567432403564e-01 5.036886930465698242e-01 8.523065447807312012e-01
-1.271391677856445312e+01 2.808465194702148438e+01 -7.461718320846557617e-01 -3.332853689789772034e-02 1.358041912317276001e-01 5.140295028686523438e-01 8.462978601455688477e-01
-1.278716564178466797e+01 2.810307884216308594e+01 -7.573852539062500000e-01 -2.411115169525146484e-02 1.360610425472259521e-01 5.256605744361877441e-01 8.393967747688293457e-01
-1.286038875579833984e+01 2.812187957763671875e+01 -7.688091993331909180e-01 -1.350172981619834900e-02 1.356808841228485107e-01 5.383381843566894531e-01 8.316251039505004883e-01
-1.293362998962402344e+01 2.814104843139648438e+01 -7.804028391838073730e-01 -1.695606857538223267e-03 1.346925944089889526e-01 5.518207550048828125e-01 8.230121731758117676e-01
-1.300683403015136719e+01 2.816079711914062500e+01 -7.925109863281250000e-01 1.110972091555595398e-02 1.331268548965454102e-01 5.658710598945617676e-01 8.135992288589477539e-01
-1.308014106750488281e+01 2.818083381652832031e+01 -8.046337962150573730e-01 2.471451088786125183e-02 1.310175508260726929e-01 5.802597403526306152e-01 8.034440279006958008e-01
-1.315358352661132812e+01 2.820111083984375000e+01 -8.167114257812500000e-01 3.891766071319580078e-02 1.284013092517852783e-01 5.947674512863159180e-01 7.926223278045654297e-01
-1.322727298736572266e+01 2.822095870971679688e+01 -8.289740085601806641e-01 5.351718887686729431e-02 1.253183931112289429e-01 6.091871261596679688e-01 7.812312245368957520e-01
-1.330113601684570312e+01 2.824088859558105469e+01 -8.411077857017517090e-01 6.831128895282745361e-02 1.218126118183135986e-01 6.233262419700622559e-01 7.693890929222106934e-01
-1.337517261505126953e+01 2.826087570190429688e+01 -8.530468344688415527e-01 8.309934288263320923e-02 1.179309189319610596e-01 6.370086669921875000e-01 7.572361826896667480e-01
-1.344963932037353516e+01 2.827936935424804688e+01 -8.649078011512756348e-01 9.768305718898773193e-02 1.137235313653945923e-01 6.500753164291381836e-01 7.449342608451843262e-01
-1.352429771423339844e+01 2.829753875732421875e+01 -8.765368461608886719e-01 1.118672341108322144e-01 1.092433556914329529e-01 6.623846888542175293e-01 7.326650619506835938e-01
-1.359908390045166016e+01 2.831554794311523438e+01 -8.878905773162841797e-01 1.254606544971466064e-01 1.045455113053321838e-01 6.738132238388061523e-01 7.206285595893859863e-01
-1.367443656921386719e+01 2.833030509948730469e+01 -8.989880084991455078e-01 1.382772028446197510e-01 9.968632459640502930e-02 6.842539310455322266e-01 7.090405821800231934e-01
-1.374987411499023438e+01 2.834459495544433594e+01 -9.098004102706909180e-01 1.501345783472061157e-01 9.472379088401794434e-02 6.936147212982177734e-01 6.981300115585327148e-01
-1.382516479492187500e+01 2.835683822631835938e+01 -9.193896055221557617e-01 1.582714617252349854e-01 8.702704310417175293e-02 7.021867632865905762e-01 6.887017488479614258e-01
-1.390092372894287109e+01 2.836481857299804688e+01 -9.288195371627807617e-01 1.660586446523666382e-01 7.989265024662017822e-02 7.095980048179626465e-01 6.800825595855712891e-01
-1.398524284362792969e+01 2.837229347229003906e+01 -9.392626881599426270e-01 1.734754741191864014e-01 7.327185571193695068e-02 7.159888744354248047e-01 6.722332239151000977e-01
-1.407817077636718750e+01 2.836885261535644531e+01 -9.500359892845153809e-01 1.805171072483062744e-01 6.711390614509582520e-02 7.214840650558471680e-01 6.651089787483215332e-01
-1.417739391326904297e+01 2.835193824768066406e+01 -9.605602622032165527e-01 1.871916353702545166e-01 6.136780232191085815e-02 7.261964082717895508e-01 6.586592793464660645e-01
-1.427598571777343750e+01 2.830697250366210938e+01 -9.688897728919982910e-01 1.935173869132995605e-01 5.598295480012893677e-02 7.302267551422119141e-01 6.528289914131164551e-01
-1.435482978820800781e+01 2.822144889831542969e+01 -9.718005061149597168e-01 1.995207667350769043e-01 5.091019719839096069e-02 7.336667776107788086e-01 6.475589275360107422e-01
-1.438815116882324219e+01 2.810107612609863281e+01 -9.667285084724426270e-01 2.052348852157592773e-01 4.610170423984527588e-02 7.366001605987548828e-01 6.427857279777526855e-01
-1.438321495056152344e+01 2.796705436706542969e+01 -9.562909007072448730e-01 2.106983065605163574e-01 4.151127487421035767e-02 7.391036152839660645e-01 6.384425163269042969e-01
-1.434922313690185547e+01 2.782836341857910156e+01 -9.425414800643920898e-01 2.159528881311416626e-01 3.709528595209121704e-02 7.412482500076293945e-01 6.344597935676574707e-01
-1.429292678833007812e+01 2.768775177001953125e+01 -9.269292950630187988e-01 2.210443913936614990e-01 3.281154483556747437e-02 7.431000471115112305e-01 6.307653784751892090e-01
-1.420595550537109375e+01 2.755409049987792969e+01 -9.069054722785949707e-01 2.260207235813140869e-01 2.862022817134857178e-02 7.447211742401123047e-01 6.272844672203063965e-01
-1.408545589447021484e+01 2.743860054016113281e+01 -8.771185278892517090e-01 2.309316098690032959e-01 2.448375523090362549e-02 7.461699843406677246e-01 6.239402890205383301e-01
-1.394322872161865234e+01 2.733857154846191406e+01 -8.365258574485778809e-01 2.358285188674926758e-01 2.036643028259277344e-02 7.475015521049499512e-01 6.206539273262023926e-01
-1.378895378112792969e+01 2.724444007873535156e+01 -7.872448563575744629e-01 2.407645434141159058e-01 1.623452454805374146e-02 7.487683296203613281e-01 6.173449754714965820e-01
-1.362568664550781250e+01 2.715065765380859375e+01 -7.330004572868347168e-01 2.457934617996215820e-01 1.205693185329437256e-02 7.500194311141967773e-01 6.139307022094726562e-01
-1.345443820953369141e+01 2.705366706848144531e+01 -6.774542331695556641e-01 2.509707808494567871e-01 7.804483175277709961e-03 7.513012886047363281e-01 6.103270053863525391e-01
-1.327550220489501953e+01 2.695171356201171875e+01 -6.230005025863647461e-01 2.563534975051879883e-01 3.450214862823486328e-03 7.526572942733764648e-01 6.064470410346984863e-01
-1.308928108215332031e+01 2.684301757812500000e+01 -5.723077058792114258e-01 2.620000839233398438e-01 -1.029998064041137695e-03 7.541268467903137207e-01 6.022021770477294922e-01
-1.289630985260009766e+01 2.672635269165039062e+01 -5.272509455680847168e-01 2.679709494113922119e-01 -5.657464265823364258e-03 7.557460069656372070e-01 5.975009202957153320e-01
-1.269742679595947266e+01 2.660004997253417969e+01 -4.909234642982482910e-01 2.742792367935180664e-01 -1.048107445240020752e-02 7.575329542160034180e-01 5.922877788543701172e-01
-1.249451541900634766e+01 2.646203041076660156e+01 -4.647601246833801270e-01 2.809929549694061279e-01 -1.534444093704223633e-02 7.594559788703918457e-01 5.865442752838134766e-01
-1.228861808776855469e+01 2.631239509582519531e+01 -4.457336366176605225e-01 2.879719734191894531e-01 -2.032560110092163086e-02 7.614695429801940918e-01 5.803647041320800781e-01
-1.208100032806396484e+01 2.615036773681640625e+01 -4.324743449687957764e-01 2.952010035514831543e-01 -2.534107863903045654e-02 7.635331749916076660e-01 5.737867951393127441e-01
-1.187307834625244141e+01 2.597499847412109375e+01 -4.234368801116943359e-01 3.026315867900848389e-01 -3.034943342208862305e-02 7.656092643737792969e-01 5.668644905090332031e-01
-1.166449832916259766e+01 2.578738403320312500e+01 -4.162469506263732910e-01 3.102143108844757080e-01 -3.531111776828765869e-02 7.676643133163452148e-01 5.596531033515930176e-01
-1.145547294616699219e+01 2.558772087097167969e+01 -4.095379412174224854e-01 3.178973793983459473e-01 -4.018822312355041504e-02 7.696681022644042969e-01 5.522111058235168457e-01
-1.124531459808349609e+01 2.537700653076171875e+01 -4.026928544044494629e-01 3.256273269653320312e-01 -4.494515061378479004e-02 7.715947628021240234e-01 5.445989966392517090e-01
-1.104305744171142578e+01 2.516671752929687500e+01 -3.958654701709747314e-01 3.333495259284973145e-01 -4.954887926578521729e-02 7.734228372573852539e-01 5.368798971176147461e-01
-1.084786605834960938e+01 2.495774650573730469e+01 -3.888995349407196045e-01 3.410076797008514404e-01 -5.396950244903564453e-02 7.751345038414001465e-01 5.291194915771484375e-01
-1.065902900695800781e+01 2.475080490112304688e+01 -3.816351294517517090e-01 3.485441803932189941e-01 -5.818022787570953369e-02 7.767159342765808105e-01 5.213868618011474609e-01
-1.047610473632812500e+01 2.454632759094238281e+01 -3.738592565059661865e-01 3.558997511863708496e-01 -6.215746700763702393e-02 7.781571149826049805e-01 5.137541890144348145e-01
-1.029885482788085938e+01 2.434454536437988281e+01 -3.651928603649139404e-01 3.630145192146301270e-01 -6.588177382946014404e-02 7.794508337974548340e-01 5.062967538833618164e-01
-1.012733173370361328e+01 2.414546394348144531e+01 -3.547869920730590820e-01 3.698274791240692139e-01 -6.933730840682983398e-02 7.805932760238647461e-01 4.990933537483215332e-01
-9.964225769042968750e+00 2.394695091247558594e+01 -3.416046202182769775e-01 3.762767910957336426e-01 -7.251220941543579102e-02 7.815826535224914551e-01 4.922258257865905762e-01
-9.814380645751953125e+00 2.374545097351074219e+01 -3.267510831356048584e-01 3.823004961013793945e-01 -7.539854943752288818e-02 7.824193239212036133e-01 4.857792556285858154e-01
-9.677120208740234375e+00 2.354187965393066406e+01 -3.133538663387298584e-01 3.878358006477355957e-01 -7.799212634563446045e-02 7.831041812896728516e-01 4.798419773578643799e-01
-9.547119140625000000e+00 2.334012413024902344e+01 -3.026617467403411865e-01 3.928202986717224121e-01 -8.029155433177947998e-02 7.836397290229797363e-01 4.745042324066162109e-01
-9.421744346618652344e+00 2.314199638366699219e+01 -2.939202785491943359e-01 3.971912562847137451e-01 -8.229839801788330078e-02 7.840271592140197754e-01 4.698588550090789795e-01
-9.301103591918945312e+00 2.294746780395507812e+01 -2.863738834857940674e-01 4.008864462375640869e-01 -8.401508629322052002e-02 7.842680215835571289e-01 4.659990072250366211e-01
-9.185114860534667969e+00 2.275609588623046875e+01 -2.797650098800659180e-01 4.005430936813354492e-01 -8.405546844005584717e-02 7.851420640945434570e-01 4.648137092590332031e-01
-9.074154853820800781e+00 2.256826400756835938e+01 -2.738055288791656494e-01 4.001184105873107910e-01 -8.440528810024261475e-02 7.857065200805664062e-01 4.641617834568023682e-01
-8.968368530273437500e+00 2.238394927978515625e+01 -2.684039175510406494e-01 3.996359705924987793e-01 -8.500806987285614014e-02 7.859930992126464844e-01 4.639821350574493408e-01
-8.868177413940429688e+00 2.220298004150390625e+01 -2.635388076305389404e-01 3.991167247295379639e-01 -8.581006526947021484e-02 7.860339283943176270e-01 4.642123579978942871e-01
-8.774590492248535156e+00 2.202491950988769531e+01 -2.592425346374511719e-01 3.985797464847564697e-01 -8.675964176654815674e-02 7.858614921569824219e-01 4.647888243198394775e-01
-8.687628746032714844e+00 2.184989929199218750e+01 -2.554479837417602539e-01 3.980427086353302002e-01 -8.780728280544281006e-02 7.855091094970703125e-01 4.656471610069274902e-01
-8.608177185058593750e+00 2.167766761779785156e+01 -2.521917521953582764e-01 3.975226879119873047e-01 -8.890455961227416992e-02 7.850109934806823730e-01 4.667220115661621094e-01
-8.535680770874023438e+00 2.150860595703125000e+01 -2.495098859071731567e-01 3.970364034175872803e-01 -9.000410139560699463e-02 7.844020128250122070e-01 4.679473042488098145e-01
-8.467336654663085938e+00 2.134405708312988281e+01 -2.474017292261123657e-01 3.966008424758911133e-01 -9.105909615755081177e-02 7.837180495262145996e-01 4.692567288875579834e-01
-8.399743080139160156e+00 2.118548965454101562e+01 -2.458325177431106567e-01 3.962332606315612793e-01 -9.202301502227783203e-02 7.829954624176025391e-01 4.705836474895477295e-01
-8.328800201416015625e+00 2.103479385375976562e+01 -2.447668462991714478e-01 3.959515094757080078e-01 -9.284920990467071533e-02 7.822712063789367676e-01 4.718615412712097168e-01
-8.250975608825683594e+00 2.089420890808105469e+01 -2.441076636314392090e-01 3.957740068435668945e-01 -9.349086880683898926e-02 7.815822958946228027e-01 4.730237424373626709e-01
-8.165753364562988281e+00 2.076508903503417969e+01 -2.437261939048767090e-01 3.957200944423675537e-01 -9.390062838792800903e-02 7.809664011001586914e-01 4.740037918090820312e-01
-8.074262619018554688e+00 2.064785385131835938e+01 -2.435327023267745972e-01 3.958092629909515381e-01 -9.403064101934432983e-02 7.804610133171081543e-01 4.747356176376342773e-01
-7.978935241699218750e+00 2.054131698608398438e+01 -2.434710711240768433e-01 3.960614502429962158e-01 -9.383227676153182983e-02 7.801029682159423828e-01 4.751527011394500732e-01
-7.877097129821777344e+00 2.044954872131347656e+01 -2.435040175914764404e-01 3.964964151382446289e-01 -9.325629472732543945e-02 7.799288034439086914e-01 4.751892089843750000e-01
-7.775890827178955078e+00 2.036646842956542969e+01 -2.435851991176605225e-01 3.971334099769592285e-01 -9.225289523601531982e-02 7.799737453460693359e-01 4.747793674468994141e-01
-7.674343109130859375e+00 2.029329299926757812e+01 -2.437359541654586792e-01 3.977444469928741455e-01 -9.056939184665679932e-02 7.803472280502319336e-01 4.739775955677032471e-01
-7.575783729553222656e+00 2.022644805908203125e+01 -2.438726723194122314e-01 3.987813591957092285e-01 -8.851224184036254883e-02 7.809467315673828125e-01 4.725051522254943848e-01
-7.479550838470458984e+00 2.016697502136230469e+01 -2.439587414264678955e-01 4.004287123680114746e-01 -8.617034554481506348e-02 7.817499041557312012e-01 4.702110588550567627e-01
-7.387978553771972656e+00 2.011033630371093750e+01 -2.436553835868835449e-01 4.006059169769287109e-01 -8.534266054630279541e-02 7.827199101448059082e-01 4.685944914817810059e-01
-7.299361228942871094e+00 2.006035804748535156e+01 -2.431304901838302612e-01 4.008328020572662354e-01 -8.427059650421142578e-02 7.839708328247070312e-01 4.664987921714782715e-01
-7.215705394744873047e+00 2.001363182067871094e+01 -2.426165789365768433e-01 4.011027812957763672e-01 -8.297593891620635986e-02 7.854730486869812012e-01 4.639650881290435791e-01
-7.137178897857666016e+00 1.996985054016113281e+01 -2.421337813138961792e-01 4.014094471931457520e-01 -8.147956430912017822e-02 7.871977090835571289e-01 4.610326588153839111e-01
-7.063006401062011719e+00 1.993041038513183594e+01 -2.414495795965194702e-01 4.017463922500610352e-01 -7.980170845985412598e-02 7.891172170639038086e-01 4.577395617961883545e-01
-6.993818283081054688e+00 1.989414024353027344e+01 -2.407550066709518433e-01 4.021075367927551270e-01 -7.796160876750946045e-02 7.912045121192932129e-01 4.541221559047698975e-01
-6.929810523986816406e+00 1.986065673828125000e+01 -2.401110827922821045e-01 4.024870097637176514e-01 -7.597789168357849121e-02 7.934340834617614746e-01 4.502152204513549805e-01
-6.870980262756347656e+00 1.982995223999023438e+01 -2.395184338092803955e-01 4.028794765472412109e-01 -7.386872172355651855e-02 7.957813143730163574e-01 4.460532367229461670e-01
-6.817182540893554688e+00 1.980228424072265625e+01 -2.388262897729873657e-01 4.032796025276184082e-01 -7.165208458900451660e-02 7.982223033905029297e-01 4.416702687740325928e-01
-6.768459320068359375e+00 1.977754592895507812e+01 -2.380877584218978882e-01 4.036824703216552734e-01 -6.934635341167449951e-02 8.007331490516662598e-01 4.371016323566436768e-01
-6.724923133850097656e+00 1.975550651550292969e+01 -2.374255359172821045e-01 4.040833413600921631e-01 -6.697092950344085693e-02 8.032901883125305176e-01 4.323846101760864258e-01
-6.686562538146972656e+00 1.973616218566894531e+01 -2.368402034044265747e-01 4.044776558876037598e-01 -6.454680860042572021e-02 8.058682084083557129e-01 4.275602102279663086e-01
-6.653367996215820312e+00 1.971949386596679688e+01 -2.363317757844924927e-01 4.048609733581542969e-01 -6.209725141525268555e-02 8.084415793418884277e-01 4.226743578910827637e-01
-6.625333309173583984e+00 1.970549583435058594e+01 -2.358996570110321045e-01 4.052289128303527832e-01 -5.964897572994232178e-02 8.109816908836364746e-01 4.177801012992858887e-01
-6.602443695068359375e+00 1.969414520263671875e+01 -2.355444282293319702e-01 4.055772423744201660e-01 -5.723243951797485352e-02 8.134574890136718750e-01 4.129385948181152344e-01
-6.584684848785400391e+00 1.968543624877929688e+01 -2.352654933929443359e-01 4.059018790721893311e-01 -5.488295853137969971e-02 8.158350586891174316e-01 4.082213044166564941e-01
-6.572037220001220703e+00 1.967934799194335938e+01 -2.350634783506393433e-01 4.061986804008483887e-01 -5.264134705066680908e-02 8.180761337280273438e-01 4.037113189697265625e-01
-6.561473369598388672e+00 1.967426490783691406e+01 -2.348559498786926270e-01 4.064637422561645508e-01 -5.055390298366546631e-02 8.201393485069274902e-01 3.995032310485839844e-01
-6.552962303161621094e+00 1.967017364501953125e+01 -2.346588075160980225e-01 4.066933095455169678e-01 -4.867263138294219971e-02 8.219791054725646973e-01 3.957041800022125244e-01
-6.546464920043945312e+00 1.966707801818847656e+01 -2.345062196254730225e-01 4.068835973739624023e-01 -4.705561697483062744e-02 8.235456347465515137e-01 3.924335837364196777e-01
-6.540153503417968750e+00 1.966355133056640625e+01 -2.332568317651748657e-01 3.965605497360229492e-01 -4.947409033775329590e-02 8.264762163162231445e-01 3.965213894844055176e-01
-6.535647869110107422e+00 1.966083145141601562e+01 -2.318530231714248657e-01 3.845538496971130371e-01 -5.256806313991546631e-02 8.293153643608093262e-01 4.019837081432342529e-01
-6.533002853393554688e+00 1.965894508361816406e+01 -2.302886843681335449e-01 3.709995448589324951e-01 -5.626785010099411011e-02 8.319767713546752930e-01 4.086660742759704590e-01
-6.526485443115234375e+00 1.965485954284667969e+01 -2.284368872642517090e-01 3.560365140438079834e-01 -6.050421297550201416e-02 8.343727588653564453e-01 4.164125323295593262e-01
-6.516153335571289062e+00 1.964860153198242188e+01 -2.262951582670211792e-01 3.398063182830810547e-01 -6.520642340183258057e-02 8.364194631576538086e-01 4.250673949718475342e-01
-6.502061843872070312e+00 1.964018440246582031e+01 -2.238647341728210449e-01 3.224569857120513916e-01 -7.030395418405532837e-02 8.380389213562011719e-01 4.344762265682220459e-01
-6.484261512756347656e+00 1.962963867187500000e+01 -2.211511135101318359e-01 3.041421771049499512e-01 -7.572585344314575195e-02 8.391625881195068359e-01 4.444875717163085938e-01
-6.462807655334472656e+00 1.961698150634765625e+01 -2.181634455919265747e-01 2.850223183631896973e-01 -8.140145987272262573e-02 8.397334218025207520e-01 4.549547433853149414e-01
-6.437744140625000000e+00 1.960224723815917969e+01 -2.149182111024856567e-01 2.652652263641357422e-01 -8.726091682910919189e-02 8.397074937820434570e-01 4.657371044158935547e-01
-6.409111022949218750e+00 1.958545875549316406e+01 -2.114349305629730225e-01 2.450453639030456543e-01 -9.323476254940032959e-02 8.390569090843200684e-01 4.767006337642669678e-01
-6.376949310302734375e+00 1.956664657592773438e+01 -2.077398598194122314e-01 2.245441377162933350e-01 -9.925515204668045044e-02 8.377699255943298340e-01 4.877192080020904541e-01
-6.341285228729248047e+00 1.954584693908691406e+01 -2.038635164499282837e-01 2.039485424757003784e-01 -1.052561253309249878e-01 8.358515501022338867e-01 4.986766874790191650e-01
-6.302141189575195312e+00 1.952308082580566406e+01 -1.998419165611267090e-01 1.834506541490554810e-01 -1.111735105514526367e-01 8.333248496055603027e-01 5.094662308692932129e-01
-6.259532451629638672e+00 1.949839019775390625e+01 -1.957134902477264404e-01 1.632461398839950562e-01 -1.169456616044044495e-01 8.302302360534667969e-01 5.199924111366271973e-01
-6.213797569274902344e+00 1.947119522094726562e+01 -1.912402361631393433e-01 1.435337811708450317e-01 -1.225132867693901062e-01 8.266247510910034180e-01 5.301698446273803711e-01
-6.164721488952636719e+00 1.944192314147949219e+01 -1.866479516029357910e-01 1.245140209794044495e-01 -1.278202831745147705e-01 8.225811719894409180e-01 5.399245023727416992e-01
-6.112210750579833984e+00 1.941075134277343750e+01 -1.820526123046875000e-01 1.063877493143081665e-01 -1.328133344650268555e-01 8.181866407394409180e-01 5.491929650306701660e-01
-6.056250095367431641e+00 1.937770462036132812e+01 -1.775018274784088135e-01 8.935525268316268921e-02 -1.374418884515762329e-01 8.135406374931335449e-01 5.579220056533813477e-01
-5.996816158294677734e+00 1.934281539916992188e+01 -1.730419844388961792e-01 7.361712306737899780e-02 -1.416576802730560303e-01 8.087533116340637207e-01 5.660669207572937012e-01
-5.934320926666259766e+00 1.930535316467285156e+01 -1.684777736663818359e-01 5.937060341238975525e-02 -1.454152613878250122e-01 8.039420843124389648e-01 5.735909938812255859e-01
-5.869040489196777344e+00 1.926480865478515625e+01 -1.636761426925659180e-01 4.676902294158935547e-02 -1.486839652061462402e-01 7.992238402366638184e-01 5.804713964462280273e-01
-5.809218406677246094e+00 1.922762680053710938e+01 -1.593719422817230225e-01 3.579001128673553467e-02 -1.514870524406433105e-01 7.946892976760864258e-01 5.867194533348083496e-01
-5.754831314086914062e+00 1.919380760192871094e+01 -1.555560231208801270e-01 2.636595070362091064e-02 -1.538602262735366821e-01 7.904136776924133301e-01 5.923495888710021973e-01
-5.705862998962402344e+00 1.916335868835449219e+01 -1.522174030542373657e-01 1.842691004276275635e-02 -1.558379530906677246e-01 7.864627838134765625e-01 5.973702669143676758e-01
-5.662856101989746094e+00 1.913539505004882812e+01 -1.491064429283142090e-01 1.190204918384552002e-02 -1.574524343013763428e-01 7.828937172889709473e-01 6.017844080924987793e-01
-5.625816345214843750e+00 1.910990715026855469e+01 -1.462042182683944702e-01 6.719566881656646729e-03 -1.587359011173248291e-01 7.797556519508361816e-01 6.055896878242492676e-01
-5.594000339508056641e+00 1.908804321289062500e+01 -1.438104212284088135e-01 2.807259559631347656e-03 -1.597186923027038574e-01 7.770907878875732422e-01 6.087790727615356445e-01
-5.567408084869384766e+00 1.906981086730957031e+01 -1.419091820716857910e-01 9.230524301528930664e-05 -1.604291945695877075e-01 7.749353647232055664e-01 6.113408207893371582e-01
-5.546036243438720703e+00 1.905521392822265625e+01 -1.404858380556106567e-01 -1.498021185398101807e-03 -1.608963906764984131e-01 7.733195424079895020e-01 6.132593154907226562e-01
-5.529885292053222656e+00 1.904426002502441406e+01 -1.395251452922821045e-01 -2.036117017269134521e-03 -1.611465811729431152e-01 7.722688913345336914e-01 6.145147681236267090e-01
-5.518958568572998047e+00 1.903695297241210938e+01 -1.390118449926376343e-01 -1.595020294189453125e-03 -1.612063348293304443e-01 7.718041539192199707e-01 6.150838732719421387e-01
-5.513261795043945312e+00 1.903330230712890625e+01 -1.389282196760177612e-01 -2.478361129760742188e-04 -1.611004173755645752e-01 7.719421386718750000e-01 6.149405241012573242e-01
-5.512798786163330078e+00 1.903331184387207031e+01 -1.392571926116943359e-01 1.933090388774871826e-03 -1.608539819717407227e-01 7.726956009864807129e-01 6.140552163124084473e-01
-5.504464149475097656e+00 1.902839279174804688e+01 -1.392706334590911865e-01 4.874430596828460693e-03 -1.604901254177093506e-01 7.740744352340698242e-01 6.123952269554138184e-01
-5.488262653350830078e+00 1.901854515075683594e+01 -1.389501988887786865e-01 8.503697812557220459e-03 -1.600326299667358398e-01 7.760844230651855469e-01 6.099264025688171387e-01
-5.464210033416748047e+00 1.900377845764160156e+01 -1.382775902748107910e-01 1.274737715721130371e-02 -1.595036685466766357e-01 7.787292003631591797e-01 6.066109538078308105e-01
-5.432319164276123047e+00 1.898409843444824219e+01 -1.372332721948623657e-01 1.753225922584533691e-02 -1.589252352714538574e-01 7.820088863372802734e-01 6.024097800254821777e-01
-5.393536090850830078e+00 1.895819091796875000e+01 -1.354663074016571045e-01 2.278452366590499878e-02 -1.583189368247985840e-01 7.859205603599548340e-01 5.972812175750732422e-01
-5.347490310668945312e+00 1.892661094665527344e+01 -1.330944746732711792e-01 2.843029797077178955e-02 -1.577058136463165283e-01 7.904585599899291992e-01 5.911817550659179688e-01
-5.293903827667236328e+00 1.888978004455566406e+01 -1.302026361227035522e-01 3.439499437808990479e-02 -1.571063399314880371e-01 7.956135869026184082e-01 5.840663909912109375e-01
-5.245207309722900391e+00 1.885665893554687500e+01 -1.276080310344696045e-01 4.061081260442733765e-02 -1.565378010272979736e-01 8.013584613800048828e-01 5.759090185165405273e-01
-5.201412200927734375e+00 1.882720565795898438e+01 -1.253002882003784180e-01 4.704136401414871216e-02 -1.560082733631134033e-01 8.076016306877136230e-01 5.667697787284851074e-01
-5.163254737854003906e+00 1.880044555664062500e+01 -1.230651810765266418e-01 5.365798249840736389e-02 -1.555230319499969482e-01 8.142378926277160645e-01 5.567317008972167969e-01
-5.130387306213378906e+00 1.877679824829101562e+01 -1.209979206323623657e-01 6.043137982487678528e-02 -1.550887525081634521e-01 8.211637735366821289e-01 5.458804965019226074e-01
-5.102283000946044922e+00 1.875691032409667969e+01 -1.192440763115882874e-01 6.733183562755584717e-02 -1.547116637229919434e-01 8.282802104949951172e-01 5.343058109283447266e-01
-5.078943252563476562e+00 1.874074172973632812e+01 -1.177972406148910522e-01 7.433001697063446045e-02 -1.544002294540405273e-01 8.354917764663696289e-01 5.221006870269775391e-01
-5.060363769531250000e+00 1.872825431823730469e+01 -1.166543588042259216e-01 8.139697462320327759e-02 -1.541627943515777588e-01 8.427087068557739258e-01 5.093626379966735840e-01
-5.046535491943359375e+00 1.871941566467285156e+01 -1.158093214035034180e-01 8.850333094596862793e-02 -1.540097445249557495e-01 8.498469591140747070e-01 4.961939454078674316e-01
-5.037447929382324219e+00 1.871418571472167969e+01 -1.152606159448623657e-01 9.562078118324279785e-02 -1.539516150951385498e-01 8.568286895751953125e-01 4.827007651329040527e-01
-5.033086299896240234e+00 1.871253776550292969e+01 -1.150042712688446045e-01 1.027210131287574768e-01 -1.540006250143051147e-01 8.635836839675903320e-01 4.689939916133880615e-01
-5.033430576324462891e+00 1.871443557739257812e+01 -1.150393635034561157e-01 1.097766607999801636e-01 -1.541703343391418457e-01 8.700481653213500977e-01 4.551884829998016357e-01
-5.031357765197753906e+00 1.871426010131835938e+01 -1.148049905896186829e-01 1.167612746357917786e-01 -1.544753909111022949e-01 8.761664628982543945e-01 4.414029121398925781e-01
-5.026844501495361328e+00 1.871198463439941406e+01 -1.143017560243606567e-01 1.236486881971359253e-01 -1.549311280250549316e-01 8.818898200988769531e-01 4.277590811252593994e-01
-5.019859313964843750e+00 1.870758438110351562e+01 -1.135293543338775635e-01 1.304146498441696167e-01 -1.555548012256622314e-01 8.871765136718750000e-01 4.143821299076080322e-01
-5.010374069213867188e+00 1.870103645324707031e+01 -1.124902293086051941e-01 1.370345652103424072e-01 -1.563643217086791992e-01 8.919917941093444824e-01 4.014006555080413818e-01
-4.998353958129882812e+00 1.869232559204101562e+01 -1.111859083175659180e-01 1.434867680072784424e-01 -1.573781371116638184e-01 8.963073492050170898e-01 3.889431059360504150e-01
-4.983926296234130859e+00 1.868124198913574219e+01 -1.095861792564392090e-01 1.497488617897033691e-01 -1.586167961359024048e-01 9.000998735427856445e-01 3.771421015262603760e-01
-4.967348575592041016e+00 1.866741371154785156e+01 -1.076321378350257874e-01 1.558006852865219116e-01 -1.601004749536514282e-01 9.033514857292175293e-01 3.661283850669860840e-01
-4.948210239410400391e+00 1.865127563476562500e+01 -1.054086312651634216e-01 1.616221815347671509e-01 -1.618501842021942139e-01 9.060472249984741211e-01 3.560353219509124756e-01
-4.926475524902343750e+00 1.863282394409179688e+01 -1.029202267527580261e-01 1.671946495771408081e-01 -1.638881862163543701e-01 9.081747531890869141e-01 3.469947874546051025e-01
-4.902118206024169922e+00 1.861205291748046875e+01 -1.001739501953125000e-01 1.725084632635116577e-01 -1.662260890007019043e-01 9.097365736961364746e-01 3.391004502773284912e-01
-4.875141620635986328e+00 1.858898735046386719e+01 -9.718078374862670898e-02 1.775899529457092285e-01 -1.688333898782730103e-01 9.107919931411743164e-01 3.322875201702117920e-01
-4.845561027526855469e+00 1.856365203857421875e+01 -9.395018965005874634e-02 1.824721097946166992e-01 -1.716682761907577515e-01 9.114079475402832031e-01 3.264496922492980957e-01
-4.813393592834472656e+00 1.853608322143554688e+01 -9.049377590417861938e-02 1.871880292892456055e-01 -1.746875941753387451e-01 9.116450548171997070e-01 3.214780688285827637e-01
-4.779229640960693359e+00 1.850567436218261719e+01 -8.674743771553039551e-02 1.917698532342910767e-01 -1.778477430343627930e-01 9.115588068962097168e-01 3.172617256641387939e-01
-4.743188381195068359e+00 1.847233200073242188e+01 -8.270812779664993286e-02 1.962481290102005005e-01 -1.811036914587020874e-01 9.112012386322021484e-01 3.136881589889526367e-01
-4.704701900482177734e+00 1.843674850463867188e+01 -7.845702767372131348e-02 2.006541788578033447e-01 -1.844107508659362793e-01 9.106212258338928223e-01 3.106437921524047852e-01
-4.663796901702880859e+00 1.839893913269042969e+01 -7.400268316268920898e-02 2.050173878669738770e-01 -1.877232193946838379e-01 9.098654389381408691e-01 3.080143928527832031e-01
-4.620492458343505859e+00 1.835893440246582031e+01 -6.935027986764907837e-02 2.093681842088699341e-01 -1.909956932067871094e-01 9.089785814285278320e-01 3.056851625442504883e-01
-4.576119422912597656e+00 1.831538963317871094e+01 -6.447631865739822388e-02 2.137360274791717529e-01 -1.941816359758377075e-01 9.080052375793457031e-01 3.035404384136199951e-01
-4.529698848724365234e+00 1.826937866210937500e+01 -5.940826237201690674e-02 2.181501537561416626e-01 -1.972356438636779785e-01 9.069880843162536621e-01 3.014652729034423828e-01
-4.481030941009521484e+00 1.822115707397460938e+01 -5.415588244795799255e-02 2.226398587226867676e-01 -2.001109719276428223e-01 9.059692621231079102e-01 2.993435561656951904e-01
-4.430820941925048828e+00 1.817007255554199219e+01 -4.879699647426605225e-02 2.272342890501022339e-01 -2.027612924575805664e-01 9.049906730651855469e-01 2.970593273639678955e-01
-4.379548072814941406e+00 1.811569786071777344e+01 -4.338470473885536194e-02 2.319619506597518921e-01 -2.051401734352111816e-01 9.040922522544860840e-01 2.944966256618499756e-01
-4.326180934906005859e+00 1.805910682678222656e+01 -3.780456632375717163e-02 2.368512451648712158e-01 -2.072009295225143433e-01 9.033130407333374023e-01 2.915385365486145020e-01
-4.271994590759277344e+00 1.799913978576660156e+01 -3.241821378469467163e-02 2.419299632310867310e-01 -2.088963538408279419e-01 9.026899337768554688e-01 2.880679070949554443e-01
-4.216555595397949219e+00 1.793625450134277344e+01 -2.709472551941871643e-02 2.472250610589981079e-01 -2.101784646511077881e-01 9.022569656372070312e-01 2.839668989181518555e-01
-4.160047054290771484e+00 1.787035942077636719e+01 -2.209350466728210449e-02 2.527629137039184570e-01 -2.109995484352111816e-01 9.020442962646484375e-01 2.791165709495544434e-01
-4.102997303009033203e+00 1.780102539062500000e+01 -1.768218912184238434e-02 2.585685551166534424e-01 -2.113100290298461914e-01 9.020781517028808594e-01 2.733960747718811035e-01
-4.043594360351562500e+00 1.772334480285644531e+01 -1.402679458260536194e-02 2.646651864051818848e-01 -2.110601663589477539e-01 9.023776054382324219e-01 2.666844725608825684e-01
-3.982681274414062500e+00 1.763683319091796875e+01 -1.135101262480020523e-02 2.710615694522857666e-01 -2.102149724960327148e-01 9.029448032379150391e-01 2.588938474655151367e-01
-3.923600435256958008e+00 1.753940200805664062e+01 -1.063232403248548508e-02 2.777140140533447266e-01 -2.088054120540618896e-01 9.037332534790039062e-01 2.500829398632049561e-01
-3.871343851089477539e+00 1.742906188964843750e+01 -1.293090824037790298e-02 2.845657467842102051e-01 -2.068790793418884277e-01 9.046858549118041992e-01 2.403472810983657837e-01
-3.827864885330200195e+00 1.730633735656738281e+01 -1.823150552809238434e-02 2.915599346160888672e-01 -2.044843137264251709e-01 9.057475328445434570e-01 2.297833114862442017e-01
-3.794180154800415039e+00 1.717211723327636719e+01 -2.629516460001468658e-02 2.986408770084381104e-01 -2.016700208187103271e-01 9.068655967712402344e-01 2.184891104698181152e-01
-3.769004344940185547e+00 1.702766990661621094e+01 -3.646820038557052612e-02 3.057533502578735352e-01 -1.984861493110656738e-01 9.079919457435607910e-01 2.065642029047012329e-01
-3.749956607818603516e+00 1.687393760681152344e+01 -4.806549102067947388e-02 3.128438293933868408e-01 -1.949849128723144531e-01 9.090823531150817871e-01 1.941106170415878296e-01
-3.734829664230346680e+00 1.671140098571777344e+01 -6.059844791889190674e-02 3.198604881763458252e-01 -1.912186592817306519e-01 9.100988507270812988e-01 1.812312602996826172e-01
-3.721524000167846680e+00 1.654034805297851562e+01 -7.390625029802322388e-02 3.267529010772705078e-01 -1.872419416904449463e-01 9.110095500946044922e-01 1.680314093828201294e-01
-3.707888126373291016e+00 1.636100387573242188e+01 -8.805786073207855225e-02 3.334736824035644531e-01 -1.831106394529342651e-01 9.117888808250427246e-01 1.546178311109542847e-01
-3.690853118896484375e+00 1.617365455627441406e+01 -1.031210273504257202e-01 3.399767577648162842e-01 -1.788823455572128296e-01 9.124187231063842773e-01 1.410990953445434570e-01
-3.670026063919067383e+00 1.597838115692138672e+01 -1.190277040004730225e-01 3.462199866771697998e-01 -1.746150255203247070e-01 9.128874540328979492e-01 1.275843232870101929e-01
-3.643837213516235352e+00 1.577538776397705078e+01 -1.358471661806106567e-01 3.521625101566314697e-01 -1.703688949346542358e-01 9.131910204887390137e-01 1.141840890049934387e-01
-3.608116388320922852e+00 1.556554126739501953e+01 -1.537121534347534180e-01 3.577671349048614502e-01 -1.662050336599349976e-01 9.133321046829223633e-01 1.010096818208694458e-01
-3.565042734146118164e+00 1.534868621826171875e+01 -1.724670380353927612e-01 3.629993796348571777e-01 -1.621852368116378784e-01 9.133198261260986328e-01 8.817274868488311768e-02
-3.512793540954589844e+00 1.512893009185791016e+01 -1.918957531452178955e-01 3.678263425827026367e-01 -1.583722084760665894e-01 9.131695628166198730e-01 7.578488439321517944e-02
-3.447070121765136719e+00 1.490801715850830078e+01 -2.120587080717086792e-01 3.722184300422668457e-01 -1.548296511173248291e-01 9.129023551940917969e-01 6.395801901817321777e-02
-3.372906446456909180e+00 1.468481922149658203e+01 -2.327679395675659180e-01 -3.761474490165710449e-01 1.516212224960327148e-01 -9.125436544418334961e-01 -5.280302837491035461e-02
-3.284183263778686523e+00 1.446177673339843750e+01 -2.541351318359375000e-01 -3.795875012874603271e-01 1.488112807273864746e-01 -9.121229052543640137e-01 -4.243104904890060425e-02
-3.181553363800048828e+00 1.423973846435546875e+01 -2.760418653488159180e-01 -3.825137615203857422e-01 1.464639753103256226e-01 -9.116718769073486328e-01 -3.295229002833366394e-02
-3.070422887802124023e+00 1.401663017272949219e+01 -2.987872362136840820e-01 -3.840441703796386719e-01 1.424027085304260254e-01 -9.119697809219360352e-01 -2.329060435295104980e-02
-2.943037033081054688e+00 1.379687690734863281e+01 -3.222979605197906494e-01 -3.853713274002075195e-01 1.387711018323898315e-01 -9.121490716934204102e-01 -1.468079164624214172e-02
-2.809390306472778320e+00 1.357524585723876953e+01 -3.464147746562957764e-01 -3.865012526512145996e-01 1.355921179056167603e-01 -9.122389554977416992e-01 -7.167052477598190308e-03
-2.666136980056762695e+00 1.335384750366210938e+01 -3.713037073612213135e-01 -3.874396681785583496e-01 1.328869909048080444e-01 -9.122668504714965820e-01 -7.898956537246704102e-04
-2.514570951461791992e+00 1.313220882415771484e+01 -3.971618711948394775e-01 -3.881913721561431885e-01 1.306748837232589722e-01 -9.122564792633056641e-01 4.413671791553497314e-03
-2.357119083404541016e+00 1.290870857238769531e+01 -4.238153100013732910e-01 -3.887603282928466797e-01 1.289724409580230713e-01 -9.122284054756164551e-01 8.411437273025512695e-03
-2.191780328750610352e+00 1.268497753143310547e+01 -4.518554508686065674e-01 -3.887461423873901367e-01 1.278582513332366943e-01 -9.123604893684387207e-01 1.126103103160858154e-02
-2.021320104598999023e+00 1.245910167694091797e+01 -4.812206923961639404e-01 -3.877550959587097168e-01 1.274098157882690430e-01 -9.128214716911315918e-01 1.302334666252136230e-02
-1.846063137054443359e+00 1.223082733154296875e+01 -5.120495557785034180e-01 -3.863462209701538086e-01 1.275451481342315674e-01 -9.133920073509216309e-01 1.355768740177154541e-02
-1.666493535041809082e+00 1.199992847442626953e+01 -5.451892018318176270e-01 -3.845270276069641113e-01 1.282632946968078613e-01 -9.140691757202148438e-01 1.284361630678176880e-02
-1.484768629074096680e+00 1.176490211486816406e+01 -5.815863013267517090e-01 -3.822988271713256836e-01 1.295597702264785767e-01 -9.148463010787963867e-01 1.086372137069702148e-02
-1.311834692955017090e+00 1.153528308868408203e+01 -6.203637719154357910e-01 -3.796560764312744141e-01 1.314262002706527710e-01 -9.157130122184753418e-01 7.605232298374176025e-03
-1.149061203002929688e+00 1.131026363372802734e+01 -6.618841290473937988e-01 -3.765859603881835938e-01 1.338504850864410400e-01 -9.166556596755981445e-01 3.059715032577514648e-03
-9.975030422210693359e-01 1.108926963806152344e+01 -7.058373689651489258e-01 -3.730671703815460205e-01 1.368168294429779053e-01 -9.176568984985351562e-01 -2.776928246021270752e-03
-8.581860065460205078e-01 1.087197017669677734e+01 -7.513940334320068359e-01 -3.690846860408782959e-01 1.389233469963073730e-01 -9.189065694808959961e-01 -9.347911924123764038e-03
-7.321728467941284180e-01 1.065813446044921875e+01 -7.969164848327636719e-01 -3.646847903728485107e-01 1.373329162597656250e-01 -9.208162426948547363e-01 -1.555459201335906982e-02
-6.170660257339477539e-01 1.044826507568359375e+01 -8.385815024375915527e-01 -3.598513305187225342e-01 1.352235972881317139e-01 -9.228789210319519043e-01 -2.271339669823646545e-02
-5.096801519393920898e-01 1.024391078948974609e+01 -8.741528391838073730e-01 -3.545789718627929688e-01 1.325256079435348511e-01 -9.250734448432922363e-01 -3.081938996911048889e-02
-4.074414074420928955e-01 1.004644393920898438e+01 -9.027465581893920898e-01 -3.488600552082061768e-01 1.291684806346893311e-01 -9.273740649223327637e-01 -3.986715525388717651e-02
-3.099121153354644775e-01 9.856463432312011719e+00 -9.262200593948364258e-01 3.426864445209503174e-01 -1.250814646482467651e-01 9.297503232955932617e-01 4.985034838318824768e-02
-2.177301049232482910e-01 9.673984527587890625e+00 -9.469604492187500000e-01 3.360569775104522705e-01 -1.202197000384330750e-01 9.321602582931518555e-01 6.074648350477218628e-02
-1.312121599912643433e-01 9.499011993408203125e+00 -9.663439989089965820e-01 3.290065228939056396e-01 -1.146426498889923096e-01 9.345370531082153320e-01 7.247120141983032227e-02
-4.631439223885536194e-02 9.322266578674316406e+00 -9.861346483230590820e-01 3.215800821781158447e-01 -1.084369719028472900e-01 9.368113279342651367e-01 8.492473512887954712e-02
3.573547303676605225e-02 9.143338203430175781e+00 -1.007516503334045410e+00 3.138254582881927490e-01 -1.016905456781387329e-01 9.389181137084960938e-01 9.800639748573303223e-02
1.139041110873222351e-01 8.962029457092285156e+00 -1.031777977943420410e+00 3.057936728000640869e-01 -9.449283033609390259e-02 9.407992362976074219e-01 1.116152107715606689e-01
1.869375556707382202e-01 8.778203010559082031e+00 -1.060225844383239746e+00 2.975377738475799561e-01 -8.693419396877288818e-02 9.424043297767639160e-01 1.256495714187622070e-01
2.523593008518218994e-01 8.591662406921386719e+00 -1.095046997070312500e+00 2.891150414943695068e-01 -7.910637557506561279e-02 9.436908960342407227e-01 1.400085091590881348e-01
3.058432042598724365e-01 8.402569770812988281e+00 -1.139824151992797852e+00 2.805850803852081299e-01 -7.110280543565750122e-02 9.446257948875427246e-01 1.545914262533187866e-01
3.434817492961883545e-01 8.211678504943847656e+00 -1.195701837539672852e+00 2.720111310482025146e-01 -6.301720440387725830e-02 9.451861381530761719e-01 1.692986041307449341e-01
3.606127798557281494e-01 8.020098686218261719e+00 -1.261180400848388672e+00 2.634596526622772217e-01 -5.494452640414237976e-02 9.453583955764770508e-01 1.840316355228424072e-01
3.593795597553253174e-01 7.828197956085205078e+00 -1.330031752586364746e+00 2.549995183944702148e-01 -4.697975888848304749e-02 9.451396465301513672e-01 1.986939162015914917e-01
3.439877331256866455e-01 7.635119438171386719e+00 -1.395830035209655762e+00 2.467022836208343506e-01 -3.921872749924659729e-02 9.445366859436035156e-01 2.131908684968948364e-01
3.187435865402221680e-01 7.438815593719482422e+00 -1.449866890907287598e+00 2.386420965194702148e-01 -3.175682947039604187e-02 9.435660839080810547e-01 2.274301052093505859e-01
2.916366457939147949e-01 7.238584995269775391e+00 -1.488999605178833008e+00 2.308949828147888184e-01 -2.468943968415260315e-02 9.422535896301269531e-01 2.413219213485717773e-01
2.686617970466613770e-01 7.034515380859375000e+00 -1.511155962944030762e+00 2.235381305217742920e-01 -1.811138167977333069e-02 9.406328797340393066e-01 2.547793686389923096e-01
2.554165720939636230e-01 6.827591419219970703e+00 -1.515578627586364746e+00 2.166501134634017944e-01 -1.211700215935707092e-02 9.387453794479370117e-01 2.677183449268341064e-01
2.554275393486022949e-01 6.619700908660888672e+00 -1.502709269523620605e+00 2.103111296892166138e-01 -6.800089031457901001e-03 9.366381764411926270e-01 2.800567150115966797e-01
2.700951993465423584e-01 6.413024902343750000e+00 -1.474147915840148926e+00 2.046006023883819580e-01 -2.253651618957519531e-03 9.343634843826293945e-01 2.917160689830780029e-01
2.989456057548522949e-01 6.209342956542968750e+00 -1.432310104370117188e+00 1.995992809534072876e-01 1.429662108421325684e-03 9.319761395454406738e-01 3.026194572448730469e-01
3.402206301689147949e-01 6.009560585021972656e+00 -1.379894375801086426e+00 1.953870058059692383e-01 4.157863557338714600e-03 9.295322895050048828e-01 3.126919269561767578e-01
3.915924131870269775e-01 5.813646316528320312e+00 -1.319384694099426270e+00 1.920277774333953857e-01 5.873132497072219849e-03 9.270877242088317871e-01 3.218680024147033691e-01
4.511593580245971680e-01 5.621146202087402344e+00 -1.252509713172912598e+00 1.895219683647155762e-01 6.653893738985061646e-03 9.246953129768371582e-01 3.301148116588592529e-01
5.230920314788818359e-01 5.435378074645996094e+00 -1.177107572555541992e+00 1.878528594970703125e-01 6.612665951251983643e-03 9.224014878273010254e-01 3.374061882495880127e-01
5.995083451271057129e-01 5.251648902893066406e+00 -1.099518418312072754e+00 1.870022267103195190e-01 5.861967802047729492e-03 9.202476143836975098e-01 3.437151312828063965e-01
6.837557554244995117e-01 5.071929931640625000e+00 -1.018643736839294434e+00 1.869506835937500000e-01 4.514403641223907471e-03 9.182696938514709473e-01 3.490126729011535645e-01
7.747503519058227539e-01 4.895493030548095703e+00 -9.364995956420898438e-01 1.876787394285202026e-01 2.682186663150787354e-03 9.164993166923522949e-01 3.532685041427612305e-01
8.708264231681823730e-01 4.721407413482666016e+00 -8.533318638801574707e-01 1.891650110483169556e-01 4.777014255523681641e-04 9.149636030197143555e-01 3.564515113830566406e-01
9.754290580749511719e-01 4.551616191864013672e+00 -7.703576683998107910e-01 1.913880109786987305e-01 -1.986771821975708008e-03 9.136869907379150391e-01 3.585286438465118408e-01
1.083807706832885742e+00 4.383447170257568359e+00 -6.872930526733398438e-01 1.943254768848419189e-01 -4.599027335643768311e-03 9.126889109611511230e-01 3.594653010368347168e-01
1.201945185661315918e+00 4.220472335815429688e+00 -6.061339974403381348e-01 1.979543566703796387e-01 -7.247053086757659912e-03 9.119857549667358398e-01 3.592262566089630127e-01
1.323457360267639160e+00 4.058980464935302734e+00 -5.254315137863159180e-01 2.022503465414047241e-01 -9.818546473979949951e-03 9.115897417068481445e-01 3.577743470668792725e-01
1.455592274665832520e+00 3.903702259063720703e+00 -4.484191834926605225e-01 2.071894705295562744e-01 -1.220162212848663330e-02 9.115088582038879395e-01 3.550705611705780029e-01
1.591281652450561523e+00 3.750196456909179688e+00 -3.724450469017028809e-01 2.127452045679092407e-01 -1.428379863500595093e-02 9.117467999458312988e-01 3.510745763778686523e-01
1.738190889358520508e+00 3.604214906692504883e+00 -3.020361363887786865e-01 2.188909053802490234e-01 -1.595299318432807922e-02 9.123011231422424316e-01 3.457439541816711426e-01
1.889129638671875000e+00 3.460649251937866211e+00 -2.334460467100143433e-01 2.255980968475341797e-01 -1.709683984518051147e-02 9.131641387939453125e-01 3.390344679355621338e-01
2.051640510559082031e+00 3.326389074325561523e+00 -1.724951118230819702e-01 2.328361421823501587e-01 -1.760284230113029480e-02 9.143210053443908691e-01 3.308995962142944336e-01
2.218647718429565430e+00 3.195468664169311523e+00 -1.143545508384704590e-01 2.405722886323928833e-01 -1.735865324735641479e-02 9.157485961914062500e-01 3.212912678718566895e-01
2.397197246551513672e+00 3.076246261596679688e+00 -6.623901426792144775e-02 2.487719804048538208e-01 -1.625218987464904785e-02 9.174149036407470703e-01 3.101582527160644531e-01
2.580401659011840820e+00 2.961461067199707031e+00 -2.202850207686424255e-02 2.573967278003692627e-01 -1.417159289121627808e-02 9.192773699760437012e-01 2.974480092525482178e-01
2.762557268142700195e+00 2.862016439437866211e+00 1.194946281611919403e-02 2.664043605327606201e-01 -1.100555062294006348e-02 9.212812185287475586e-01 2.831053435802459717e-01
2.938824415206909180e+00 2.771296262741088867e+00 4.100494459271430969e-02 2.757357060909271240e-01 -6.680175662040710449e-03 9.233492612838745117e-01 2.671167552471160889e-01
3.109626054763793945e+00 2.691030263900756836e+00 6.387817114591598511e-02 2.852760851383209229e-01 -1.268260180950164795e-03 9.253613948822021484e-01 2.496443390846252441e-01
3.274247407913208008e+00 2.619844913482666016e+00 8.161376416683197021e-02 2.948987782001495361e-01 5.119845271110534668e-03 9.271969795227050781e-01 2.308984249830245972e-01
3.430186748504638672e+00 2.553492307662963867e+00 9.752135723829269409e-02 3.044806122779846191e-01 1.237197220325469971e-02 9.287499785423278809e-01 2.110973149538040161e-01
3.580257892608642578e+00 2.497797727584838867e+00 1.071456894278526306e-01 3.139029443264007568e-01 2.037440240383148193e-02 9.299312829971313477e-01 1.904666870832443237e-01
3.721029281616210938e+00 2.445257425308227539e+00 1.161746159195899963e-01 3.230532109737396240e-01 2.901270985603332520e-02 9.306735396385192871e-01 1.692386865615844727e-01
3.853494167327880859e+00 2.398227453231811523e+00 1.228277534246444702e-01 3.318262100219726562e-01 3.817131742835044861e-02 9.309312105178833008e-01 1.476526856422424316e-01
3.977979660034179688e+00 2.357336282730102539e+00 1.266226172447204590e-01 3.401253223419189453e-01 4.773510247468948364e-02 9.306837320327758789e-01 1.259526461362838745e-01
4.093238830566406250e+00 2.319121122360229492e+00 1.301354914903640747e-01 3.478619158267974854e-01 5.758937075734138489e-02 9.299348592758178711e-01 1.043871194124221802e-01
4.199652671813964844e+00 2.284506797790527344e+00 1.326770037412643433e-01 3.549579381942749023e-01 6.762073189020156860e-02 9.287136197090148926e-01 8.320750296115875244e-02
4.297794818878173828e+00 2.255030393600463867e+00 1.331124901771545410e-01 3.613441586494445801e-01 7.771793007850646973e-02 9.270724058151245117e-01 6.266579031944274902e-02
4.386856079101562500e+00 2.227943181991577148e+00 1.334741115570068359e-01 3.669614195823669434e-01 8.777236193418502808e-02 9.250864982604980469e-01 4.301426559686660767e-02
4.466916561126708984e+00 2.203273773193359375e+00 1.337484717369079590e-01 3.717581033706665039e-01 9.767827391624450684e-02 9.228512048721313477e-01 2.450411394238471985e-02
4.538169860839843750e+00 2.181483030319213867e+00 1.336065679788589478e-01 3.756916522979736328e-01 1.073334962129592896e-01 9.204784035682678223e-01 7.383666932582855225e-03
4.600891113281250000e+00 2.163361787796020508e+00 1.324856579303741455e-01 3.787249624729156494e-01 1.166395172476768494e-01 9.180942177772521973e-01 -8.101936429738998413e-03
4.654768943786621094e+00 2.147572040557861328e+00 1.313839703798294067e-01 3.808253109455108643e-01 1.255009919404983521e-01 9.158329963684082031e-01 -2.171016111969947815e-02
4.712389469146728516e+00 2.130891084671020508e+00 1.301855444908142090e-01 3.819622695446014404e-01 1.338257044553756714e-01 9.138342738151550293e-01 -3.320199251174926758e-02
4.773895263671875000e+00 2.113373994827270508e+00 1.287899762392044067e-01 3.808053731918334961e-01 1.416409462690353394e-01 9.127712845802307129e-01 -4.211461916565895081e-02
4.839195251464843750e+00 2.095076799392700195e+00 1.273339837789535522e-01 3.798514306545257568e-01 1.486264318227767944e-01 9.117326736450195312e-01 -4.864850640296936035e-02
4.908554077148437500e+00 2.076962947845458984e+00 1.251385509967803955e-01 3.792636990547180176e-01 1.546851396560668945e-01 9.107483029365539551e-01 -5.262010172009468079e-02
4.982990741729736328e+00 2.058697462081909180e+00 1.236480697989463806e-01 3.765335381031036377e-01 1.545413732528686523e-01 9.119898676872253418e-01 -5.112582072615623474e-02
5.061347007751464844e+00 2.039778947830200195e+00 1.220092773437500000e-01 3.727818429470062256e-01 1.535214781761169434e-01 9.139288663864135742e-01 -4.689216986298561096e-02
5.143530845642089844e+00 2.020157337188720703e+00 1.202352866530418396e-01 3.680830895900726318e-01 1.517906486988067627e-01 9.164350628852844238e-01 -4.026211053133010864e-02
5.229426860809326172e+00 1.999699711799621582e+00 1.183557137846946716e-01 3.625182211399078369e-01 1.495180279016494751e-01 9.193627834320068359e-01 -3.157299757003784180e-02
5.318970203399658203e+00 1.978459477424621582e+00 1.163677945733070374e-01 3.561803996562957764e-01 1.468660086393356323e-01 9.225608110427856445e-01 -2.115032821893692017e-02
5.412043571472167969e+00 1.956259727478027344e+00 1.143264770507812500e-01 3.491796255111694336e-01 1.439827531576156616e-01 9.258810281753540039e-01 -9.304448962211608887e-03
5.508516788482666016e+00 1.932873487472534180e+00 1.123080402612686157e-01 3.416451811790466309e-01 1.409967392683029175e-01 9.291849732398986816e-01 3.670766949653625488e-03
5.608326911926269531e+00 1.908339858055114746e+00 1.103128045797348022e-01 3.337243199348449707e-01 1.380136013031005859e-01 9.323486685752868652e-01 1.749769225716590881e-02
5.711246013641357422e+00 1.882053136825561523e+00 1.085592657327651978e-01 3.255812227725982666e-01 1.351145058870315552e-01 9.352659583091735840e-01 3.191364556550979614e-02
5.817053318023681641e+00 1.853489995002746582e+00 1.072579920291900635e-01 3.173936605453491211e-01 1.323565542697906494e-01 9.378513097763061523e-01 4.666855186223983765e-02
5.925445556640625000e+00 1.821943283081054688e+00 1.066937223076820374e-01 3.093499541282653809e-01 1.297737061977386475e-01 9.400407075881958008e-01 6.152195855975151062e-02
6.035832881927490234e+00 1.785959482192993164e+00 1.074502542614936829e-01 3.016445040702819824e-01 1.273791044950485229e-01 9.417921304702758789e-01 7.624015212059020996e-02
6.147615432739257812e+00 1.744473814964294434e+00 1.100006103515625000e-01 2.944732606410980225e-01 1.251675486564636230e-01 9.430860280990600586e-01 9.059403836727142334e-02
6.260661602020263672e+00 1.697821021080017090e+00 1.142813116312026978e-01 2.880317270755767822e-01 1.231188476085662842e-01 9.439223408699035645e-01 1.043547391891479492e-01
6.375419139862060547e+00 1.647479176521301270e+00 1.197528019547462463e-01 2.825095951557159424e-01 1.212014406919479370e-01 9.443203210830688477e-01 1.172929331660270691e-01
6.492055892944335938e+00 1.594086885452270508e+00 1.260537654161453247e-01 2.780890166759490967e-01 1.193761825561523438e-01 9.443141818046569824e-01 1.291763186454772949e-01
6.610395908355712891e+00 1.537495136260986328e+00 1.331054717302322388e-01 2.749433517456054688e-01 1.176010668277740479e-01 9.439497590065002441e-01 1.397667378187179565e-01
6.730248928070068359e+00 1.477541446685791016e+00 1.408862322568893433e-01 2.732331752777099609e-01 1.158365607261657715e-01 9.432806968688964844e-01 1.488186717033386230e-01
6.850994586944580078e+00 1.413314223289489746e+00 1.495342999696731567e-01 2.731089591979980469e-01 1.140502393245697021e-01 9.423606991767883301e-01 1.560778915882110596e-01
6.972314834594726562e+00 1.344584941864013672e+00 1.590457111597061157e-01 2.747081816196441650e-01 1.122246533632278442e-01 9.412389993667602539e-01 1.612767428159713745e-01
7.094864368438720703e+00 1.271258473396301270e+00 1.709484755992889404e-01 2.768940925598144531e-01 1.035205721855163574e-01 9.407343268394470215e-01 1.662287116050720215e-01
7.217103958129882812e+00 1.192330241203308105e+00 1.839105188846588135e-01 2.805942595005035400e-01 9.447585791349411011e-02 9.400659799575805664e-01 1.691652834415435791e-01
7.338102340698242188e+00 1.106673598289489746e+00 1.980603039264678955e-01 2.856104671955108643e-01 8.518622815608978271e-02 9.392446279525756836e-01 1.702630668878555298e-01
7.456288337707519531e+00 1.012635469436645508e+00 2.136056423187255859e-01 2.917416691780090332e-01 7.574634253978729248e-02 9.382708668708801270e-01 1.696968525648117065e-01
7.568912029266357422e+00 9.078454375267028809e-01 2.308209240436553955e-01 2.987849116325378418e-01 6.625099480152130127e-02 9.371417760848999023e-01 1.676409393548965454e-01
7.672939777374267578e+00 7.905773520469665527e-01 2.489581257104873657e-01 3.065371215343475342e-01 5.679507926106452942e-02 9.358549714088439941e-01 1.642701178789138794e-01
7.764991283416748047e+00 6.634899973869323730e-01 2.667822241783142090e-01 3.147964775562286377e-01 4.747391492128372192e-02 9.344120025634765625e-01 1.597607433795928955e-01
7.844918727874755859e+00 5.280835032463073730e-01 2.834588587284088135e-01 3.233634233474731445e-01 3.838368877768516541e-02 9.328221082687377930e-01 1.542901396751403809e-01
7.914476871490478516e+00 3.866686820983886719e-01 2.985031008720397949e-01 3.320409655570983887e-01 2.962141111493110657e-02 9.311048388481140137e-01 1.480377018451690674e-01
7.976636886596679688e+00 2.414343208074569702e-01 3.119473159313201904e-01 3.406367599964141846e-01 2.128472179174423218e-02 9.292902350425720215e-01 1.411843299865722656e-01
8.033745765686035156e+00 9.368164092302322388e-02 3.240453898906707764e-01 3.489620983600616455e-01 1.347178220748901367e-02 9.274216890335083008e-01 1.339135766029357910e-01
8.086560249328613281e+00 -5.614807084202766418e-02 3.348007202148437500e-01 3.568339943885803223e-01 6.281130015850067139e-03 9.255542755126953125e-01 1.264095306396484375e-01
8.135332107543945312e+00 -2.077929675579071045e-01 3.438662588596343994e-01 3.640735447406768799e-01 -1.883059740066528320e-04 9.237549901008605957e-01 1.188577264547348022e-01
8.183115005493164062e+00 -3.601537942886352539e-01 3.523437380790710449e-01 3.705070018768310547e-01 -5.837749689817428589e-03 9.221010804176330566e-01 1.114444956183433533e-01
8.227934837341308594e+00 -5.138720870018005371e-01 3.590490520000457764e-01 3.759637176990509033e-01 -1.056845858693122864e-02 9.206786155700683594e-01 1.043567061424255371e-01
8.272763252258300781e+00 -6.679687500000000000e-01 3.654528856277465820e-01 3.802759945392608643e-01 -1.428162492811679840e-02 9.195787310600280762e-01 9.778042137622833252e-02
8.316003799438476562e+00 -8.229467868804931641e-01 3.704965114593505859e-01 3.830318152904510498e-01 -1.684833317995071411e-02 9.189959168434143066e-01 9.191977232694625854e-02
8.359433174133300781e+00 -9.782629013061523438e-01 3.752124011516571045e-01 3.827767074108123779e-01 -1.802921108901500702e-02 9.195547103881835938e-01 8.704087883234024048e-02
8.402260780334472656e+00 -1.134149789810180664e+00 3.788561820983886719e-01 3.826782703399658203e-01 -1.811391487717628479e-02 9.199585318565368652e-01 8.309947699308395386e-02
8.445191383361816406e+00 -1.290403366088867188e+00 3.820059001445770264e-01 3.827277719974517822e-01 -1.698770932853221893e-02 9.202088117599487305e-01 8.029146492481231689e-02
8.488306999206542969e+00 -1.447031259536743164e+00 3.843484520912170410e-01 3.788275718688964844e-01 -1.417317241430282593e-02 9.219807982444763184e-01 7.899440079927444458e-02
8.531622886657714844e+00 -1.604024648666381836e+00 3.860040307044982910e-01 3.730672001838684082e-01 -9.979465976357460022e-03 9.243769645690917969e-01 7.904722541570663452e-02
8.575646400451660156e+00 -1.762462139129638672e+00 3.871932923793792725e-01 3.655883073806762695e-01 -4.537682980298995972e-03 9.272891879081726074e-01 8.036954700946807861e-02
8.620673179626464844e+00 -1.922277212142944336e+00 3.876620531082153320e-01 3.565288782119750977e-01 2.020549029111862183e-03 9.305986166000366211e-01 8.288017660379409790e-02
8.666314125061035156e+00 -2.083586454391479492e+00 3.878536820411682129e-01 3.460261821746826172e-01 9.562868624925613403e-03 9.341802000999450684e-01 8.649665117263793945e-02
8.713774681091308594e+00 -2.246064424514770508e+00 3.874066174030303955e-01 3.342175185680389404e-01 1.795600354671478271e-02 9.379075765609741211e-01 9.113579988479614258e-02
8.761959075927734375e+00 -2.410032272338867188e+00 3.867391943931579590e-01 3.212439119815826416e-01 2.706536650657653809e-02 9.416561126708984375e-01 9.671391546726226807e-02
8.812532424926757812e+00 -2.575009107589721680e+00 3.856378197669982910e-01 3.072499930858612061e-01 3.675555810332298279e-02 9.453080296516418457e-01 1.031464040279388428e-01
8.864307403564453125e+00 -2.741355419158935547e+00 3.843496739864349365e-01 2.923856973648071289e-01 4.689010977745056152e-02 9.487544894218444824e-01 1.103489175438880920e-01
8.919661521911621094e+00 -2.908311605453491211e+00 3.827426135540008545e-01 2.768067717552185059e-01 5.733187496662139893e-02 9.518987536430358887e-01 1.182372719049453735e-01
8.976622581481933594e+00 -3.076500892639160156e+00 3.810497820377349854e-01 2.606747746467590332e-01 6.794358044862747192e-02 9.546582102775573730e-01 1.267278641462326050e-01
9.040501594543457031e+00 -3.244026422500610352e+00 3.790588378906250000e-01 2.441577911376953125e-01 7.858826220035552979e-02 9.569670557975769043e-01 1.357382237911224365e-01
9.108180046081542969e+00 -3.411843299865722656e+00 3.766027688980102539e-01 2.274291366338729858e-01 8.912971615791320801e-02 9.587765932083129883e-01 1.451876163482666016e-01
9.180691719055175781e+00 -3.579474925994873047e+00 3.731695413589477539e-01 2.106676548719406128e-01 9.943324327468872070e-02 9.600563049316406250e-01 1.549970358610153198e-01
9.257898330688476562e+00 -3.746808290481567383e+00 3.674154579639434814e-01 1.940563619136810303e-01 1.093659549951553345e-01 9.607945084571838379e-01 1.650906503200531006e-01
9.336850166320800781e+00 -3.914895534515380859e+00 3.565075695514678955e-01 1.777818351984024048e-01 1.187975034117698669e-01 9.609981179237365723e-01 1.753950715065002441e-01
9.406446456909179688e+00 -4.087252616882324219e+00 3.337188661098480225e-01 1.620329916477203369e-01 1.276003718376159668e-01 9.606908559799194336e-01 1.858404874801635742e-01
9.423204421997070312e+00 -4.265579700469970703e+00 2.832922339439392090e-01 1.470005363225936890e-01 1.356497704982757568e-01 9.599127173423767090e-01 1.963609457015991211e-01
9.349312782287597656e+00 -4.419245719909667969e+00 2.093133479356765747e-01 1.328762322664260864e-01 1.428239494562149048e-01 9.587178230285644531e-01 2.068943977355957031e-01
