0.8241491123727059 0.07263168815333126 0.5616964290889506 17.00519561767578 -0.299965745316354 -0.7852520364181842 0.541663909576685 5.264543533325195 0.4804152289552086 -0.6149015182751562 -0.6253777503324073 4.464320659637451
0.842574965938 0.06580638012223367 0.5345436811990077 17.019750595092773 -0.2872684699884694 -0.7846247381535925 0.5494004426899294 5.266878128051758 0.45557025026340575 -0.6164686047258324 -0.6422010638906814 4.4646759033203125
0.862443887108781 0.05782955904731969 0.5028382281500567 17.03545379638672 -0.27254527874401874 -0.7840715573628056 0.5576296835436663 5.269377708435059 0.4265086313581955 -0.6179704968969448 -0.6604565484132183 4.464930057525635
0.8830256045801647 0.048699129611237235 0.46679136284955286 17.052335739135742 -0.256057931699393 -0.7835394427586052 0.5661274390588781 5.272051811218262 0.3933193578628746 -0.6194306550507834 -0.6794155917505084 4.465115070343018
0.9035934145064921 0.038405761031792385 0.42666607409081353 17.070419311523438 -0.23808155745364612 -0.7829759274468091 0.5746876273587724 5.274905681610107 0.35614058075561245 -0.6208652789119213 -0.698348188356408 4.465264797210693
0.9234421394325989 0.026933532135790486 0.3827913269221691 17.08972930908203 -0.21890671828816421 -0.7823266461492524 0.583133661704732 5.277946472167969 0.31517370418302815 -0.622285789305487 -0.7165374607234407 4.46541690826416
0.9419082834632162 0.014260039209360156 0.33556733575413067 17.11027717590332 -0.19883591592347954 -0.781535055089847 0.5913266746939301 5.281180381774902 0.27068997780163373 -0.6236983316856455 -0.73329893424871 4.465607643127441
0.9583873465460353 0.0003542164304284612 0.28547078398878184 17.132081985473633 -0.1781847386156053 -0.7805392534894391 0.5991733244117575 5.284615516662598 0.22303338966382985 -0.6251066695315842 -0.7479958280646977 4.465878009796143
0.9723513794442699 -0.014821524941511038 0.23305174809735657 17.15515899658203 -0.1572747146932369 -0.779271536557811 0.6066304776624641 5.287997722625732 0.17261940508235596 -0.6265111289588051 -0.7600568046401383 4.46627140045166
0.9833638975847167 -0.03131276375513862 0.17892723591731502 17.179716110229492 -0.13642941606527997 -0.777655832454249 0.6137087425497345 5.2872161865234375 0.11992689172609435 -0.627909959369896 -0.768990652456201 4.466885089874268
0.9910914845855211 -0.04917215483770911 0.12377305187593719 17.205533981323242 -0.11596915627643523 -0.7756058704906327 0.6204729554565608 5.286442279815674 0.06548911340519752 -0.6292993189644208 -0.7743988269466301 4.467702388763428
0.995312799959304 -0.06845705158198621 0.06830858164148598 17.232601165771484 -0.09620209747785059 -0.7730222160541628 0.6270421117656877 5.285686492919922 0.009878596966796951 -0.6306744687835495 -0.7759846182409514 4.468759536743164
0.9959224650946484 -0.08922989183126787 0.013284198266313354 17.260892868041992 -0.07742065844105034 -0.7697904327192061 0.633584036525962 5.284965515136719 -0.04630858631347658 -0.6320290468781933 -0.7735598223381884 4.470095634460449
0.9929310304580141 -0.11155725254503113 -0.04053329690748614 17.290380477905273 -0.059897399073011254 -0.765776467198781 0.6403114116340912 5.284295082092285 -0.10247082676486371 -0.6333572307072514 -0.7670452059513617 4.471743583679199
0.98646053450008 -0.1355053540515281 -0.09237917999845288 17.32103729248047 -0.04387683054587382 -0.7608243608683277 0.647472868659799 5.283693313598633 -0.15802037088636775 -0.6346531264656865 -0.7564687511406297 4.473733425140381
0.9767356350592162 -0.1611392006591163 -0.1414979053428368 17.352827072143555 -0.029578488740111236 -0.7547516940494858 0.6553434163347351 5.283185958862305 -0.21239729802735358 -0.6359119737356516 -0.74195912923173 4.47609281539917
0.9640701544017528 -0.18852108402864126 -0.18715912552810932 17.385711669921875 -0.017194144008367537 -0.747344305931335 0.6642144607006315 5.282797336578369 -0.26509073692530283 -0.6371312967267244 -0.7237337990778948 4.478847026824951
0.9488513824773772 -0.21770317932331687 -0.22866215183822952 17.419584274291992 -0.006889084542068602 -0.7383528607959087 0.6743794135860538 5.28175163269043 -0.31564789637338314 -0.6383105659998253 -0.7020869083297598 4.4820404052734375
0.9315201697655786 -0.248725156098995 -0.26534123321383374 17.454248428344727 0.0011932955214057905 -0.7274872713902525 0.6861201396336969 5.278253078460693 -0.3636877085711121 -0.6394513794564023 -0.6773722639329118 4.485747337341309
0.912550173753629 -0.2816072316406162 -0.29656288956969984 17.48988914489746 0.006926661243897625 -0.7144083681904132 0.6996947225923055 5.274868011474609 -0.408906103826091 -0.6405607313496663 -0.6499828826258018 4.489906311035156
0.8924238989559631 -0.31634247157508016 -0.3217250771233215 17.5264835357666 0.01019577415615086 -0.6987254728230529 0.7153172441774058 5.271646499633789 -0.45108273161538154 -0.6416464402659545 -0.6203339543604195 4.494531154632568
0.8715938814410841 -0.35279890798376046 -0.34037778476265357 17.561946868896484 0.010996891364282696 -0.6800792199273576 0.7330561526945386 5.268912315368652 -0.49010526850339753 -0.6426703549631511 -0.5888731957193755 4.4993510246276855
0.8504128061309938 -0.3904587022411883 -0.35261886082927557 17.596317291259766 0.009734731870070512 -0.6584375684755682 0.752572390813933 5.266668796539307 -0.5260259443828097 -0.6434298487512904 -0.5561427294967226 4.50431489944458
0.8291809740045403 -0.42868639423459703 -0.35872954679956537 17.629655838012695 0.006864993673780684 -0.6338989783041452 0.7733853872208991 5.264904499053955 -0.5589380862052082 -0.6437391247260809 -0.5226740428662576 4.509366512298584
0.8081726836110011 -0.4668371534541025 -0.3590542934151656 17.662025451660156 0.0027836630329902134 -0.6066214618108648 0.7949859453415316 5.263598918914795 -0.5889390161002341 -0.6434854110431103 -0.4889553774012184 4.514455795288086
0.787646907442022 -0.5042748525238082 -0.35400455125479724 17.693490982055664 -0.0021714493017770398 -0.5768327861297808 0.8168593646728209 5.26272439956665 -0.6161230672560059 -0.6426280494639541 -0.45543556738270374 4.519540786743164
0.7678546969498277 -0.540390462925865 -0.3440600412004533 17.723886489868164 -0.0077174005519397015 -0.5448339777275284 0.8385084247891131 5.260932445526123 -0.6405775566633671 -0.641197383254461 -0.4225237385127876 4.524711608886719
0.7490432223881653 -0.5746197177646861 -0.32976723753336346 17.753433227539062 -0.01362499151010127 -0.5110012676907385 0.8594719681437015 5.259108543395996 -0.6623810161838147 -0.6392885767589551 -0.39059122497158905 4.529849529266357
0.7314595910462274 -0.6064552340241463 -0.31173532971288986 17.78225326538086 -0.019712617622864748 -0.47578272832818086 0.8793419176469682 5.257619380950928 -0.6815997941409174 -0.6370579601176888 -0.35997066002349226 4.534892559051514
0.7153526869986433 -0.6354583509105205 -0.2906255622995043 17.81039047241211 -0.02584436528125572 -0.43969038380460246 0.8977774975866629 5.256402492523193 -0.6982854731318919 -0.6347165120333985 -0.3309567152440429 4.539823532104492
0.7063746710363291 -0.6564333376982352 -0.26482087772053087 17.837892532348633 -0.032169127081222826 -0.40351100917200566 0.9144091057835226 5.255359172821045 -0.7071067609499642 -0.637396374821307 -0.30614684382417867 4.5446600914001465
0.7060388791917275 -0.667999849058662 -0.23512826866902667 17.86478614807129 -0.03884729189420011 -0.3680541178800679 0.9289924941699002 5.254386901855469 -0.7071067733957694 -0.64677072287568 -0.2858105019916065 4.5494232177734375
0.7056445164272698 -0.6779216390467461 -0.20612633928806384 17.891063690185547 -0.04545135109803988 -0.33361357221020477 0.9416135933176141 5.253450393676758 -0.7071067749070767 -0.655075748100416 -0.2662250422691162 4.55405855178833
0.7052016709433875 -0.6862140907493518 -0.1783278580471792 17.916725158691406 -0.051871159463249716 -0.30077803593124663 0.9522824979580797 5.252475261688232 -0.7071067713680818 -0.6623011360086757 -0.24770389404897397 4.558553218841553
0.7047244810316946 -0.6929531923562247 -0.15224742703220195 17.941757202148438 -0.057994619199073616 -0.2701355415029818 0.9610740935853205 5.251387596130371 -0.7071068023845924 -0.6684629102801499 -0.23055868580738625 4.562893390655518
0.7042316977771714 -0.6982625407893678 -0.12840225845466813 17.96614646911621 -0.06369959611260512 -0.2422692124236876 0.9681156904867811 5.250115871429443 -0.7071068358465882 -0.6735985843527157 -0.2150927006131158 4.567062854766846
0.70374717259938 -0.7022988310156987 -0.10731388080002113 17.989871978759766 -0.06884672844631534 -0.21775420533067896 0.9735724082178189 5.248587608337402 -0.7071068130350727 -0.6777606199941003 -0.20159488323019276 4.571044921875
0.7033001354587951 -0.7052355062330768 -0.08950865998224017 18.012907028198242 -0.07327301266571445 -0.19715305077616846 0.9776306767816463 5.246732234954834 -0.7071067706354752 -0.6810092182326355 -0.19033249749752174 4.5748186111450195
0.7029255511750124 -0.7072422137637722 -0.07552562860263823 18.035114288330078 -0.07678324497451627 -0.18101874848518557 0.9804777131521352 5.243985652923584 -0.7071067831639634 -0.6834037340894297 -0.18154705570770308 4.578500747680664
0.7026632892421035 -0.7084624036314119 -0.06591907608781072 18.05656623840332 -0.0791471272050962 -0.16989564492180353 0.9822785766226325 5.240677356719971 -0.7071068053743002 -0.6849937901013461 -0.17545219666890655 4.581949234008789
0.7025561918955008 -0.7089853968502378 -0.061274009844333344 18.077280044555664 -0.08009207785567685 -0.16433425993660006 0.9831477559735619 5.236860275268555 -0.7071068209924529 -0.6858089807404107 -0.1722381654620902 4.5850958824157715
0.720914344651665 -0.69063635672868 -0.05747982637409316 18.09731101989746 -0.08145875300751404 -0.1668106670247918 0.9826182742678893 5.2322235107421875 -0.6882201531733296 -0.7037013742570635 -0.17651457909985574 4.588170528411865
0.7422559900818844 -0.6676211508130359 -0.057775809597437444 18.116607666015625 -0.08145190644586547 -0.17546274027365083 0.9811108060316099 5.2270002365112305 -0.6651478272714236 -0.7235294228728636 -0.18461728552160372 4.590949058532715
0.7659292778718313 -0.6399713957745202 -0.061554479034005294 18.135177612304688 -0.0799757472946796 -0.18983674069706363 0.978552958059079 5.221247673034668 -0.6379312040834755 -0.7445794950654554 -0.1965837083399305 4.593419075012207
0.7912446597552263 -0.6076892279782661 -0.06815930316556351 18.15304183959961 -0.07688922172167101 -0.20944806586630393 0.9747920574604104 5.215025901794434 -0.6066464670562848 -0.7660582940638677 -0.21244941540066586 4.5955634117126465
0.8174900750017791 -0.5707877752875947 -0.07688493256694831 18.17022705078125 -0.07203274388307118 -0.23377366584552084 0.9696190782806527 5.208400249481201 -0.5714203891026831 -0.7871157403707444 -0.23222306125437486 4.597362041473389
0.8439453587722048 -0.5293283458255825 -0.08699272218069151 18.1867618560791 -0.0652459146967784 -0.2622563312840434 0.9627900016705693 5.201441764831543 -0.5324464311292124 -0.8068662336515182 -0.2558665256941169 4.598794937133789
0.8699014287962696 -0.4834485857682308 -0.09771882672702328 18.202680587768555 -0.05638959447205069 -0.29430570148900687 0.9540463131873321 5.194221496582031 -0.4899915487163897 -0.8244159259680522 -0.28327841992773245 4.599843978881836
0.8946776876219131 -0.4333880064559392 -0.10828975543260413 18.218015670776367 -0.04536100252829253 -0.3293014427290084 0.9431346347506393 5.186819553375244 -0.44440321187085796 -0.8388893822648731 -0.3142775677679288 4.600497245788574
0.9176423954679547 -0.37950373329205417 -0.11793790933040707 18.232791900634766 -0.03210987693118067 -0.36660201954869054 0.9298235935199138 5.179315090179443 -0.3961078007857184 -0.8494585779661153 -0.34859537357298187 4.600748062133789
0.9382321423355526 -0.322278543129207 -0.1259245318710974 18.247037887573242 -0.016645875868805116 -0.40555725198598064 0.9139180653527645 5.171788692474365 -0.34560578974461564 -0.8553711802487243 -0.38587145799463446 4.600597858428955
0.9559708805172048 -0.262321875357598 -0.13155572702103474 18.260766983032227 0.0009504516400374585 -0.44551952615062984 0.8952717176702267 5.164322376251221 -0.29346000109868486 -0.8559787295998604 -0.4256543694451741 4.6000566482543945
0.9704862802774537 -0.20036206819919133 -0.1342066370198373 18.27399444580078 0.020526570347034825 -0.48586180822484687 0.8737945772424265 5.156994342803955 -0.24028116801576435 -0.8507604509704392 -0.4674094729052411 4.599143028259277
0.9815237378377408 -0.1372301780201947 -0.13333803021484655 18.286724090576172 0.04185659699694668 -0.5259918115804718 0.8494590275217098 5.149878978729248 -0.1867061256329445 -0.8393452760281905 -0.5105294607172988 4.597886085510254
0.9889543993390839 -0.07384213572838995 -0.12851667214389847 18.2989501953125 0.06464517181490372 -0.5653702544498056 0.8223001137932453 5.14304256439209 -0.1333799002432294 -0.821525297464681 -0.5543518628422512 4.5963215827941895
0.992780297905948 -0.011168008123678567 -0.1194259422584846 18.310659408569336 0.08853362252545319 -0.6035263415275144 0.7924126152232401 5.136544704437256 -0.0809263725388579 -0.7972648434974189 -0.5981803169201897 4.5944952964782715
0.993131661821831 0.04979115970995359 -0.10587890583938844 18.321836471557617 0.11310880681660429 -0.6400715887261789 0.759943918408503 5.130434513092041 -0.029931590461121142 -0.7667002032869713 -0.6413071792613773 4.592458724975586
0.9902604443934783 0.10803697986291716 -0.08781949243607949 18.33245277404785 0.13791328975536948 -0.674708644439323 0.7250849395951504 5.124747276306152 0.019083416321049207 -0.7301344096130185 -0.6830370173867347 4.590269088745117
0.9845273062344664 0.16260019735960227 -0.06532349575247358 18.342487335205078 0.1624566497866359 -0.7072347500381708 0.688060204690366 5.119510650634766 0.06567967888782168 -0.6880262961232401 -0.7227074066481733 4.587987422943115
0.9763841444165903 0.21256697600097144 -0.038591232756746384 18.351903915405273 0.18622627582300585 -0.7375486619956223 0.6491084234406151 5.114735126495361 0.10951610258302974 -0.6409658742103744 -0.7597163756118158 4.585677623748779
0.9663524547220173 0.2570990547047332 -0.007937841184112227 18.360675811767578 0.20869760786136396 -0.7656406266106393 0.608473285655346 5.110423564910889 0.15036037285693313 -0.5896562616925224 -0.7935346566603905 4.5834059715271
0.9549705459653979 0.29554379200508857 0.026174860950971546 18.3687686920166 0.22944216908070897 -0.7915444962572626 0.5664040973477996 5.106570720672607 0.1881157818634287 -0.5348936132092897 -0.8237118884426895 4.581225395202637
0.9426661351308747 0.3277309991636472 0.0630313403365106 18.37614631652832 0.24842632023952055 -0.8151870163255004 0.5232155309493207 5.10318660736084 0.2228562789998763 -0.47755891846088055 -0.8498662002390749 4.579139709472656
0.9297977673442355 0.35369854959735225 0.10185012446926478 18.38276481628418 0.2657025886294172 -0.8364837703116508 0.47926718686014014 5.10028076171875 0.25471208498479625 -0.4185597185801987 -0.8717393622779477 4.577143669128418
0.9166803936486962 0.3735959489389504 0.1418559933047483 18.38857078552246 0.281308803341118 -0.8553883960976731 0.43494373082530874 5.097860336303711 0.28383518644251954 -0.3587990506646522 -0.8892136009864473 4.575232028961182
0.9035883717479429 0.3876789157497319 0.18229951378161585 18.399944305419922 0.2952696218733829 -0.8718999741408846 0.39064854472002614 5.094531536102295 0.31039314560835707 -0.29915797394727267 -0.9023084848227421 4.57433557510376
0.890759361818628 0.3963001215059042 0.22247240958571873 18.41683006286621 0.30759676813769365 -0.8860664146730481 0.34680042822882345 5.090288162231445 0.3345623821706741 -0.2404839339391614 -0.9111725906508759 4.574453353881836
0.8783975823704353 0.3998987169658995 0.2617225696320473 18.439176559448242 0.31829087585554194 -0.8979871876088596 0.30382549142137977 5.085118770599365 0.35652293843858973 -0.18357567120770202 -0.9160738874718324 4.575585842132568
0.8705646109411953 0.38800292033582273 0.302606992628522 18.46734046936035 0.31685946994301484 -0.9125611466860954 0.25851930269593026 5.078305721282959 0.3764536285975164 -0.12917386488694838 -0.9173858392987824 4.579177379608154
0.8634687618753824 0.3722371450464915 0.3403839084225803 18.500898361206055 0.31427686562201396 -0.9248585080997244 0.21416533736894652 5.070422172546387 0.3945272474749962 -0.07795029084736863 -0.9155719541120805 4.58390998840332
0.8566970713291826 0.3547493758436345 0.3744636274921147 18.53973960876465 0.31181220313266483 -0.9344635824023693 0.17190393579346652 5.061617851257324 0.41090543675346425 -0.030507269662856842 -0.9111673987496276 4.58950138092041
0.8502792403422971 0.33640397774606 0.4047932524135683 18.58377456665039 0.30947626611583445 -0.9416331135600616 0.1324821503380188 5.051860332489014 0.4257342529723533 0.012627082157510988 -0.904760135418366 4.595950603485107
0.8442373726484409 0.31804669771744276 0.4314041686106973 18.632915496826172 0.307277264496569 -0.9467026764754061 0.09661638100140155 5.04110860824585 0.4391400019893006 0.05099353317168773 -0.8969702995236268 4.603255748748779
0.8385914832080713 0.3004897030101078 0.454389989629816 18.687076568603516 0.3052222765507412 -0.9500614628108507 0.06498137255313659 5.029313087463379 0.4512246515739915 0.08419712148644905 -0.8884296024701822 4.611416339874268
0.8333650204295003 0.2845027348883988 0.47387860952522465 18.746179580688477 0.30332002729253077 -0.9521224916351402 0.038206307931427624 5.016422748565674 0.46206028153023204 0.11189707218472769 -0.879760957004054 4.620431900024414
0.8285896000650417 0.2708048023907411 0.49000411596859655 18.810152053833008 0.3015818396226376 -0.9532909688476423 0.016873728792092417 5.002386569976807 0.4716859852421735 0.13379494652502777 -0.8715567931067285 4.630300521850586
0.8243106135684339 0.26005893349675147 0.5028731087132863 18.878881454467773 0.3000244854917734 -0.9539302886148495 0.0015207131837002008 4.98752498626709 0.48010136478021914 0.14962070569183478 -0.8643589092295219 4.641774654388428
0.820592070948296 0.2528638761498824 0.5125314753605322 18.95232391357422 0.2986709984067107 -0.9543277585305464 -0.007359620153360405 4.971661567687988 0.48726203197820117 0.15911753340383344 -0.8586368980867026 4.65455961227417
0.817520655873215 0.2497438210171224 0.5189296687263079 19.030447006225586 0.2975531233470495 -0.9546597884602573 -0.009318105141703517 4.954594135284424 0.4930741485892802 0.16202688715390368 -0.8547661503780858 4.668281555175781
0.8152090922619913 0.2511293867306321 0.5218890370698325 19.113195419311523 0.29671177048957875 -0.954958892278227 -0.003954656961278058 4.936319351196289 0.4973894461549419 0.15807449249970243 -0.853004216680458 4.682936191558838
0.8137976513116587 0.2573295432762484 0.5210709058054052 19.200580596923828 0.2961980910626823 -0.9550834696450947 0.009069556853024768 4.91799783706665 0.5000000735704456 0.1469594235424346 -0.8534652038962247 4.6995015144348145
0.8190959545933654 0.2509135673345371 0.515872269943094 19.293821334838867 0.2812149071927456 -0.9594333265915507 0.02014616087611734 4.899606227874756 0.4999999931413592 0.12856933364114334 -0.8564285920645767 4.720282554626465
0.8251572644684144 0.24622558597139182 0.508417593822291 19.391796112060547 0.2642871619436657 -0.9637036215991295 0.037783935058228225 4.880177974700928 0.4992672480012743 0.10319055446002087 -0.8602813054713367 4.742414951324463
0.832925443694154 0.24316092680866166 0.4970995563470652 19.4946346282959 0.246067340015549 -0.9673388889976298 0.06087970113677615 4.8611016273498535 0.49566729711023766 0.0716117134719151 -0.8655551357764839 4.766900539398193
0.8418587782154555 0.2412023035119529 0.4827993851716341 19.602373123168945 0.22674109463686784 -0.9698648196117327 0.08916674089802747 4.843295574188232 0.4897573619094001 0.03440465753395562 -0.8711796863997207 4.794417858123779
0.8517675723919171 0.23991244780545162 0.46576176314675793 19.71507453918457 0.20665059065677133 -0.9707634339646398 0.12212243306775336 4.824892044067383 0.48144318045101414 -0.007769984889097907 -0.8764428625598109 4.823338031768799
0.8624480197011953 0.23885790295631756 0.4462401993420105 19.83264923095703 0.1861591039225736 -0.9695403238697645 0.15917395646668117 4.809772968292236 0.47066782484065267 -0.05420758789895417 -0.880643705521107 4.856562614440918
0.873685800881127 0.23762734358367835 0.424507204791707 19.955305099487305 0.16564086784619816 -0.9657561696436079 0.19969507679075385 4.794615745544434 0.4574234627102791 -0.10415501128928581 -0.8831282519461523 4.891421318054199
0.8852597532881855 0.2358473773561373 0.4008630486866714 20.08284568786621 0.1454692062633045 -0.9590548907558137 0.24300705040487633 4.783090114593506 0.44176224288327887 -0.156811131975972 -0.8833212267635987 4.930454730987549
0.8969474442526381 0.2331967542998074 0.37563886384757417 20.215452194213867 0.12600377203562946 -0.9491875553233245 0.2883852185049086 4.773370265960693 0.42380223180329546 -0.21133447093024377 -0.8807550225319071 4.972154140472412
0.9085313343886207 0.22941992358608193 0.3491952363589587 20.3531436920166 0.10757773212439709 -0.9360301682031414 0.33507395566437326 4.766226768493652 0.40372991712901857 -0.26685955646248694 -0.8750932128291481 5.016936302185059
0.9198050947184309 0.2243368831974007 0.32191854647922036 20.49585723876953 0.0904850322307173 -0.9195957492239986 0.38230369727660063 4.762876510620117 0.3817997468205344 -0.32251607843087204 -0.8661479853243019 5.065174579620361
0.9305806612983669 0.217849473370902 0.2942129157081902 20.643884658813477 0.07496922847513145 -0.9000404853186008 0.42930960805612206 4.762324333190918 0.35832840746909467 -0.3774503036685469 -0.8538922769654169 5.115804672241211
0.9406943121288255 0.20994551472214543 0.266490322481941 20.797603607177734 0.06121403847877219 -0.8776619584977355 0.4753549495892921 4.763824939727783 0.33368705791743686 -0.4308507484663017 -0.8384632251473122 5.167779445648193
0.95001201165008 0.20069826393788237 0.23915974697446044 20.9576416015625 0.04933660525744936 -0.852891914505785 0.519751172728188 4.765784740447998 0.30829057251599257 -0.48197052713104377 -0.8201593344434878 5.219229221343994
0.9584331773320595 0.1902629885735514 0.2126166497907309 21.124122619628906 0.03938401603812046 -0.8262833836565168 0.5618760265163898 4.7676825523376465 0.28258581682363804 -0.5301469278154862 -0.7994307293680417 5.269901752471924
0.9658932510019831 0.17886972201262474 0.18723207582021395 21.296735763549805 0.031332845671664625 -0.7984922210511276 0.6011891763022291 4.769525527954102 0.2570378969158743 -0.5748180542293043 -0.776862744686023 5.321043968200684
0.9723641170102044 0.16681348682344277 0.16334406804279888 21.475080490112305 0.02509264998332332 -0.7702549997102366 0.6372421787187332 4.771358489990234 0.2321171748660143 -0.6155326929052498 -0.7531541151032977 5.374281406402588
0.9778521525646291 0.1544424541385408 0.14125401263109805 21.658788681030273 0.02051239619039162 -0.7423670313421544 0.6696793504198599 4.773204803466797 0.20828924438686236 -0.6519499360655707 -0.7290931843988453 5.431024551391602
0.9823951919771959 0.14214301257783538 0.12122314447078693 21.847524642944336 0.017390176632335032 -0.715659521861408 0.6982327910702825 4.7750654220581055 0.18600341001386006 -0.6838324449339895 -0.7055323654651272 5.4923996925354
0.9860566761618393 0.13032693817031116 0.10347521724460286 22.04106330871582 0.015485409065886468 -0.690973674097214 0.722714040136664 4.776900291442871 0.16568775906121738 -0.7110346481654387 -0.6833573703455046 5.559001445770264
0.9889322395670187 0.11936611445883824 0.08811785439943248 22.23949432373047 0.014539389046745753 -0.6690236342873394 0.74309890521458 4.778609275817871 0.1476537561699919 -0.7335932847865767 -0.6633545513561602 5.630446434020996
0.9911695213764204 0.10941501359150022 0.07490884257021538 22.44319725036621 0.014328861524679354 -0.6499898771779691 0.7598077673290629 4.780142784118652 0.13182436657099494 -0.7520249426494712 -0.6458179480404795 5.70542573928833
0.9929040343913424 0.10052226620401392 0.0635362297166357 22.652441024780273 0.014686511902801985 -0.6338491896594127 0.773317212491895 4.78150749206543 0.1180079864141601 -0.766896654553477 -0.630827739067616 5.783042907714844
0.9942457869376845 0.0926869956456576 0.053706945499131284 22.867488861083984 0.015492698426902055 -0.6205028278371479 0.7840511570947115 4.7827253341674805 0.10599665774031687 -0.7787074941749854 -0.6183682940316374 5.862436771392822
0.9952829972929945 0.08586906586950674 0.04514707992962118 23.088590621948242 0.016667595984271706 -0.6097972158142565 0.7923821974459587 4.7838335037231445 0.09557168274953821 -0.7878920351874866 -0.6083520315939958 5.942816257476807
0.9960856393872396 0.07999791174691406 0.037599642586695875 23.31602668762207 0.01816394469226111 -0.6015338552607475 0.7986407778772373 4.78489875793457 0.08650705242771138 -0.7948316520441767 -0.6006323124749403 6.02325963973999
0.9967085555977795 0.07497997952999808 0.03082300874135704 23.544267654418945 0.019960430529910495 -0.595483005210578 0.8031198987190143 4.786009788513184 0.078572491441021 -0.7998612336993588 -0.5950196386790028 6.10052490234375
0.997194204304191 0.07070466927021525 0.02458797766228319 23.773725509643555 0.022055915743657076 -0.5913896869091455 0.8060842231418572 4.787280559539795 0.07153499481261014 -0.8032802051344801 -0.5912898244991769 6.173065662384033
0.9975749006508139 0.06704886623196003 0.018675307990171388 24.00505828857422 0.02446449362057075 -0.5889826288454139 0.8077753100152509 4.788805961608887 0.0651598507012415 -0.8053594926834564 -0.5891946040157172 6.238146781921387
0.9978745201243862 0.06388052161156799 0.012873268627652378 24.23952293395996 0.027211236819010453 -0.5879787456820402 0.8084185445775933 4.784119606018066 0.059211406648596296 -0.806349969668759 -0.5884672766924988 6.288177490234375
0.9981096384960486 0.06106137867521883 0.006975498230857257 24.12812042236328 0.030329041888824536 -0.5880885839357053 0.8082276700674154 4.734716892242432 0.05345370669460714 -0.8064882674154525 -0.5888288170273501 6.203081130981445
0.998290096099654 0.058448921429102366 0.0007794954252043039 23.907556533813477 0.033856044278507136 -0.5890190100697131 0.8074096692771934 4.700766086578369 0.04765136194438792 -0.8060026857028887 -0.5899906934389517 6.116945743560791
0.9984190345895272 0.05589672391517468 -0.00591503380104226 23.685401916503906 0.03783405127851926 -0.5904770209029728 0.8061671491380711 4.669726371765137 0.041569411027474384 -0.805116416452367 -0.5916582966761541 6.035130500793457
0.9984922691498926 0.05325525750456952 -0.013306614746826073 23.461891174316406 0.04230779537298598 -0.5921696769280252 0.8047018852827649 4.641182899475098 0.03497483235951251 -0.8040515849590003 -0.5935299569746616 5.957657337188721
0.9984971576196331 0.05037062369616973 -0.021592278572947588 23.238780975341797 0.047324892719949184 -0.5938101901319188 0.8032121840613096 4.612771987915039 0.02763658362674749 -0.8030269350177195 -0.5953015713749532 5.880389213562012
0.9984108022803135 0.047084274683232404 -0.030966771990872905 23.015310287475586 0.05293674266699056 -0.5951130580182173 0.8018965952365771 4.585412979125977 0.01932798918122657 -0.8022615030361109 -0.5966597938360274 5.805178165435791
0.9981977624632407 0.04323022140612367 -0.04162180883332092 22.791933059692383 0.05920012849388399 -0.5957971625572974 0.8009501144734179 4.558560848236084 0.009827095180551089 -0.8019706285431225 -0.5972826292087033 5.730806827545166
0.9978071442189095 0.038632357498908934 -0.053744245271292734 22.568939208984375 0.06617954900628234 -0.5955860796957374 0.8005607340895429 4.5318732261657715 -0.0010817758683992172 -0.8023619897694176 -0.5968367173140668 5.656495094299316
0.9971691269635732 0.03310171282915482 -0.06751302717610486 22.346126556396484 0.07395020268319481 -0.5942044280631147 0.8009072762769116 4.5055365562438965 -0.013605137037888005 -0.8036326115072503 -0.5949701891424624 5.582706928253174
0.9961909419763512 0.026431968401321167 -0.08309607795017725 22.123552322387695 0.08260164255939174 -0.5913786805807678 0.8021522454004856 4.479520320892334 -0.027938786136137993 -0.8059606734828827 -0.5913094088785139 5.509230613708496
0.9947594348964405 0.018458799241904987 -0.10056311160192608 21.901302337646484 0.09220786368534734 -0.5869175724761256 0.8043789361944507 4.453761577606201 -0.0441743880444177 -0.8094362456977564 -0.5855438391714342 5.435782432556152
0.9927736617890418 0.009251544216418266 -0.11964474659419488 21.679401397705078 0.1027204537211526 -0.5809689920482529 0.8074178216176291 4.4282426834106445 -0.06204002615487844 -0.813873110016573 -0.5777210364411646 5.362366676330566
0.9901527036376283 -0.0010551775544809724 -0.1399875354430655 21.457977294921875 0.11405343305016552 -0.5737622239615412 0.8110417527872272 4.402647495269775 -0.08117535271599632 -0.8190212432867873 -0.5679918706780924 5.288787841796875
0.9868387090190017 -0.012313384795679332 -0.1612381559575263 21.236967086791992 0.12611070779861 -0.5655237241323746 0.8150331323461542 4.377200603485107 -0.10121981900914293 -0.8246401021041383 -0.5565278521704308 5.215240478515625
0.9828018746351571 -0.024359760989834285 -0.18304938475214605 21.01639175415039 0.13878294592959645 -0.5564802447273608 0.819188031618675 4.351909160614014 -0.12181859108003079 -0.8305036660200211 -0.5435291083231711 5.141763687133789
0.978044158270514 -0.03701409280350576 -0.20508432755053546 20.796260833740234 0.15194506816443734 -0.5468579322417962 0.8233219893849136 4.3267436027526855 -0.14262650782174519 -0.8364068142226967 -0.5292270971789078 5.068370819091797
0.9726018085661249 -0.05007656305958829 -0.22701995464285157 20.576881408691406 0.16545555196836484 -0.5368826019565055 0.8272735533300073 4.3011651039123535 -0.16331008020556176 -0.8421694660509558 -0.5138875442688812 4.994440078735352
0.9665459410181074 -0.06333034648945521 -0.2485522301548446 20.358110427856445 0.17915648611092597 -0.526777986353272 0.8309078809218129 4.275423526763916 -0.18355352730418142 -0.8476403838345112 -0.49780908218620873 4.920337200164795
0.9599827068281321 -0.07653905383900397 -0.26939743099807517 20.13984489440918 0.19287450205126241 -0.5167668080077203 0.8341171935645433 4.2497239112854 -0.20305819128863084 -0.8526979766476184 -0.48132476725351236 4.846381664276123
0.9530510785831388 -0.08945168085307673 -0.28929576285192177 19.922088623046875 0.20642244927769707 -0.5070678743180468 0.8368225279405271 4.2240424156188965 -0.22154776921854263 -0.8572517527699416 -0.46479674947997496 4.772594928741455
0.9459199833868916 -0.10180416081800908 -0.30801184696287803 19.70498275756836 0.2196017786641724 -0.4978954129243791 0.8389727150488232 4.198127746582031 -0.23876859893393493 -0.8612410061237231 -0.4486128459307901 4.698698997497559
0.9387843099220392 -0.11332105061874076 -0.32533422649771304 19.488964080810547 0.232205290318789 -0.48946012002269196 0.8405411911711044 4.171211242675781 -0.25448914042089765 -0.8646312106291542 -0.43318373355170653 4.623697280883789
0.9318597787881464 -0.12371986392230255 -0.3410729364050359 19.273468017578125 0.24402010347615988 -0.4819654962762793 0.8415244794411176 4.144234657287598 -0.2684986811446025 -0.8674114684912846 -0.4189341267471562 4.54894495010376
0.9253771334419036 -0.13271237495615912 -0.355055751166406 19.058486938476562 0.2548308840471907 -0.47561071603719474 0.8419356669759951 4.1171746253967285 -0.2806036019700606 -0.8695871850045184 -0.4063000692066703 4.474470615386963
0.9195749747634727 -0.14000915480253084 -0.36712300712464147 18.84402084350586 0.2644229585874388 -0.4705903923060562 0.8417987774053237 4.090003967285156 -0.2906240952856873 -0.8711728411978379 -0.3957215131865624 4.400300025939941
0.9146923919221703 -0.1453223371976496 -0.3771196712863324 18.630720138549805 0.2725852194912186 -0.46709545848628925 0.8411415640523343 4.061660289764404 -0.29838754376585985 -0.8721830375402262 -0.3876359409968087 4.324983596801758
0.9109614024852271 -0.14836569903077096 -0.3848856226637455 18.418378829956055 0.27911395897732616 -0.46531473682537267 0.839986662749557 4.032444953918457 -0.3037181606130128 -0.8726223782623531 -0.3824728276225688 4.24901008605957
0.9085966342098671 -0.14886175952499603 -0.3902465026795541 18.206541061401367 0.28381569148862057 -0.4654376046683969 0.838341511214482 4.003052711486816 -0.30643238987962274 -0.8724723564169053 -0.3806457378206086 4.173421859741211
0.9077866113196039 -0.14654157096064663 -0.3930000461695338 17.995208740234375 0.28651093021445445 -0.46765559555056846 0.8361876169962641 3.973461866378784 -0.3063249176552863 -0.8716787320628103 -0.3825457265384794 4.098241329193115
0.9086816383777097 -0.1411511144886711 -0.39290462322783604 17.784570693969727 0.28703859640032703 -0.4721654064062109 0.8334678597101318 3.9433836936950684 -0.3031608883938228 -0.8701357318670829 -0.3885322172953028 4.023114204406738
0.9113316128958737 -0.13255254261331478 -0.38974929734811725 17.576032638549805 0.2853240662955365 -0.4790920530893022 0.8300969713589237 3.910706043243408 -0.2967572552258597 -0.8676984661237006 -0.39879130301122606 3.945035219192505
0.9155323260149023 -0.12101469899626763 -0.38360917956767593 17.368024826049805 0.281567178433736 -0.48826401251585116 0.8260255311494832 3.877814769744873 -0.28726378826891386 -0.8642648301931323 -0.41294771974261957 3.8673770427703857
0.9209941230919566 -0.10692239040482306 -0.37461637398837244 17.160552978515625 0.27604214490713036 -0.4994352121472222 0.82119742029705 3.844741106033325 -0.2749009993891407 -0.8597279053849407 -0.4304618092668314 3.790104627609253
0.9274077035990163 -0.09067205672220086 -0.36289603116452634 16.953622817993164 0.26902959317421626 -0.5123614082299903 0.8155420684140682 3.811514139175415 -0.2598807982551126 -0.8539697684850132 -0.4507744504870905 3.7131831645965576
0.9344571176335067 -0.07267086483613239 -0.34858118237800395 16.74998664855957 0.26081107648322255 -0.5267924321584899 0.808991542480022 3.774404764175415 -0.2424200439067308 -0.8468817383935676 -0.4733115712590886 3.6311557292938232
0.941831114948976 -0.05333132352648305 -0.3318281495667333 16.54716682434082 0.2516648513941442 -0.5424754815989432 0.8014893351983904 3.73685359954834 -0.222753122282791 -0.8383770761387194 -0.4974986680568701 3.548901081085205
0.9492353046307067 -0.03306354767648528 -0.3128244527809402 16.343320846557617 0.24186128897872028 -0.5591503865515213 0.7930031286904462 3.698976993560791 -0.20113541044828942 -0.8284066918092401 -0.5227684952533667 3.4662575721740723
0.9564008052102051 -0.012272476357595125 -0.29179939362055496 16.140012741088867 0.23165811543832923 -0.5765538393241991 0.7835305915611 3.658916473388672 -0.1778539213647903 -0.8169669862880494 -0.5485735374319374 3.380479097366333
0.9630940253426319 0.008651595804752749 -0.26902611070183713 15.940207481384277 0.22129572646048676 -0.5944190961854905 0.7731068099172002 3.613121271133423 -0.1532256499403783 -0.8041088781875597 -0.5743960412644684 3.2863948345184326
0.9691234161336276 0.029337521798643462 -0.24482465994299107 15.739395141601562 0.210992624819478 -0.6124797916241039 0.7618074672276985 3.5670597553253174 -0.12760061353016333 -0.7899416526977218 -0.5997585087015586 3.1917736530303955
0.9743454761436441 0.04944217508901577 -0.21955947813948512 15.541300773620605 0.20094187587856938 -0.6304732069749075 0.7497505570555965 3.5168328285217285 -0.10135706998930834 -0.7746347569075653 -0.6242337204556798 3.0912721157073975
0.9786681645849283 0.0686538279960091 -0.19363696839566105 15.348085403442383 0.19130768383179447 -0.6481429136377922 0.73709709917217 3.460176944732666 -0.0748998914210294 -0.7584177050956867 -0.6474508404987286 2.9817652702331543
0.9820528106643805 0.08670001120589127 -0.16749741825798056 15.15639877319336 0.18222319783530516 -0.6652437831911407 0.7240479370153705 3.4010374546051025 -0.048651651943852764 -0.7415752267858178 -0.6691032803541598 2.8687524795532227
0.9845129328206804 0.10334560878118786 -0.1416120413470127 14.97655963897705 0.1737897341224824 -0.6815434313229632 0.7108415291287912 3.3302526473999023 -0.02305240600152697 -0.7244433976275627 -0.6889487282892494 2.740692138671875
0.9861116763714424 0.11839900877845465 -0.11647075360013251 14.806559562683105 0.16607724640624127 -0.6968269449688655 0.6977467713945209 3.2513647079467773 0.001452566702076434 -0.7073993804673826 -0.7068125681991932 2.6029863357543945
0.986956293139994 0.13170666942205114 -0.09257768986701381 14.652812004089355 0.15912648091822088 -0.7108951777072992 0.6850597122755729 3.160322904586792 0.024413899769302368 -0.6908555562071267 -0.7225804882196836 2.4514715671539307
0.987190820853858 0.1431509458851368 -0.07044210327692377 14.529502868652344 0.15295255288026446 -0.7235648921986297 0.6730968454427604 3.0510571002960205 0.045385017233620796 -0.6752493268932418 -0.7361919224909548 2.282402276992798
0.9869865494878596 0.152643597954055 -0.050571564477374834 14.444525718688965 0.1475505702985593 -0.7346703169699529 0.662184532111585 2.923088312149048 0.06392480218677543 -0.6610290896525731 -0.7476323710878707 2.101099729537964
0.9865306961147638 0.16011601699394443 -0.03346709914698937 14.384679794311523 0.1429023820402047 -0.7440544201038685 0.6526575894993726 2.7814695835113525 0.07959959064313649 -0.6486492742814803 -0.756913485243561 1.917734980583191
0.9860132705366575 0.16550811898724263 -0.019618686880339013 14.317902565002441 0.13898551622670766 -0.7515672439481973 0.6448485900607261 2.633230447769165 0.09198291474398726 -0.638555980610483 -0.7640585075907371 1.7407171726226807
0.9856026608320915 0.1688177347908151 -0.00937909274927113 14.229313850402832 0.13576317270542962 -0.7571193552356846 0.6390138049091404 2.4832043647766113 0.10077577038979707 -0.6310870418156272 -0.7691380823719131 1.5732378959655762
0.9853945744192627 0.17026685195841484 -0.002594576892515889 14.121700286865234 0.13314026331491197 -0.7608516983954896 0.6351207470498301 2.3327667713165283 0.10616592197836286 -0.626189980894672 -0.7724085090401414 1.4156914949417114
0.985426300910445 0.17009980320506018 0.001030739325484177 14.001166343688965 0.13103440689535106 -0.7629476848939704 0.6330409262634721 2.1825554370880127 0.10846653716027294 -0.6236801159765565 -0.7741176417392438 1.2654565572738647
0.9856955807892696 0.16852583277036448 0.0018071252198461063 13.87069320678711 0.12938995148712673 -0.7635762830635899 0.6326211349591093 2.0327818393707275 0.10799288155551758 -0.623338033198559 -0.7744593171377621 1.1210724115371704
0.9861713711118479 0.16572876581464133 5.4597928171737364e-05 13.733036041259766 0.12817123341080675 -0.7628935063999117 0.6336920646645345 1.8834148645401 0.10506265618825028 -0.6249219743891263 -0.7735853955448394 0.9807391166687012
0.9868035916602046 0.1618748148086972 -0.00390074571979699 13.5875244140625 0.12735630286299832 -0.7610480114777541 0.6360709837328102 1.7329217195510864 0.09999521792360264 -0.6281739158516586 -0.7716206890927725 0.8481543064117432
0.9875316044052167 0.15711991192055605 -0.009729521002381392 13.39523696899414 0.12693104506815386 -0.758183573360304 0.6395671809001048 1.587274193763733 0.09311197612963314 -0.6328277825480465 -0.7686736352552737 0.798386812210083
0.988291515633491 0.15161601923666282 -0.017101544891762667 13.180567741394043 0.12688427706935382 -0.754442079504599 0.6439856589283365 1.4604259729385376 0.08473641696133097 -0.6386154800688785 -0.7648463952042601 0.8264397978782654
0.9890222709065083 0.14551677105502075 -0.02568690313473553 12.963272094726562 0.1272033879800552 -0.7499677507769206 0.6491283932173987 1.3416625261306763 0.0751947188127475 -0.6452698986752187 -0.760245034266153 0.8769219517707825
0.9896706769551653 0.13898129757985234 -0.03515892629369361 12.744352340698242 0.12787096089673722 -0.7449064589481642 0.6548002632686184 1.226117491722107 0.06481487895884673 -0.6525324255087462 -0.7549837515637157 0.9346319437026978
0.9901951683869791 0.13217774849696495 -0.04519481502733848 12.523324012756348 0.12886207489329748 -0.7394094192079913 0.6608088047542159 1.1139782667160034 0.05392674806880582 -0.6601535833340407 -0.7491923332856186 0.9971539378166199
0.9905684750528537 0.1252849378156307 -0.05547774858443207 12.299942016601562 0.13014247506582768 -0.7336332596451461 0.6669671480111878 1.0055688619613647 0.042860616131879435 -0.6678966422276511 -0.7430188711505411 1.0635980367660522
0.9907790352990562 0.11849368897539779 -0.06569740394317634 12.074028015136719 0.13166736845866325 -0.727740267253415 0.6730956897062249 0.9014025926589966 0.03194694500326754 -0.6755393024028503 -0.7366315521439659 1.133670687675476
0.9908312231765716 0.11200664942789229 -0.07555129159952571 11.845382690429688 0.1333814137390341 -0.7218981223266202 0.679023195075306 0.8022943139076233 0.02151477741915854 -0.6828745210250838 -0.7302188048026198 1.2074133157730103
0.9907443468586048 0.10603780464805541 -0.08474445794939925 11.613357543945312 0.13521920300420157 -0.7162792586412114 0.6845873142114925 0.7113263010978699 0.01189143837494814 -0.6897100895490925 -0.7239879737036781 1.28594172000885
0.9905504812405685 0.1008104860469449 -0.09298919301218182 11.377924919128418 0.1371064383392547 -0.711061013506787 0.6896332790959444 0.6301702857017517 0.0034012762313903044 -0.6958659935459409 -0.7181635958097001 1.3694653511047363
0.990291029091996 0.09655579112130505 -0.10000328445033188 11.138943672180176 0.13896213360799597 -0.706423530559517 0.6940139198135296 0.5627411007881165 -0.003633610192157778 -0.7011724286313359 -0.71298248379901 1.4590606689453125
0.9900121274896431 0.09350884192295637 -0.1055086911380213 10.896669387817383 0.14070138126566648 -0.7025483139254157 0.697587978616668 0.5168694853782654 -0.008894309043673644 -0.7054657774001393 -0.7086881741526753 1.5567431449890137
0.9897588703460909 0.09190559941071014 -0.10922792393974992 10.652796745300293 0.14223868207362728 -0.6996170015333201 0.7002172580617273 0.49891233444213867 -0.012063825810550426 -0.7085826782828409 -0.7055246644479045 1.6629973649978638
0.9895683346658074 0.09197947821260558 -0.11087960414105474 10.411088943481445 0.14349222704472397 -0.6978116099059491 0.7017613111722621 0.5175836086273193 -0.012825435839985161 -0.7103511333616664 -0.7037306128962347 1.7769732475280762
0.989458208835818 0.09388806231094507 -0.1102609845907018 10.175396919250488 0.14440350323467543 -0.6972526897627837 0.7021298418897439 0.5731579661369324 -0.01095815773604137 -0.7106502081714039 -0.7034601626282561 1.8945684432983398
0.989411586250676 0.09750757269114832 -0.10750342441430319 9.949459075927734 0.14498565024421672 -0.6978298430531462 0.7014361491737385 0.6677312850952148 -0.006623761482951511 -0.709595506899742 -0.704578130778635 2.009183883666992
0.9893910802386093 0.10263751176849267 -0.10281454917593373 9.731429100036621 0.14527657946863148 -0.6993730112114748 0.6998372001022016 0.795764148235321 -7.617199200435354e-05 -0.70734922942417 -0.706864245687148 2.1088452339172363
0.989348823757442 0.1090698147657985 -0.09639854997208538 9.51216983795166 0.14531974242887505 -0.701709934297721 0.6974850109990133 0.9422845244407654 0.008430740784275685 -0.7040645876727806 -0.7100858955048931 2.180398464202881
0.9892324968507198 0.11659355593316273 -0.08845908596266885 9.276494026184082 0.14516019774941652 -0.7046669985073355 0.6945307323682754 1.0620293617248535 0.018643609195664768 -0.6998931089313019 -0.7140042380172795 2.2521214485168457
0.9889906129885714 0.1249982692801036 -0.07920227330998036 9.028801918029785 0.1448411647289662 -0.7080727142292284 0.6911252190189634 1.1213897466659546 0.03030848759747998 -0.6949881035248247 -0.7183821625976813 2.356877326965332
0.9885770129849245 0.13407682183375422 -0.06883963425792144 8.781512260437012 0.14440162042690133 -0.7117581150934427 0.6874216738048888 1.147019624710083 0.04317014496025904 -0.6895098196875731 -0.7229886217213386 2.480247735977173
0.9879547320316188 0.14362763860021655 -0.057589485902006785 8.532938957214355 0.14387358385503535 -0.7155561993913145 0.6835786109741623 1.165439486503601 0.05697226803489534 -0.6836303291566156 -0.7276013563292588 2.605658531188965
0.9870989597523828 0.15345741513485542 -0.04567784359941192 8.280584335327148 0.14328104270135575 -0.7193050499118426 0.6797578892324337 1.188317894935608 0.07145758502899431 -0.6775330744040841 -0.7320128049633926 2.7257232666015625
0.9859994221794054 0.16338190434939678 -0.033339058070730704 8.022135734558105 0.1426385363495087 -0.7228469115140458 0.6761261646044142 1.2289129495620728 0.08636774519430777 -0.6714154420668103 -0.7360311927794102 2.8301243782043457
0.9846617885499788 0.1732278878833536 -0.020814923229011607 7.759356498718262 0.14195094385025744 -0.7260277151184341 0.6728548776816047 1.3085033893585205 0.10144501816047169 -0.6654891852910748 -0.7394816106916003 2.8976619243621826
0.9831085462694216 0.18283267579481133 -0.008354574419712574 7.499350547790527 0.1412133039372202 -0.7286959897481189 0.6701201066347319 1.4206829071044922 0.11643190732423551 -0.6599805809163778 -0.7422056613702981 2.9243853092193604
0.9813788930029811 0.19204458248029405 0.0037877048740194014 7.239041805267334 0.14041187777117514 -0.7307043573949102 0.6680985306561177 1.539539098739624 0.13107239583152402 -0.6551259576784151 -0.7440631738145113 2.9289097785949707
0.9795279443830209 0.20072187096095986 0.015353719116393216 6.967778205871582 0.13952529045459713 -0.7319051655494251 0.6669689062959601 1.6342906951904297 0.14511271307619336 -0.6511724496322004 -0.7449273396403611 2.939269542694092
0.9776253605163314 0.20873034724142875 0.026082496348805675 6.686916351318359 0.1385264775008379 -0.7321487751461904 0.6669097285863678 1.6998369693756104 0.1583005669810526 -0.648374747497468 -0.7446818900047667 2.961751937866211
0.9757530036566804 0.21594116522178003 0.03571398910268195 6.401022911071777 0.13738505277973329 -0.7312833977099278 0.6680942594473732 1.7479784488677979 0.17038610015983255 -0.6469884121037132 -0.743219060221036 2.986382007598877
0.9740020524497142 0.222227147873625 0.04398973257134277 6.111818790435791 0.1360705491646985 -0.7291483086969874 0.6706918439748167 1.7879558801651 0.18112097469305322 -0.6472695255241642 -0.7404305192615726 3.0057334899902344
0.9724693597636311 0.22745842152636447 0.05065580714634588 5.820182800292969 0.1345561739109863 -0.7255720654410518 0.6748628111801999 1.8258098363876343 0.19025766839565103 -0.6494673543207082 -0.7362025368662553 3.0146913528442383
0.9712532025328091 0.2314968674998136 0.055465456885665856 5.526102066040039 0.13282284781634193 -0.720368327659898 0.6807551421784772 1.858132243156433 0.197548241368327 -0.6538185320425351 -0.7304081184447675 3.0136666297912598
0.9704482475793074 0.23419036177160216 0.058181382104049245 5.229525089263916 0.13086432709249 -0.7133301260041299 0.6885017496198264 1.8790148496627808 0.20274300645122403 -0.66054144895549 -0.7228971348310219 3.004162549972534
0.9701243251837212 0.23541278418684874 0.058648228687882595 4.931008338928223 0.128696753038121 -0.7042839342742796 0.6981556314179433 1.8824834823608398 0.20565976622634502 -0.6697499241989793 -0.713539837424083 2.9872305393218994
0.970273477157591 0.2352027962050422 0.05700021212107283 4.63200569152832 0.12637212757894434 -0.6932658614699102 0.70951570151164 1.8633708953857422 0.20639637810700295 -0.6812210287254152 -0.7023805557720105 2.9636754989624023
0.9708552586068361 0.23363076165351823 0.05344842415497779 4.337209224700928 0.12396019219493168 -0.6803641189078683 0.7223147073497228 1.8334667682647705 0.20511932523886933 -0.694637555068769 -0.6894959967263291 2.9343254566192627
0.9718160236948348 0.23075843643576877 0.04820954369914379 4.045077800750732 0.12153911346163665 -0.6656719157813875 0.7362806152812233 1.8123552799224854 0.20199470287341645 -0.7096699546646008 -0.6749568100681875 2.899730682373047
0.9730926695781957 0.22664528031466144 0.04150389529031301 3.755507707595825 0.1191906600328825 -0.6492915676821637 0.7511418286167828 1.8122711181640625 0.1971908795408818 -0.7259837305669645 -0.6588348654844906 2.8613500595092773
0.974616288333471 0.22135344910083832 0.033552065305303705 3.4700000286102295 0.11699632013005042 -0.6313370075205342 0.7666325351894765 1.836367130279541 0.19087941636309436 -0.7432470877885629 -0.6412088699501162 2.8207011222839355
0.9763154146937818 0.21495196515363746 0.024573638474957554 3.1902732849121094 0.11503364786380814 -0.6119405985192501 0.782493427284247 1.8834404945373535 0.18323610695071504 -0.7611335996791175 -0.6221737478784 2.7790253162384033
0.9781187919739991 0.20752110990716693 0.01478572724700257 2.9176342487335205 0.11337261279080746 -0.5912551827259918 0.7984760231645285 1.9503118991851807 0.17444276842652678 -0.7793281066678863 -0.6018450155157367 2.736006498336792
0.979958277070054 0.19915427625854423 0.004398800953300086 2.652233839035034 0.1120730031379745 -0.5694531109502382 0.8143480806121738 2.0316455364227295 0.16468581350415967 -0.7975341551789686 -0.5803601073070427 2.6912310123443604
0.9817709459785202 0.18996065754625774 -0.006384216242815266 2.394482374191284 0.1111818416145573 -0.5467283067892288 0.8298956299743832 2.12548828125 0.15415708782808896 -0.8154772266225319 -0.5578821426900009 2.644252300262451
0.9835011358975073 0.18006604331681622 -0.017370542091123084 2.145131826400757 0.11073152183510696 -0.5232955031388099 0.844926237293399 2.2312889099121094 0.14305259788061958 -0.8329093806885155 -0.5346007087543744 2.594517230987549
0.9851019814081052 0.1696133221321359 -0.028379696635546306 1.9053515195846558 0.11073860095098 -0.4993884912447222 0.8592718411956369 2.3492584228515625 0.1315714577149807 -0.8496131212308463 -0.5107313342131405 2.5413427352905273
0.9865365461768534 0.15876239664789282 -0.039244674391086136 1.6770092248916626 0.11120287644513814 -0.47525954588657343 0.8727899428350531 2.480344772338867 0.11991481696509637 -0.8654032964198283 -0.4865157461150896 2.483832836151123
0.9877786132031052 0.14768881878736215 -0.04981389468556254 1.4631567001342773 0.11210723149409543 -0.45117573902045605 0.8853656991131263 2.626300096511841 0.10828379354861883 -0.8801298002706984 -0.4622187303973966 2.420783042907715
0.9888129326986805 0.136582282714658 -0.05995218241472339 1.2663915157318115 0.1134179967638075 -0.4274148054661738 0.896913006973585 2.7852091789245605 0.0968779755048586 -0.8936788372322387 -0.43812417617076777 2.3469738960266113
0.9896349224334196 0.12564578589150746 -0.0695403249050864 1.089450716972351 0.11508596959447354 -0.40426411021134734 0.9073729932048492 2.9450066089630127 0.08589493525639001 -0.9059711174660773 -0.4145339484464059 2.243479013442993
0.9902501603672629 0.11509229216225986 -0.07847537306344719 1.0150268077850342 0.11704781513542556 -0.3820170818542276 0.9167130184215798 3.0029351711273193 0.0755276695300036 -0.9169605844617409 -0.3917637779057032 2.032149076461792
0.9906731853979567 0.10514307928503908 -0.08666932913047029 1.1178808212280273 0.11922800207598347 -0.3609686091437499 0.9249250492519899 2.860339403152466 0.0659645605945729 -0.9266318557503227 -0.37013792112438054 1.8581762313842773
0.9909259805223645 0.09602497945040461 -0.09404735215485933 1.2421801090240479 0.12154132667753148 -0.3414144254880871 0.9320214031759706 2.6911425590515137 0.057388213382682754 -0.9349948627613891 -0.3499874277378472 1.7291613817214966
0.9910359188326541 0.08796892651567431 -0.10054489321291603 1.3682689666748047 0.12389575366520092 -0.32364737276380556 0.9380310337759715 2.518481969833374 0.0499764925464828 -0.9420795327735157 -0.33164514789453076 1.6241832971572876
0.9910341086715586 0.08117345720641916 -0.1061238205810888 1.4915282726287842 0.12620122496474717 -0.3079090118419227 0.9430086379476744 2.3476781845092773 0.0438707905897166 -0.9479466811333265 -0.31539252283677394 1.5334423780441284
0.9909528748434899 0.07569945882708591 -0.11082414796743995 1.6110693216323853 0.1283934131988826 -0.2942399948849339 0.9470680845943734 2.180936813354492 0.0390836447451322 -0.9527289317237094 -0.3012972807212768 1.4516863822937012
0.9908192580619857 0.07156716758696112 -0.11469672348012266 1.72585928440094 0.13042282608587313 -0.2826221028035511 0.9503234362272 2.02030086517334 0.03559612744765908 -0.9565578328206188 -0.28936141446338554 1.3739019632339478
0.9906539878443434 0.0687892627054586 -0.11778248471032834 1.8354564905166626 0.13224927076374177 -0.27303347534980754 0.9528708473454651 1.8630346059799194 0.03338872190662362 -0.9595419525350862 -0.2795790309994594 1.3054193258285522
0.9904715557523585 0.06737258744430011 -0.12011257930193266 1.9403661489486694 0.13384134332231906 -0.2654433213316006 0.954791253614174 1.7123900651931763 0.032443675241563594 -0.9617696073496547 -0.2719312970500292 1.239925503730774
0.9902804150419967 0.06731723491179961 -0.1217090360987253 2.040576219558716 0.13517608910239148 -0.2598168242814741 0.9561499060059946 1.5683740377426147 0.032743312587970565 -0.9633086772702297 -0.2663911931289157 1.1774243116378784
0.9900830970036125 0.06861895853913999 -0.12258425492998179 2.135129451751709 0.13623832145866374 -0.25611746920290573 0.9569968452065158 1.4296092987060547 0.03427215770652294 -0.9642070734536758 -0.26292610883675444 1.1196649074554443
0.9898763903608715 0.07126845533043041 -0.12274175769046927 2.2242894172668457 0.1370201085610155 -0.25430377711864594 0.9573688311163664 1.2965002059936523 0.03701650518429516 -0.9644948917531935 -0.26149451643569244 1.0661449432373047
0.9896514936708511 0.07525109680105443 -0.12217689431840836 2.308825731277466 0.13752058876860004 -0.25433264192675703 0.9572893997717168 1.1701568365097046 0.04096350497443776 -0.9641847227999386 -0.2620492541096328 1.0154638290405273
0.9893941208105017 0.08054861463262213 -0.12087677356043287 2.388735294342041 0.13774545520887868 -0.2561595224859454 0.9567698200764234 1.0505852699279785 0.04610274693457679 -0.9632726611507969 -0.264537931126235 0.9676195979118347
0.989084695206255 0.0871379767971271 -0.11882103647272921 2.4640233516693115 0.13770649300354745 -0.2597377269308979 0.9558102505170338 0.9377905130386353 0.052425065507009545 -0.9617397185353604 -0.2689020756671693 0.9226110577583313
0.9886985069239949 0.09499104030865628 -0.1159826050205053 2.533439874649048 0.13742128523846187 -0.2650179242643708 0.9544008016457308 0.8306689262390137 0.059922055786434794 -0.9595531262414205 -0.2750766168736338 0.8812005519866943
0.9882057883411073 0.10407561046910728 -0.1123280338767381 2.597531795501709 0.13691311320254757 -0.27195076186972905 0.9525216966304024 0.7297075986862183 0.06858658266977129 -0.9566666349486412 -0.2829926328612214 0.8430547714233398
0.9875719977492943 0.11435349703630054 -0.10781849088647645 2.6571459770202637 0.13621023122697817 -0.2804826083076711 0.9501453990553337 0.6356664896011353 0.07841123752729288 -0.9530229714715668 -0.29257288609326754 0.8076513409614563
0.986757853153055 0.1257818517655389 -0.10241027783970685 2.7122802734375 0.13534606131563193 -0.29055890227717124 0.9472364900033309 0.5485522150993347 0.08938894186150301 -0.948553873047766 -0.3037353568469822 0.7749859690666199
0.9857195907250167 0.13831198732099617 -0.09605562255392938 2.762944221496582 0.13435854280013046 -0.30212156875458995 0.9437533256470632 0.46837157011032104 0.10151192263735262 -0.9431820353763014 -0.31639054617021345 0.7450531125068665
0.984409172495331 0.15188891597831128 -0.08870365443425611 2.809145450592041 0.13329003784039017 -0.3151096448167157 0.9396486990125572 0.3951342701911926 0.11477084525072466 -0.9368221116873883 -0.3304421040576056 0.71784907579422
0.9827744585561415 0.16645141937784663 -0.08030123658314806 2.85088849067688 0.13218711804821376 -0.32945847393023603 0.9348709428459456 0.3288458287715912 0.1291546725124186 -0.9293820737149281 -0.3457861067561126 0.6933673024177551
0.9807594797447567 0.18193156561962476 -0.07079370255881764 2.888178586959839 0.1311000290667544 -0.3450989967258756 0.9293650869477991 0.2695159912109375 0.14465000957307378 -0.9207646756310682 -0.36231034603020024 0.6716021299362183
0.9783047694831797 0.1982539634187089 -0.06012606751847299 2.921008348464966 0.13008270042678996 -0.36195875401976507 0.9230733185604129 0.21714171767234802 0.16123978744756753 -0.9108683913591648 -0.37989538634554476 0.6525481939315796
0.9753506689348123 0.21531689609689136 -0.04826703702957574 2.9482054710388184 0.1292010062380367 -0.3799343789075825 0.9159459414786377 0.17092406749725342 0.17888033037618406 -0.8996046364816657 -0.39838841025461236 0.6364245414733887
0.9718509203274557 0.2329398718463035 -0.03528179081205188 2.9711668491363525 0.1285549212366232 -0.39882092291811905 0.9079732945789681 0.13185180723667145 0.19743206650522424 -0.8869503298082525 -0.41754004786188986 0.6229504346847534
0.9677721017280023 0.2509276818573256 -0.021271050624598067 2.9898900985717773 0.1282441695889997 -0.41838687557344917 0.8991695364692442 0.09995178133249283 0.21672699897196318 -0.8729190803422711 -0.4370831580958145 0.6121148467063904
0.9630929847572727 0.2690940012613379 -0.006349897360658566 3.0043675899505615 0.12835679238269254 -0.43840020721811984 0.8895671937298139 0.07525451481342316 0.23659339923284883 -0.8575509762085708 -0.4567602069392353 0.6039056181907654
0.9578059871904088 0.2872633278819422 0.009352612276710484 3.014599561691284 0.12896710499316963 -0.45863301032275566 0.8792174063745372 0.05778747424483299 0.2568563348097288 -0.8409135165381033 -0.47632896297793353 0.5983141660690308
0.9519180111757953 0.30527365268142426 0.025692352513138728 3.020573616027832 0.13013475136641536 -0.4788605560399003 0.8681920953083822 0.047578733414411545 0.2773392263743438 -0.8231042247781861 -0.495562699026452 0.5953320264816284
0.9454509100775759 0.3229788868610854 0.04251135466504635 3.02227783203125 0.13190344592926412 -0.4988646925718152 0.8565836208200655 0.04465636983513832 0.2978658382316926 -0.8042503696904355 -0.5142541057369678 0.5949548482894897
0.938441493975944 0.34025095589015386 0.05963932762896698 3.0261693000793457 0.13430032917965853 -0.5184368661621672 0.8445037817477117 0.03822631761431694 0.3182624451084891 -0.7845078092790332 -0.532218482593172 0.5931848287582397
0.9309413574521195 0.3569811571651198 0.07689370854794891 3.032233715057373 0.13733617912982538 -0.5373783137990555 0.8320837228070889 0.028315428644418716 0.3383592216671882 -0.7640608622927468 -0.5492941250598251 0.5900207161903381
0.9230160441877753 0.3730814059694581 0.0940831902722444 3.040456533432007 0.14100493206350823 -0.5555041338830877 0.8194710283912214 0.014945678412914276 0.3579930045485755 -0.7431187130994974 -0.5653455464896053 0.5854620337486267
0.9147442991017162 0.38848448149325565 0.11100754433743212 3.0508079528808594 0.14528515166546463 -0.5726427756143843 0.8068286535827774 -0.001861572265625 0.37700807944453074 -0.7219141633016842 -0.5802627412284681 0.5795122981071472
0.9062164060059952 0.4031446720097035 0.12746057788887447 3.0632762908935547 0.15014052586030927 -0.5886370637164626 0.7943325687101409 -0.022086791694164276 0.3952589631873856 -0.7007002073993197 -0.5939609173763736 0.572175920009613
0.8975330694917365 0.41703595483200356 0.14323198506653803 3.077831983566284 0.15552131535159414 -0.6033460351674604 0.7821679374143484 -0.04571167007088661 0.4126106029176322 -0.6797459630075526 -0.6063809991539011 0.5634594559669495
0.888803399993458 0.4301518244007733 0.15810731837823136 3.0944507122039795 0.16136650558330684 -0.6166411793574681 0.7705287189952515 -0.07272094488143921 0.4289398174987976 -0.6593353197617408 -0.6174848735627304 0.5533703565597534
0.8801432189699389 0.4425021237694685 0.17187141868485306 3.113110303878784 0.16760550699371435 -0.6284092401158604 0.759611888376154 -0.10309936106204987 0.44413546146036803 -0.6397606563368183 -0.6272559242262038 0.541917085647583
0.8716731891989284 0.4541103366667403 0.18430858190596722 3.13378643989563 0.1741609079742552 -0.6385493802366489 0.7496150126117903 -0.13683593273162842 0.45809805649593394 -0.6213199587425237 -0.6356946432862531 0.5291100740432739
0.8635167155785237 0.46501089790296757 0.19520181030911313 3.1564526557922363 0.18095079883117213 -0.6469676808273654 0.7407358695022277 -0.1739172339439392 0.4707395142951565 -0.6043158816350407 -0.6428115002742438 0.5149590969085693
0.8557977770387385 0.47524398933376033 0.2043362802286625 3.181083917617798 0.18789172700988765 -0.6535791184292973 0.7331650802339297 -0.21433348953723907 0.4819822234655503 -0.5890479492836856 -0.6486259705777199 0.4994744658470154
0.8486393634811162 0.48485106983780224 0.21149626669874041 3.2076611518859863 0.19490167884646345 -0.6582997180454857 0.7270865263529946 -0.25807371735572815 0.4917566129023545 -0.5758132694705573 -0.6531573412038107 0.482666015625
0.8421609436556776 0.49386970489142323 0.2164663012374834 3.236159563064575 0.20190328952543432 -0.661043645972041 0.7226730656381208 -0.30512815713882446 0.5000000066597869 -0.5649017726210899 -0.6564190587039376 0.46454405784606934
0.8402373885407369 0.4981454041191204 0.2141314718887457 3.26672101020813 0.2097644456072268 -0.6628029831268937 0.7188122723751893 -0.3556201159954071 0.5000000082573351 -0.5590557771037599 -0.6614050421863865 0.4449999928474426
0.8383144103657766 0.5028840117761635 0.21056262743656987 3.2991673946380615 0.21732218162398356 -0.6624485874245233 0.7168911621672052 -0.40940916538238525 0.5000000187472722 -0.5552202623456435 -0.6646280475074476 0.42417967319488525
0.8364254405622449 0.507965809349278 0.2058232710661911 3.333510637283325 0.22448266307347003 -0.6600991704332198 0.7168518809160074 -0.46650877594947815 0.5000000163596966 -0.5533893943016142 -0.6661532570773749 0.4020940959453583
0.8346020630595615 0.5132765078729091 0.19996655420973544 3.369084358215332 0.23116960825276572 -0.6558544980019144 0.718620546374037 -0.5273193120956421 0.5000000085569865 -0.5535360005604407 -0.666031446349619 0.3787548840045929
0.832872793285324 0.5187077285521589 0.1930419709424909 3.4046995639801025 0.23732444639360406 -0.6498022485718017 0.7221039709730168 -0.5925366282463074 0.5000000173490707 -0.5556071724620644 -0.664304638369806 0.35417357087135315
0.8312621542180805 0.5241596938401408 0.18509415527813475 3.4421069622039795 0.2429057133621332 -0.6420144334753204 0.7271961782252413 -0.6611779928207397 0.5000000453807475 -0.5595302338236724 -0.6610036853577119 0.3283489942550659
0.8297895851321349 0.5295417203471942 0.17616699696019622 3.481315851211548 0.24788956507752513 -0.6325531755340186 0.7337760173564577 -0.7332519292831421 0.5000000079319151 -0.5652097367646484 -0.656153903847658 0.3012847900390625
0.8284688948923228 0.5347732151132095 0.16630363373472756 3.522343635559082 0.2522682713242611 -0.6214702999496408 0.7417111200215166 -0.8087658286094666 0.5000000094789624 -0.57253146173637 -0.6497751271348057 0.27298155426979065
0.8273079720239132 0.5397835482461301 0.15554819339516016 3.5652122497558594 0.2560498374800473 -0.6088117600969651 0.7508573243260511 -0.8877221345901489 0.5000000001521218 -0.5813621606283411 -0.6418863123929541 0.2434399425983429
0.828431357227108 0.5419884581428176 0.14124446043234115 3.61004376411438 0.25992306368959167 -0.5954088264098707 0.7602159761511443 -0.9702282547950745 0.4961264831926113 -0.5930740600238659 -0.6341306426926079 0.21257202327251434
0.8326569695192962 0.5400853421050122 0.12243444921366742 3.6569018363952637 0.264207412512103 -0.5817238482809675 0.769280057920938 -1.056339144706726 0.4866999222155286 -0.6081983127109891 -0.6270709673800123 0.18033812940120697
0.8378484465755394 0.5363092296584917 0.10189401726338743 3.705703020095825 0.26829168389528646 -0.5670910269400422 0.7787344473674712 -1.1459728479385376 0.4754256544651203 -0.625124129551247 -0.6190236423023021 0.14681518077850342
0.8439480061233076 0.5304655837222108 0.07973724002464783 3.7535083293914795 0.2722178293240058 -0.5516013121870509 0.7884373442396363 -1.2405602931976318 0.46222204226823776 -0.6436942262283999 -0.6099250173272133 0.11175231635570526
0.8508809609437649 0.5223560126029029 0.056087310516826194 3.800600528717041 0.2760316799483976 -0.5353475709357067 0.7982540259579675 -1.3399877548217773 0.44699899548911776 -0.6637372781385976 -0.5997038632866103 0.07516540586948395
0.8585532741285853 0.5117814255091123 0.031081312503612485 3.849479913711548 0.279781418170747 -0.5184296511478623 0.8080551063244831 -1.4430724382400513 0.4296610682031268 -0.6850623835203381 -0.5882864074207232 0.037254638969898224
0.8668507947527235 0.4985438690734219 0.004869316776971638 3.900153636932373 0.28351631281619466 -0.5009550492899508 0.8177178846998594 -1.549831509590149 0.41010754687481843 -0.7074588674970479 -0.5755986021491999 -0.0019860840402543545
0.87563714100665 0.48245047439388294 -0.022386090476390508 3.952641487121582 0.2872851388064774 -0.4830368327658855 0.827129172023599 -1.6602734327316284 0.38823555518607883 -0.7306962145437862 -0.5615658427475251 -0.04256225377321243
0.8847526810246811 0.46331580357569935 -0.050509004906478666 4.006955623626709 0.291135004433577 -0.46479664162169915 0.8361844839092928 -1.7744176387786865 0.36394107024778033 -0.7545214033373694 -0.5461175233342237 -0.08447998017072678
0.8940129890267758 0.4409653665446757 -0.07931154367133475 4.056813716888428 0.2951093729994661 -0.44636142538747103 0.8447910604959828 -1.8898851871490479 0.33712198596245874 -0.7786597610215807 -0.529185924932384 -0.12678955495357513
0.9032075063357541 0.41523950472331367 -0.10859260663546767 4.100810527801514 0.29924704990741263 -0.42786677566577697 0.8528664757176717 -2.007237434387207 0.30768068450986447 -0.8028114199477413 -0.5107116802864728 -0.16965697705745697
0.9120768595970874 0.3860625494125645 -0.1380996384085983 4.144753456115723 0.30357893796812857 -0.40945287302147265 0.8603418932009556 -2.124255418777466 0.27560049094596617 -0.8266220736924054 -0.4906529493183645 -0.21242675185203552
0.9202703559715926 0.353658414591906 -0.1674162408736317 4.188652038574219 0.3081166643661231 -0.3912610531426846 0.8671671750208095 -2.2409605979919434 0.24117751358659487 -0.8496119785419795 -0.469033999682508 -0.25510191917419434
0.9274593685211141 0.31837521910750866 -0.19610288014371804 4.232504844665527 0.3128452068677272 -0.37343386053289035 0.8733126750181691 -2.357370615005493 0.2048096586645868 -0.871311868199755 -0.44594689375748303 -0.2976800501346588
0.9333751686295073 0.2806217772676969 -0.22374586635055072 4.271149635314941 0.3177225625088861 -0.356114238911204 0.8787690379829513 -2.474848508834839 0.1669226403416456 -0.8913103090213944 -0.421548057964404 -0.3406927287578583
0.9378175928175091 0.2408621158016234 -0.24996720539610384 4.297749042510986 0.3226814594577079 -0.33944051994215185 0.8835478533410882 -2.595196485519409 0.1279642071995768 -0.9092665036131963 -0.3960550303718119 -0.3848419189453125
0.9406615437042857 0.1996074568279685 -0.2744316369782119 4.324352741241455 0.3276305662887205 -0.3235433918946736 0.8876811846573193 -2.7152867317199707 0.08839724107234737 -0.9249197461077151 -0.36974233059096295 -0.42886412143707275
0.9418607266214669 0.15740688257165072 -0.29685256436008245 4.350949764251709 0.3324567695028212 -0.3085454928884687 0.8912194876852503 -2.8351354598999023 0.04869156045795135 -0.9380952788162226 -0.3429378658049928 -0.47274473309516907
0.9414486788736032 0.11483470935040116 -0.316997436228681 4.3775315284729 0.3370275989240825 -0.2945547226263792 0.894231464969761 -2.954754590988159 0.009315718470173484 -0.9487099161002303 -0.3160106208380958 -0.516467273235321
0.9395369004008299 0.072479287026813 -0.3346896558564152 4.384648323059082 0.3411943223218001 -0.28166795548925727 0.8967996416512828 -3.0765368938446045 -0.029271952455693223 -0.9567705659156674 -0.28936695906209653 -0.5607397556304932
0.9376044626055045 0.029912164158166388 -0.34641468522223295 4.390461444854736 0.3412600440073548 -0.27008123744800844 0.9003319985109111 -3.1982617378234863 -0.06662922831867457 -0.9623727903540955 -0.2634371999542405 -0.6044134497642517
0.9347590305436656 -0.011296871466176556 -0.35510271121485815 4.396259784698486 0.3402243732018039 -0.2594367432182417 0.9038473057700352 -3.3197412490844727 -0.10233733774388465 -0.9656940286464387 -0.23866736756436813 -0.6478222608566284
0.9309613570227598 -0.0503410770386199 -0.36163065093121394 4.397648811340332 0.338842154411983 -0.24981433246304896 0.9070715482747143 -3.4408605098724365 -0.1360034783517967 -0.966984268361504 -0.2155098109543495 -0.6908941268920898
0.9264548683310365 -0.08664410951408519 -0.3662979323340949 4.380896091461182 0.3372019466855166 -0.24138325722799553 0.9099609718452223 -3.561243772506714 -0.16726094612078457 -0.9665541482071839 -0.19441413139549663 -0.7331304550170898
0.9215097453072916 -0.11966102666421977 -0.36946045526058047 4.364238262176514 0.3354020687517969 -0.2343477239846734 0.9124618329224614 -3.6814403533935547 -0.1957683365120758 -0.9647602722753814 -0.17581915555031657 -0.7752215266227722
0.9164142929274852 -0.14887580313352233 -0.3715115596580626 4.347687721252441 0.33354746693302106 -0.2289423204051591 0.9145116189694186 -3.8014819622039795 -0.22120337027446646 -0.9619882583321121 -0.1601488676524661 -0.8171801567077637
0.9114665072590855 -0.17379842497177417 -0.3728577659406519 4.311820983886719 0.3317465984537163 -0.22541707566322744 0.9160411215736046 -3.917755126953125 -0.24325501137553585 -0.9586350971442519 -0.14780307833031947 -0.8566412329673767
0.9069655386599977 -0.19395624797311445 -0.3738910075882701 4.273725509643555 0.33010839420445176 -0.22402616599880404 0.916973677388634 -4.033492565155029 -0.26161414288783846 -0.9550880853722697 -0.13915742675471415 -0.8957098126411438
0.9032042882734438 -0.20888220968685084 -0.3749536452960561 4.235827445983887 0.3287393352423144 -0.22500116019898886 0.9172267589716027 -4.149179458618164 -0.27595735741034966 -0.9517051541236118 -0.13455421400182577 -0.9346941709518433
0.9026443891918521 -0.21963639910938604 -0.3701255987455214 4.181899547576904 0.32167372691387974 -0.2270603388780148 0.9192222886342214 -4.259185791015625 -0.2859355173352953 -0.9487905220304762 -0.13430348182878005 -0.9692553281784058
0.905211257783276 -0.2256814852381943 -0.3600839429953823 4.125749588012695 0.30954963636022426 -0.23036800220378323 0.9225560179143002 -4.368256568908691 -0.29115563091184066 -0.9465719469651106 -0.13867208733918884 -1.002577543258667
0.9100276830989834 -0.22614741301618052 -0.3474290770496694 4.069101333618164 0.2949560971875798 -0.23567652552971652 0.9259899978110517 -4.476937294006348 -0.2912911202308903 -0.9451528568968777 -0.1477686041563061 -1.0352429151535034
0.9168511570945403 -0.22137916985101058 -0.33222766123620734 4.00054931640625 0.2780807909131005 -0.24296609187427443 0.9293215546432173 -4.579799652099609 -0.2864524907546577 -0.9444356734873048 -0.16120244782581228 -1.0630395412445068
0.9252960874576597 -0.21185231152875666 -0.31455643155953605 3.932243585586548 0.2592026898279864 -0.25218966740292514 0.932316650736829 -4.682595252990723 -0.27684131938979617 -0.9442028223613421 -0.17843742355064496 -1.0904955863952637
0.9349189348289009 -0.1980398132787413 -0.2944602140441303 3.8617749214172363 0.238628428291388 -0.26330056679647657 0.934734874034256 -4.784018516540527 -0.26264626117570306 -0.9441679108512298 -0.19890675606738167 -1.1160045862197876
0.9452396237733738 -0.18041753272285607 -0.27197714524380157 3.787121534347534 0.21668943157482703 -0.2762467751715449 0.936340434591554 -4.882978439331055 -0.24406504029161802 -0.9440006531213414 -0.22202482521991057 -1.138230562210083
0.955763249278772 -0.15946675037920352 -0.2471577772427585 3.71282958984375 0.19373799062609257 -0.290957832612297 0.9369146869537903 -4.981857776641846 -0.22131923169089557 -0.9433524766305814 -0.24719203571049841 -1.160253882408142
0.9659993146122023 -0.13567929628657663 -0.220082831515625 3.638127326965332 0.17014168824666617 -0.307338231629364 0.9362665311221533 -5.080806732177734 -0.19467185232932335 -0.9418780918665192 -0.2738038165777741 -1.1788445711135864
0.9754811974153274 -0.10955678337154127 -0.19087625495708052 3.563588857650757 0.14627665815296204 -0.3252608121643864 0.9342422294832134 -5.179698467254639 -0.16443713926227468 -0.9392564693881246 -0.30126020637282036 -1.1963262557983398
0.9837844041690216 -0.0816061565351391 -0.15971437421022966 3.491218090057373 0.12251944596027727 -0.3445656797035613 0.930732763865122 -5.279955863952637 -0.13098561552853655 -0.9352084941797657 -0.32898000081862905 -1.2125805616378784
0.9905425964795763 -0.052337290560709356 -0.1268312760176413 3.4232983589172363 0.09923778181964163 -0.3650565472051964 0.9256811438082433 -5.38348388671875 -0.09474823069069119 -0.9295130581973468 -0.35641022350880947 -1.2261333465576172
0.9954621309566147 -0.022253376021999574 -0.09251990643606874 3.355788469314575 0.07678119183291238 -0.3865035859543242 0.9190862998789427 -5.486814975738525 -0.056212048637573495 -0.9220193952949535 -0.3830410425631896 -1.2397381067276
0.9983334129190672 0.008155428392914242 -0.057130426543965024 3.2946972846984863 0.05547126632990334 -0.408646502403878 0.9110054745635912 -5.594136714935303 -0.015916509074676757 -0.9126563017153857 -0.4084178493627212 -1.250732421875
0.9990395006405358 0.03842379755987098 -0.021063901371470396 3.2340550422668457 0.035592737958435705 -0.43119872726690456 0.9015546653464914 -5.701241493225098 0.025558426487777165 -0.9014384445898012 -0.4321521693234792 -1.2618249654769897
0.9975607837442424 0.06812022641072855 0.01523540249956441 3.1776928901672363 0.017385872300317958 -0.453855914905196 0.8909054607251682 -5.811519622802734 0.06760335923554162 -0.8884674688807229 -0.4539331917372332 -1.2722790241241455
0.9939759901228105 0.09685597491416448 0.05128987407671365 3.1225903034210205 0.0010405070980420775 -0.4763001019507606 0.8792821675814163 -5.923192024230957 0.10959310381751822 -0.8739319956410349 -0.47353164476148896 -1.282734990119934
0.9884592733341909 0.12429287371466838 0.08659992207497935 3.070302724838257 -0.013307723438948676 -0.4982104405264133 0.8669540134559328 -6.036835670471191 0.1509011910374317 -0.8581011819676201 -0.4908066748214187 -1.2938122749328613
0.9812737100354165 0.15014844824825938 0.12065384155496042 3.0199291706085205 -0.025577887436655462 -0.519266972112103 0.8542292334893523 -6.151998043060303 0.190912748834664 -0.8413187595448995 -0.505702548115218 -1.3054345846176147
0.9727612896260427 0.17419775862576156 0.15293990419389936 2.97100830078125 -0.03574330333351994 -0.5391610347428131 0.841443875063493 -6.268247127532959 0.2290368740440853 -0.8239906064421002 -0.5182485801459504 -1.318355679512024
0.9633300863064682 0.19627359799577979 0.18295305284843905 2.924077033996582 -0.04382591519314605 -0.5575947716408776 0.8289555837294547 -6.385768890380859 0.2647157607212987 -0.806575938996787 -0.5285459494284253 -1.3329052925109863
0.9534392048524217 0.216260234060989 0.2102027445450414 2.8774266242980957 -0.04988970837320013 -0.5742904094466007 0.8171300646874357 -6.50379753112793 0.29743015927914696 -0.7895707927611951 -0.536761831327116 -1.3486682176589966
0.9435519343824892 0.2341183038184689 0.234304005386647 2.832412004470825 -0.05406430332585402 -0.589040573458159 0.8062929082696767 -6.622579097747803 0.3267824937614512 -0.7734467160944226 -0.5431329295244403 -1.3676323890686035
0.9340090807379556 0.2499492600886017 0.25524969046053636 2.7870140075683594 -0.05662660945819663 -0.6018724131586958 0.7965820895424383 -6.741730690002441 0.3527328510364579 -0.7584688297218869 -0.548000520200486 -1.3868993520736694
0.9250777247502524 0.2638685715815348 0.27313839001944956 2.742429256439209 -0.05786467000238554 -0.6128775456138509 0.7880563393868851 -6.860860347747803 0.3753436866878295 -0.7448184282184906 -0.5516906976284137 -1.4110851287841797
0.9169797668271746 0.2759666052392704 0.2880807873189272 2.697509765625 -0.058041208001785236 -0.6221539544310093 0.7807404659421406 -6.980364799499512 0.394688896985048 -0.7326437673102597 -0.5544851529285126 -1.4357372522354126
0.9098954791298176 0.28630938972963327 0.3001951871895436 2.649836301803589 -0.0573927794107434 -0.6298044350032924 0.7746305200040171 -7.105737209320068 0.4108482517069166 -0.722061844306171 -0.5566241164974274 -1.46523916721344
0.9039671659130037 0.29493937529402586 0.30960317803986065 2.5994043350219727 -0.056130462637010756 -0.6359327999995252 0.7697004904824467 -7.237119197845459 0.42390179772603825 -0.7131621406005324 -0.5583072873415673 -1.4990136623382568
0.899302400792168 0.30187395680557627 0.31642899066297325 2.545947313308716 -0.054443563142378235 -0.6406435117267876 0.7659058619143291 -7.374526023864746 0.4339252128671539 -0.7060085021335893 -0.5596971543194417 -1.5361987352371216
0.8959768451341898 0.30710803606749626 0.3207961146369288 2.4889233112335205 -0.05249947941306107 -0.6440393826020259 0.7631887566775072 -7.516717433929443 0.4409867318239198 -0.7006410834659692 -0.5609213621488234 -1.5804363489151
0.8940365900360285 0.31061467908642065 0.32282672877689406 2.429081916809082 -0.05044605848314626 -0.6462212282242614 0.7614810039494365 -7.665403842926025 0.4451446628459847 -0.6970772161879678 -0.5620761370235956 -1.6267510652542114
0.893500235067353 0.3123449832648427 0.32264212583584023 2.3656322956085205 -0.048415158786728724 -0.6472876808974813 0.7607066652514727 -7.818588733673096 0.44644518401954 -0.695312353973123 -0.5632294630770959 -1.6802141666412354
0.8943600767591042 0.3122307908120835 0.3203622736345692 2.299314022064209 -0.0465236789258931 -0.6473346390394279 0.7607847345990153 -7.978116512298584 0.44492201608669585 -0.6953199251916737 -0.5644241323976107 -1.7361804246902466
0.8965834458966234 0.31018704795727203 0.31610460266134954 2.2295897006988525 -0.04487546485777716 -0.6464525268560773 0.7616333259352502 -8.142683982849121 0.4405954121389998 -0.6970531728648438 -0.5656788461672572 -1.7975811958312988
0.9001133861738995 0.30611210819195 0.30998591782343327 2.1568357944488525 -0.04356373609368133 -0.6447289046678448 0.7631689461602595 -8.31317138671875 0.43347213627650455 -0.7004427290678952 -0.5669937304484085 -1.8624420166015625
0.9048685854099966 0.2998897114031407 0.30212415350754807 2.0807347297668457 -0.04267513464529385 -0.6422463312790304 0.7653094033406566 -8.488965034484863 0.42354654528294466 -0.7053976261323586 -0.5683506954563492 -1.9319146871566772
0.9107439531311919 0.2913927241849171 0.2926358353432854 2.0015087127685547 -0.0422871584609666 -0.6390828630916568 0.7679745375543827 -8.670516967773438 0.41080074009702894 -0.7118029041768963 -0.5697186828085153 -2.0050926208496094
0.9176095594464188 0.28048412534166534 0.2816404655653553 1.9188475608825684 -0.04247467800072165 -0.6353102272396843 0.7710880733699592 -8.857401847839355 0.3952070319987792 -0.719520375386258 -0.5710532648210097 -2.082615375518799
0.92531066830235 0.26702068189915157 0.26925846795220915 1.8330395221710205 -0.043307783668276825 -0.6309941459330048 0.7745778357737972 -9.050101280212402 0.37672881891302196 -0.7283861223529661 -0.5723015409414951 -2.163618803024292
0.9336665590791677 0.2508547145671356 0.25561429662033325 1.7434813976287842 -0.044856183585739826 -0.6261930474233595 0.7783766377228755 -9.247954368591309 0.35532334464736365 -0.7382101188266706 -0.5734031227770944 -2.2489891052246094
0.9424697981634447 0.23183892884430526 0.2408347786804921 1.6506518125534058 -0.04718727425640076 -0.6209572025386201 0.7824228484417252 -9.451650619506836 0.33094416552948575 -0.7487742408014159 -0.5742935622260239 -2.337587833404541
0.9514848830316301 0.20982813640587436 0.22505259504107678 1.553796410560608 -0.05037035140365162 -0.615328428654497 0.7866598709665189 -9.660548210144043 0.30354463438143287 -0.7598309536087782 -0.5749065809992236 -2.430088996887207
0.9604364816710714 0.18474610110462325 0.20840019866097442 1.452795386314392 -0.054436941306678324 -0.6093286983174876 0.7910468739764346 -9.874881744384766 0.27312704753734396 -0.771094945861634 -0.5751644985307914 -2.5257861614227295
0.9689890266055808 0.1567709566305221 0.19100558493174993 1.347255825996399 -0.05927368426432274 -0.6029449322031394 0.7955778020308795 -10.094595909118652 0.23988934255548403 -0.7822277647128761 -0.5749546307671546 -2.6243748664855957
0.9768078691825813 0.12616374055006882 0.17300028113676677 1.2361376285552979 -0.06473193377219622 -0.5961574827826045 0.8002537300584239 -10.31924819946289 0.20409841609649357 -0.7928927836048981 -0.5741644975563877 -2.7256970405578613
0.983582540907801 0.09320927282911767 0.15452319139864104 1.1182959079742432 -0.07066636662345227 -0.5889538773995513 0.8050711738251929 -10.547785758972168 0.16604713141031305 -0.8027735432578115 -0.5726979905637044 -2.8307151794433594
0.9890355837315926 0.05821682921338178 0.13571814509876118 0.9924682378768921 -0.076935105093897 -0.5813300179221413 0.8100224687419691 -10.778520584106445 0.1260539714443757 -0.8115825349642408 -0.5704771557425571 -2.9413843154907227
0.9929301614672728 0.02151991251301514 0.11673297654907942 0.8566601276397705 -0.08340083222972264 -0.5732931766740916 0.8150946170613069 -11.007546424865723 0.08446298379743288 -0.8190676571226343 -0.5674453078699953 -3.0626049041748047
0.9950768951896188 -0.01652841449148057 0.0977178805244269 0.7136400938034058 -0.08993408502690942 -0.5648616763040958 0.8202701670750312 -11.22512435913086 0.04163932048149899 -0.8250200592454251 -0.56356727090252 -3.1994616985321045
0.9953393546285312 -0.055556855894859994 0.07882261661945023 0.5675243735313416 -0.0964128404530218 -0.5560665267324101 0.8255268511947592 -11.427739143371582 -0.0020330576576267287 -0.8292788756569359 -0.5588312921318286 -3.357947826385498
0.9936381696523818 -0.09518321602929566 0.0601942123146777 0.41920897364616394 -0.1027257371973071 -0.5469511885395738 0.8308380228855785 -11.621491432189941 -0.046158539048954506 -0.8317358671726667 -0.5532493439050769 -3.5283727645874023
0.9899537930801693 -0.1350172364932292 0.04197419940769215 0.2707006633281708 -0.10877190099954631 -0.5375718573857086 0.836172931695247 -11.809638023376465 -0.09033361013006277 -0.8323381788651837 -0.5468573807532079 -3.688246965408325
0.9843273555865885 -0.17466934906611284 0.024295586857189327 0.11913330107927322 -0.11446343838301147 -0.5279966022484711 0.8414973020085145 -12.001623153686523 -0.13415579867248878 -0.8310897704284964 -0.5397147535241708 -3.8213109970092773
0.9768598157144773 -0.21375655906583074 0.007282437683425541 -0.0354931615293026 -0.11972782120872805 -0.5183032301058969 0.8467744743970521 -12.202680587768555 -0.17722908697752693 -0.8280518674081528 -0.5319022049314915 -3.910242795944214
0.9677103508062878 -0.25190570184194244 -0.008955128245323699 -0.1885424703359604 -0.12450494847238024 -0.5085799385622042 0.8519653536957679 -12.40732192993164 -0.2191693289405745 -0.8233407335189868 -0.5235215771868006 -3.9562060832977295
0.9570921548879796 -0.2887613287153654 -0.024320815990024447 -0.33641600608825684 -0.1287501203509157 -0.4989220558146199 0.857029864550436 -12.608620643615723 -0.25961127394916556 -0.8171252518801817 -0.5146924413455489 -3.973904848098755
0.945267348266883 -0.3239898745738342 -0.038732434394529974 -0.47758054733276367 -0.13243435687228233 -0.48943019764839146 0.8619276203659338 -12.803905487060547 -0.2982126446352005 -0.8096225310621534 -0.5055497757651486 -3.9791369438171387
0.9325411377901153 -0.35728145440777537 -0.05212474139390824 -0.6080566048622131 -0.1355416876288697 -0.4802108104981836 0.8666175790943751 -12.99306869506836 -0.33465725338596053 -0.801091467821835 -0.4962428668900166 -4.001574516296387
0.9192542090314537 -0.388353149072752 -0.06444789199992038 -0.7304589748382568 -0.13806878581146956 -0.4713707947823951 0.8710606088044389 -13.162116050720215 -0.3686579845364848 -0.7918278887684432 -0.4869290348767539 -4.068762302398682
0.9057751112394272 -0.4169485160902337 -0.07566625925308651 -0.8826611042022705 -0.14002459646037263 -0.4630193945030121 0.875217774442552 -13.31048583984375 -0.39995569785329094 -0.782155339586847 -0.47777449127226435 -4.076869010925293
0.8924917940616222 -0.44283647914390206 -0.08575692550516859 -1.0304248332977295 -0.14142697419102163 -0.45526346076402996 0.8790526675144843 -13.450263023376465 -0.4283185829541356 -0.772418949814536 -0.46894792617471953 -4.075772762298584
0.8798027931721909 -0.465808137813523 -0.09470915411462996 -1.1698461771011353 -0.14229996464517575 -0.4482093655328797 0.882529934172544 -13.58504581451416 -0.4535391550774778 -0.7629751918609878 -0.4606203332640627 -4.072292327880859
0.8680655030408637 -0.48574442034096205 -0.10254092128528397 -1.2990453243255615 -0.1426818119516266 -0.4419400603758512 0.8856245725888536 -13.716625213623047 -0.47550413559569876 -0.7541494156615198 -0.45293981486371404 -4.067215442657471
0.8574455935210035 -0.5028196410598648 -0.10935932843540586 -1.4168701171875 -0.14264316162302285 -0.43645429700704746 0.8883471028073837 -13.84581470489502 -0.49440872018361726 -0.7461099484583442 -0.4459595970689327 -4.05999755859375
0.8480226087510065 -0.517268830893959 -0.11528491502678945 -1.5206786394119263 -0.1422520936655929 -0.43172745990675887 0.8907164207592747 -13.97427749633789 -0.5105115051542841 -0.7389481422590186 -0.4396972210021943 -4.04972505569458
0.8398344983829888 -0.5293163365599093 -0.12042520988808794 -1.6076903343200684 -0.14156667017369418 -0.4277264731835273 0.8927535729605979 -14.103144645690918 -0.5240581009980914 -0.73271705315816 -0.4341529992865374 -4.037304401397705
0.8328856239695986 -0.5391719316418873 -0.12488060503668372 -1.6714696884155273 -0.14063303553702056 -0.42441795256148296 0.8944784798189176 -14.234309196472168 -0.5352792604803732 -0.7274359282253486 -0.4293169966662277 -4.024257659912109
0.8271520836515214 -0.5470331214417801 -0.1287408037749064 -1.7124266624450684 -0.1394895523976181 -0.42176497131101853 0.8959112532761979 -14.36440658569336 -0.5443914908251767 -0.7230968628203818 -0.4251691800877191 -4.012772083282471
0.8225849049891091 -0.553088612507032 -0.13208732262826994 -1.7308813333511353 -0.13816743394225126 -0.41972719748833953 0.8970723715990802 -14.490297317504883 -0.5516011550766298 -0.7196680251363338 -0.42168009120006744 -4.004356384277344
0.8191172162306755 -0.5575151915936183 -0.13499554517405402 -1.7337157726287842 -0.1366901853197332 -0.41826443612270303 0.8979814333894739 -14.608283042907715 -0.5571021264649472 -0.7170994858576377 -0.41881445542261986 -3.9991698265075684
0.816667046918963 -0.5604811876278188 -0.13753462397509228 -1.7276488542556763 -0.13507625709100676 -0.4173357669154653 0.8986574778097407 -14.716869354248047 -0.561078728207499 -0.71532628636755 -0.41653206933520187 -3.995610237121582
0.81513918686456 -0.5621505500350629 -0.1397671818885256 -1.7185107469558716 -0.13334130158342636 -0.41689752240420586 0.8991198769381491 -14.815797805786133 -0.5637093252109828 -0.7142711074294626 -0.4147873934459284 -3.992021322250366
0.8144306524401717 -0.5626795412036888 -0.1417548809624645 -1.709450602531433 -0.13149562974437737 -0.4169094932799257 0.8993861093941828 -14.905234336853027 -0.5651651189909068 -0.7138474685280334 -0.4135337712353277 -3.9877781867980957
0.8144317179051577 -0.5622217263768293 -0.14355384794533146 -1.7015819549560547 -0.12954789418716015 -0.41732815190283296 0.8994746003868249 -14.985275268554688 -0.5656132247231549 -0.7139635453013154 -0.41271992440279687 -3.983049154281616
0.8150276554692306 -0.5609290023846013 -0.14521905902513277 -1.69525146484375 -0.12750574225999453 -0.41811188294204604 0.8994024344159763 -15.055939674377441 -0.5652187244873058 -0.7145215935340741 -0.41229441648228815 -3.9778831005096436
0.8161028129494317 -0.5589499034852448 -0.14680328364808826 -1.6909056901931763 -0.1253748644031451 -0.41921885337924314 0.8991866860376025 -15.117220878601074 -0.5641430156191942 -0.7154233420606493 -0.41220395384184916 -3.9723668098449707
0.8175385920801169 -0.5564351398486188 -0.14835964950520816 -1.6878490447998047 -0.12316109787503415 -0.42060805876537766 0.8988438156163933 -15.16911792755127 -0.5625495484220714 -0.7165673702055296 -0.412394482900602 -3.9671483039855957
0.8192180783970597 -0.5535338931773167 -0.14993988505861833 -1.6853759288787842 -0.12086978137550705 -0.4222383858388836 0.8983903614100114 -15.211640357971191 -0.5605998893842791 -0.7178544243982458 -0.41281083972468213 -3.9629039764404297
0.821025410917217 -0.5503962010476715 -0.15159583272803445 -1.6849071979522705 -0.11850770138747416 -0.4240707210077615 0.8978418281054936 -15.2446870803833 -0.5584560854177097 -0.7191856821824587 -0.41339902661191547 -3.9585654735565186
0.8228453044473152 -0.5471742877308451 -0.15338156276178547 -1.68453848361969 -0.1160809600388609 -0.42606664410577166 0.8972137011308411 -15.268381118774414 -0.556283035572236 -0.7204634020036605 -0.414103454112436 -3.9555602073669434
0.8245650675318 -0.5440213518320614 -0.15534869860122574 -1.6842821836471558 -0.11359824953071779 -0.4281866311941235 0.8965219721625255 -15.282697677612305 -0.5542453311574529 -0.7215933602919611 -0.4148676117422533 -3.9538867473602295
0.8260733257540271 -0.541091802779178 -0.15755164690621412 -1.6841307878494263 -0.11106873568429818 -0.43039420532933903 0.8957815380841575 -15.28764820098877 -0.5525093632067901 -0.7224821720873854 -0.41563555500548954 -3.9535436630249023
0.8272786942840901 -0.5385151869948119 -0.1600354815644138 -1.6839135885238647 -0.10849417325045435 -0.4326494916034421 0.8950102970279076 -15.297865867614746 -0.5512159072036215 -0.7230600326329936 -0.416347466492187 -3.952460765838623
0.8281604438170846 -0.536324761334618 -0.16280672491041076 -1.683630347251892 -0.10584214908444153 -0.4348909096772171 0.8942412069219967 -15.31334400177002 -0.5504068665758777 -0.723343381154129 -0.416925214117156 -3.9506468772888184
0.8287156742958324 -0.5345278780569959 -0.16586222823864796 -1.683290958404541 -0.10307190335710906 -0.437052865571806 0.8935104786368293 -15.334074020385742 -0.550096822309261 -0.7233704032343031 -0.41728736598403615 -3.9481041431427
0.8289403920196655 -0.5331316278732786 -0.1691995680829926 -1.683508276939392 -0.10014291277800069 -0.43907158333432517 0.8928535947895525 -15.359972953796387 -0.5502992127003463 -0.7231782712924087 -0.417353524523158 -3.944432258605957
0.8288287014360587 -0.5321445738428625 -0.17281532398897742 -1.6848632097244263 -0.09701432998221887 -0.44088130688708055 0.8923070620675606 -15.390963554382324 -0.5510274071712933 -0.72280414066823 -0.4170407303596902 -3.939262628555298
0.8283740126029682 -0.5315744806825584 -0.17670615929029154 -1.6864794492721558 -0.0936443799787457 -0.4424176903912931 0.8919065631147862 -15.427145957946777 -0.5522926989762348 -0.7222846798291531 -0.41626628009201494 -3.9331774711608887
0.8275684576852864 -0.5314293920934929 -0.1808680432346648 -1.6883593797683716 -0.0899907163571401 -0.4436170654928546 0.8916869238544641 -15.468507766723633 -0.5541047904628914 -0.7216555275355748 -0.4149472023805274 -3.926182746887207
0.8264027986264628 -0.5317181537584822 -0.18529495240297575 -1.6919384002685547 -0.0860107809200239 -0.4444154318810792 0.891682157201478 -15.514758110046387 -0.556471526664103 -0.7209512666398644 -0.4129996502934324 -3.917426586151123
0.824865971207375 -0.5324504129521827 -0.18998075505472642 -1.6978490352630615 -0.08165969084415983 -0.4447491225655519 0.8919248358849572 -15.56575870513916 -0.5593995213041838 -0.7202046762721148 -0.4103381530401825 -3.9065403938293457
0.8229460715465385 -0.5336355444902448 -0.1949175953646034 -1.7043871879577637 -0.07689088696551269 -0.44455499846213187 0.8924453175651663 -15.621848106384277 -0.5628921342742107 -0.7194469813675874 -0.40687649990296826 -3.8945508003234863
0.8206292852641419 -0.5352846534997701 -0.2000947672841401 -1.7138159275054932 -0.07165746714352791 -0.4437697376927218 0.8932713066648378 -15.682421684265137 -0.5669504242607437 -0.7187063097230771 -0.40252758513522874 -3.880361318588257
0.8179006402230966 -0.5374088276399948 -0.20550010875241811 -1.7255297899246216 -0.06590854406847135 -0.44232922644255646 0.8944277048780993 -15.747633934020996 -0.5715720484255888 -0.7180087794792878 -0.39720119089605 -3.864274740219116
0.81474410182537 -0.5400195690917219 -0.21111824539523397 -1.7392210960388184 -0.05959257997664644 -0.4401707207840853 0.8959344066259237 -15.817514419555664 -0.5767501824468704 -0.7173761924976393 -0.3908076579151079 -3.846574544906616
0.8111407871975165 -0.543130757670848 -0.2169322553620929 -1.7569457292556763 -0.052653886342428236 -0.4372299405537472 0.8978070769026081 -15.891425132751465 -0.5824759150365209 -0.7168256127924404 -0.38325298335056757 -3.826509952545166
0.8070721183857641 -0.5467552645677041 -0.2229198878337581 -1.7768114805221558 -0.04503540137207107 -0.43344258911842104 0.9000551841757127 -15.969914436340332 -0.5887328836981776 -0.716370157534371 -0.37444277139051385 -3.8049023151397705
0.8025167536796354 -0.5509083200463579 -0.22905650605734615 -1.8015283346176147 -0.036676428062698996 -0.4287437305837986 0.9026813685402224 -16.052061080932617 -0.5955012172011582 -0.7160159470212846 -0.364279376197929 -3.781099796295166
0.7974536729506762 -0.555603979036434 -0.2353122563241392 -1.829714298248291 -0.02751341879016378 -0.42306806781676143 0.9056800879892793 -16.138263702392578 -0.6027525622375675 -0.7157636680306382 -0.35266374954533297 -3.7556920051574707
0.7918593459776806 -0.5608585664950061 -0.24165356313732908 -1.862673282623291 -0.017479275543547 -0.4163493230745629 0.9090366967850233 -16.228044509887695 -0.6104533160809866 -0.7156052749697422 -0.3394935040927984 -3.728527784347534
0.7857099171382962 -0.5666882689018911 -0.24804098854727588 -1.9020922183990479 -0.006504404436904976 -0.4085208713192898 0.9127258024288836 -16.32062530517578 -0.6185609257247445 -0.7155243556899418 -0.3246648696441312 -3.699971914291382
0.7789812598442143 -0.5731090204720695 -0.2544292582724437 -1.9474315643310547 0.005484020610708906 -0.3995154538756172 0.916710056469602 -16.416086196899414 -0.627023223118141 -0.7154952499968847 -0.3080721099068094 -3.6703076362609863
0.7716699777110819 -0.580115125963228 -0.2607525381047068 -2.0007054805755615 0.018519949034307648 -0.3893048912688951 0.920922750898185 -16.513418197631836 -0.6357534561346443 -0.7154775623754961 -0.2896711942014135 -3.6399803161621094
0.7638633018428396 -0.5876097266722979 -0.26688511614150023 -2.0655298233032227 0.032469549439586576 -0.37801859459189774 0.9252284423330038 -16.610380172729492 -0.6445607686300378 -0.7154136923926419 -0.26967510875158857 -3.61027455329895
