1.0 -0.0 0.0 -46.23619079589844 0.0 0.1764023516471281 0.9843181448766262 23.359603881835938 -0.0 -0.9843181448766262 0.1764023516471281 -3.058039426803589
0.9999943740244979 -0.00015425958409274 -0.003350839198346419 -46.100276947021484 0.0033248820478054735 0.17778731078775384 0.9840633197524571 23.388763427734375 0.0004439354915302678 -0.9840689245814234 0.17778682345562064 -3.110882520675659
0.9999744968934128 -0.00045466371202025103 -0.00712733075385405 -45.96544647216797 0.007093068157653312 0.17963124158792237 0.9837084453381969 23.41691780090332 0.0008330347392194507 -0.9837339123596839 0.17962988539391994 -3.1629443168640137
0.999936288469903 -0.0008798609173107548 -0.011253659218273572 -45.83163833618164 0.011226013575462625 0.18185173191804932 0.9832618797744626 23.443891525268555 0.0011813637197635148 -0.9833255683867741 0.18185002319656035 -3.2141528129577637
0.999876477738641 -0.0014080973545180838 -0.01565396201635426 -45.69824981689453 0.015645204858052 0.18436602981257944 0.9827331248187866 23.467811584472656 0.0015022749145375313 -0.9828566448434825 0.18436528647523065 -3.26373028755188
0.9997928627379671 -0.0020163779524929905 -0.020252551399089408 -45.565799713134766 0.020272148420538927 0.18709308850504242 0.9821329931491253 23.4901065826416 0.0018087610775609098 -0.9823401195378293 0.18709521086806907 -3.312246084213257
0.9996845107357366 -0.0026811595685333946 -0.024973793833128307 -45.433631896972656 0.025028330392072792 0.1899494258065309 0.9814748077834474 23.50855827331543 0.002112267226650342 -0.9817902153816456 0.18995660374945106 -3.358769416809082
0.9995518910072548 -0.0033770354054909434 -0.029742441320297602 -45.30218505859375 0.029835247524222865 0.192855246111571 0.9807735274019247 23.524198532104492 0.0024238789139804096 -0.981221407063215 0.19286958062871118 -3.403693675994873
0.9993969506938583 -0.004078220806953128 -0.03448337365843813 -45.1713752746582 0.03461442591254684 0.19572868970730678 0.9800469996608354 23.536712646484375 0.0027525374770447503 -0.9806496051804183 0.19575182092876403 -3.446873664855957
0.9992231215031355 -0.004757149709110186 -0.039121898984779455 -45.04121017456055 0.039287435139791535 0.19849079664129193 0.9793150162684334 23.54526710510254 0.0031065887508404076 -0.980091206559548 0.19852348962020278 -3.4878931045532227
0.999035269613818 -0.005385474081796057 -0.043583560393341575 -44.91196060180664 0.043775918949653395 0.2010604660722456 0.9786002033021067 23.551307678222656 0.0034927049344492707 -0.9795640283573736 0.201102251008076 -3.5273852348327637
0.9988395765123639 -0.0059335349172697435 -0.047794283716648615 -44.7835693359375 0.04800165282513967 0.20335932792713063 0.9779267994441511 23.55330467224121 0.003916850604340549 -0.9790861948308799 0.20340816446969867 -3.5646092891693115
0.9986433641968274 -0.006370831298279513 -0.05168020563244294 -44.6562385559082 0.05188652479252857 0.2053082746783127 0.9773209815068787 23.552709579467773 0.004384026755967999 -0.9786766191430055 0.2053603064183036 -3.6002233028411865
0.9984548530119353 -0.006666577486537758 -0.05516759231225016 -44.53011703491211 0.05535262635478487 0.2068292233905668 0.976809991301933 23.549394607543945 0.0048982907776314935 -0.9783543474101144 0.2068786544116787 -3.6341185569763184
0.9982828572947378 -0.006789042672207434 -0.05818286458270102 -44.40511703491211 0.058322228263061784 0.20784297074417835 0.9764219462930285 23.542333602905273 0.005463929161811619 -0.9781386447798847 0.20788202679954115 -3.665806770324707
0.9981364276191502 -0.006707128259810291 -0.060652174653408567 -44.28158187866211 0.06071776969267699 0.20827207514973173 0.976184457547021 23.535282135009766 0.006084759915408151 -0.9780479319252872 0.2082911869317588 -3.6970579624176025
0.9980244146841313 -0.006389628913153471 -0.06250152267544373 -44.15931701660156 0.06246194823599264 0.20803696865593452 0.9761245436392908 23.522226333618164 0.006765553706903123 -0.9781000931984424 0.20802508254592061 -3.7249228954315186
0.9979549915843615 -0.00580681025360328 -0.06365623085398488 -44.03852462768555 0.0634776455001542 0.20705815944943334 0.976267128980163 23.509180068969727 0.007511544023296499 -0.9783114021415125 0.2070033264135976 -3.7523436546325684
0.9979350926820083 -0.004929974580912176 -0.06404097238786269 -43.91924285888672 0.06368800290881979 0.20525595894377058 0.9766339281448088 23.49485206604004 0.008330010758551977 -0.9786959112353054 0.2051461046475358 -3.778630256652832
0.9979698074610723 -0.0037323785939562155 -0.06357934213359961 -43.801483154296875 0.06301637696601853 0.20254699961199518 0.9772428813668866 23.477157592773438 0.009230364574955248 -0.9792654299515579 0.2023709911810574 -3.8026745319366455
0.9980617018560108 -0.002190305325773908 -0.062193583679212364 -43.685203552246094 0.06138642891103552 0.19884858742604083 0.9781057946992333 23.45956039428711 0.010224755930274596 -0.9800277760559892 0.19859761460027225 -3.8263022899627686
0.9982086131173674 -0.00029218976274649616 -0.0598287499739433 -43.570472717285156 0.05874747572173954 0.1941044047962529 0.9792202071725319 23.44100570678711 0.011326905783385775 -0.9809808329747504 0.1937738541226327 -3.8489158153533936
0.9983992522189604 0.0019349144328469937 -0.05652600529630741 -43.45736312866211 0.055150300623218115 0.18836890356868424 0.9805486222057019 23.419775009155273 0.012545019321997114 -0.9820964373596258 0.1879606613516281 -3.869527578353882
0.9986188437753379 0.004453148645676076 -0.0523504949732739 -43.34572219848633 0.05067113373372917 0.18172782130510534 0.9820424813468296 23.398685455322266 0.01388672254154294 -0.9833387861926526 0.18125118070295432 -3.8897595405578613
0.9988514022517238 0.007224430488128528 -0.04736753977026576 -43.23554611206055 0.045386355839578015 0.1742648380992896 0.9836522987854153 23.377763748168945 0.015360824306290093 -0.9846723179852022 0.17373678732577247 -3.909621477127075
0.9990804062447041 0.010209350552175733 -0.04164265864734949 -43.134971618652344 0.03937249163200695 0.16606482633140746 0.9853285139273129 23.35569190979004 0.01697494508398848 -0.9860619872081178 0.16551014658495494 -3.9259557723999023
0.999289353989311 0.01337021671961573 -0.03524236525116023 -43.04373550415039 0.03270628192319626 0.15721370125176048 0.9870228727144486 23.335351943969727 0.018737292397411197 -0.9874740955810399 0.1566646878847343 -3.9405407905578613
0.9994623372587988 0.016669674279404193 -0.028233992997761845 -42.961814880371094 0.02546462031143384 0.1477972507765759 0.9886898026050842 23.316898345947266 0.020654043516309478 -0.9888771888471816 0.14729329877534114 -3.9534826278686523
0.9995845179212319 0.020071837515603253 -0.020686054987000324 -42.88922882080078 0.017724491021779903 0.13790477129814488 0.990286885943273 23.30034637451172 0.02272958315052924 -0.9902420892852177 0.13749171123325804 -3.9647886753082275
0.9996425631712849 0.023542722847896807 -0.012668310749659397 -42.825984954833984 0.009562905654516358 0.127625158703368 0.9917763708121816 23.285287857055664 0.024965911395052998 -0.9915430192719055 0.12735440393393194 -3.974184513092041
0.9996250049758129 0.027051258068646455 -0.0042519247418316836 -42.77217102050781 0.0010567456351633399 0.11704984032455873 0.9931254795687494 23.271209716796875 0.027362980754465943 -0.9927575556584294 0.11697736091796535 -3.981337785720825
0.9995225799746427 0.030568685638618164 0.0044908327915116186 -42.72763442993164 -0.007717503468743739 0.10627055355096271 0.9943073013853323 23.25931167602539 0.029917424037572228 -0.9938672571859379 0.10645573179804269 -3.9870433807373047
0.9993284947552146 0.034069015483958354 0.01348561286079096 -42.6923713684082 -0.01668303586603498 0.09538258582043796 0.9953008784465628 23.249589920043945 0.0326226284129577 -0.9948575096495783 0.09588691052103765 -3.991307258605957
0.9990385836927516 0.03753011183626434 0.022658309706120785 -42.66638946533203 -0.02576511656449 0.08448113739012181 0.9960919115190573 23.2420597076416 0.035469241063197834 -0.9957180465025371 0.08536688355311967 -3.994143009185791
0.9986515236903931 0.04093259623908375 0.03193206532600764 -42.64967346191406 -0.034888055886176626 0.07366229287261383 0.9966728099859212 23.23674201965332 0.03844421656555493 -0.9964428679928807 0.07499101972091926 -3.995556592941284
0.9981688504889894 0.04426068626214786 0.04123029911476829 -42.642234802246094 -0.04397837370238578 0.06302385631090246 0.9970425749095152 23.2336368560791 0.04153129615100942 -0.9970300823883432 0.06485496320799755 -3.995561361312866
0.9975950044528912 0.047502334504281346 0.050475095911547044 -42.62809371948242 -0.052963223026275236 0.05266567139511197 0.9972067107993063 23.22900390625 0.044711341931388496 -0.9974817568623227 0.055054887426540244 -3.9965929985046387
0.9969373257164188 0.050648670381855526 0.05958758916036648 -42.60725402832031 -0.06177055282346955 0.04268594166504813 0.9971771704105797 23.222835540771484 0.047962145461576594 -0.997803899858443 0.04568380489850099 -3.9986631870269775
0.9962059001701151 0.05369356443811624 0.06848945615334168 -42.57972717285156 -0.07033069850095618 0.03318488262376207 0.9969715925810598 23.215150833129883 0.05125814388580857 -0.998005894122463 0.03683528175818329 -4.001777172088623
0.9954135014925671 0.05663462029527419 0.07710045933921043 -42.54550552368164 -0.07857387360938284 0.024263903936002695 0.9966129686853374 23.205961227416992 0.05457203892401179 -0.9981000865393183 0.028602619073811952 -4.0059494972229
0.9945752383999809 0.05947133331893463 0.08534199244738613 -42.504600524902344 -0.08643332163827235 0.016021581120270634 0.9961288018368819 23.19527816772461 0.05787379434767084 -0.9981014324464599 0.021074972743250098 -4.01118278503418
0.993707893009316 0.06220247485596282 0.0931422325949885 -42.45701217651367 -0.09384963555333974 0.008543055982477232 0.9955497285926933 23.18311882019043 0.06112993765325573 -0.9980269877695058 0.014326981755955981 -4.017488956451416
0.9928276905534278 0.06481193555392852 0.10046188272225695 -42.402870178222656 -0.10079251053045081 0.0018436372303406445 0.9949057597696035 23.16861343383789 0.06429655271720294 -0.9978957931625508 0.008362971790435658 -4.024240493774414
0.9919509351907403 0.06728000921748199 0.10726948556747838 -42.34211730957031 -0.10723883886625137 -0.004077436739335749 0.9942249272414442 23.152118682861328 0.06732884681051719 -0.9977258014451328 0.003170412880628304 -4.031700134277344
0.9910942283385495 0.06958567171426787 0.11353442141522237 -42.274715423583984 -0.1131663795065836 -0.009221411466073859 0.9935332586883769 23.13399314880371 0.07018262679172856 -0.9975333577693768 -0.0012645291477234033 -4.0401291847229
0.9902743888347341 0.07170737706877972 0.11922536178141849 -42.2006721496582 -0.11855204203943973 -0.013588947085261927 0.992854850340871 23.11423683166504 0.07281516426042858 -0.9973331402249852 -0.0049557302889692845 -4.049530982971191
0.9895080968572628 0.07362211638411151 0.12431214837272363 -42.11997985839844 -0.12337348958506467 -0.017180777918452406 0.9922115716608635 23.092851638793945 0.07518449522023575 -0.9971382074964539 -0.007917501451669584 -4.059912204742432
0.9888117307868237 0.07530583692829507 0.1287648709194205 -42.03264617919922 -0.1276080109105203 -0.019997357182700737 0.9916230641010566 23.069833755493164 0.07724996187589045 -0.9969599473550763 -0.01016399330661688 -4.07127046585083
0.9882010894223863 0.07673358698380163 0.1325540021765037 -41.93898391723633 -0.13123235429310134 -0.02203979519830873 0.9911066121332794 23.043338775634766 0.07897262849303625 -0.9968080076204324 -0.011709820352376277 -4.082159519195557
0.9876913448898519 0.07787827595643818 0.13564947977684289 -41.83872985839844 -0.1342217184548245 -0.023308334371190287 0.9906771683267331 23.01497459411621 0.08031399333060876 -0.9966903710194522 -0.012568484093051224 -4.093844890594482
0.9872962850074616 0.07871177401761352 0.13802355683529374 -41.743534088134766 -0.13655212890851168 -0.02380558787912035 0.990346813028791 22.988134384155273 0.08123768645781729 -0.9966131398976886 -0.01275490816320346 -4.105002403259277
0.9870284340908768 0.07920413246751434 0.13964804222107716 -41.65342330932617 -0.1381978365796398 -0.02353197676419233 0.9901250446455117 22.962812423706055 0.081708189680218 -0.9965806296881541 -0.012280890421445922 -4.115638256072998
0.9868987358462971 0.07932392306355256 0.14049412946734974 -41.56853485107422 -0.13913056725558157 -0.02249035657033316 0.9900186205907844 22.938251495361328 0.08169192395898707 -0.9965951530542114 -0.01115932205522413 -4.125111103057861
0.9869157964320614 0.07903689087678183 0.14053604745189657 -41.48887252807617 -0.13932329892292356 -0.020682371526561993 0.9900309378424853 22.914413452148438 0.08115558594516915 -0.9966571172617839 -0.009400078793676436 -4.133381366729736
0.9870860543528935 0.07830815498784843 0.1397460345213253 -41.414268493652344 -0.1387446557167844 -0.018112715459266737 0.9901625371870632 22.892187118530273 0.08006898158505142 -0.9967646474474757 -0.007013970832698502 -4.141225337982178
0.9874129607664628 0.07709934054662695 0.13809901012564538 -41.3447151184082 -0.13736373739961716 -0.014785464789941694 0.9904103158179213 22.871585845947266 0.0784018402718768 -0.9969137784774674 -0.004008705996014106 -4.148643493652344
0.9878967812968821 0.0753711077857788 0.13556970758397732 -41.28021240234375 -0.13514683165069075 -0.010706647903366895 0.9907677334196211 22.852596282958984 0.07612675875170608 -0.997098071305836 -0.00039089658696445095 -4.155640602111816
0.9885341092553935 0.07308100564968656 0.13213433108725503 -41.22077941894531 -0.13205895108625595 -0.005883822487370238 0.9912244014706938 22.835224151611328 0.07321713103259174 -0.9973086519459097 0.0038346417288569468 -4.162222862243652
0.9893174694721214 0.07018439308996523 0.12776969736158517 -41.16645050048828 -0.12806276414596487 -0.000326474332265847 0.9917660116447856 22.819169998168945 0.0696482091411746 -0.9975339815670959 0.008665020618763064 -4.168117523193359
0.990234862209163 0.0666348260328287 0.12245292003531304 -41.117313385009766 -0.12311810092504731 0.00595366152417226 0.9923741669043313 22.804101943969727 0.06539763673260664 -0.9977596673919178 0.014099476435661507 -4.173032283782959
0.9912690225057346 0.06238252348557939 0.11616430512036062 -41.073204040527344 -0.11718468653050788 0.0129426930375372 0.9930257982246394 22.790740966796875 0.06044397623644317 -0.9979683900106792 0.02013996713555094 -4.177630424499512
0.99239175466792 0.05740048438074569 0.10892102487574638 -41.03411102294922 -0.11025483383851217 0.020596763199853096 0.9936899138870894 22.779081344604492 0.05479486182452935 -0.9981387467374188 0.026768738840031114 -4.181916236877441
0.9935505286817516 0.05175735992589606 0.10088866462449027 -41.00003433227539 -0.10246529126952736 0.028764327582039284 0.9943206110424363 22.769100189208984 0.04856141514888694 -0.998245355186917 0.03388214583645899 -4.185871601104736
0.9946917387406304 0.04555045641337853 0.09226863389947068 -40.97096633911133 -0.09399227339872789 0.03726783767947134 0.9948751483558306 22.760780334472656 0.041878364610863694 -0.9982666298115098 0.041351401213140127 -4.189473628997803
0.9957689356936548 0.03888269628331427 0.08326081093326988 -40.934383392333984 -0.0850169297397202 0.04593450038805902 0.9953201210322893 22.75006866455078 0.034876186218645716 -0.9981874361079881 0.04904583602104673 -4.193793773651123
0.996744446167469 0.031863598616604066 0.07406227188997755 -40.890281677246094 -0.0757249158558198 0.054593282584716574 0.9956331204892964 22.7369327545166 0.027681151582512283 -0.9980001425750523 0.05682841953847334 -4.198808670043945
0.9975903830322002 0.024608666002512217 0.06486787524842172 -40.83866500854492 -0.06630769677770196 0.06307814840183479 0.9958034125982057 22.72136116027832 0.02041364812335946 -0.9977051472012023 0.06455789818854674 -4.204493522644043
0.9982892729114121 0.017240509756645917 0.05586852793240896 -40.7795295715332 -0.05696115739383667 0.07122950194453675 0.995832207051513 22.70332908630371 0.01318916746265392 -0.997310945932142 0.0720896870958519 -4.210824012756348
0.9988341151839266 0.009886976446876885 0.04725101101015024 -40.712974548339844 -0.04788519416856006 0.07889175012724087 0.9957324439533445 22.682323455810547 0.006117068266885593 -0.9968341584529495 0.07927321122055281 -4.217043399810791
0.9992277884008693 0.002681592077178191 0.039199948360158075 -40.638980865478516 -0.039285357216501386 0.08591540872587117 0.9955276004470385 22.65848159790039 -0.000698280659425031 -0.9962988264609157 0.08595441115336994 -4.223355770111084
0.9994822689000096 -0.00423831044604416 0.03189405711181109 -40.557498931884766 -0.03136821707238865 0.09215735649708529 0.9952502482296441 22.632036209106445 -0.007157451514891323 -0.9957354359306652 0.09197669552544224 -4.230114459991455
0.9996169382234366 -0.01073225953378118 0.02551069230933152 -40.46852493286133 -0.024344768246260765 0.0974782526730888 0.9949398587426462 22.60297393798828 -0.013164690495324108 -0.995179787204855 0.097179638109335 -4.23729133605957
0.9996567078100091 -0.016658437909316284 0.020222833057605305 -40.3720703125 -0.0184258988586492 0.10174230786914684 0.9946401304193948 22.5712833404541 -0.018626668561638977 -0.994671302107325 0.1014004338374036 -4.24485969543457
0.9996293802125973 -0.021876006002996523 0.01620316565167931 -40.268165588378906 -0.013824486065816877 0.10481760164029108 0.9943953710528792 22.536664962768555 -0.02345177606909411 -0.994250828889639 0.10447632962289088 -4.25177001953125
0.9995627034265306 -0.026245621755967896 0.013622380749641168 -40.15681076049805 -0.010751685821896638 0.10657115826826308 0.994246945923068 22.499170303344727 -0.027546382169583657 -0.9939586286983998 0.10624237038660128 -4.258228778839111
0.999480809618521 -0.029630842013383403 0.012654027259464398 -40.03799057006836 -0.009419249648264976 0.10686953957729722 0.9942284341370448 22.45896339416504 -0.03081215572414587 -0.9938314317388609 0.10653495364206328 -4.264877796173096
0.999400122656738 -0.031904020982683697 0.013473243070361896 -39.911712646484375 -0.010034963737033714 0.10557657560814493 0.9943605413458712 22.416019439697266 -0.03314655844115637 -0.9938992504917157 0.10519308691883167 -4.271691799163818
0.9993248891923954 -0.03294541510266364 0.01625931930678398 -39.77775955200195 -0.012802388525395413 0.10254885507811157 0.99464558068199 22.370668411254883 -0.03443638611485821 -0.9941822428236593 0.10205784323346606 -4.276559829711914
0.9992421230974924 -0.03264599552040973 0.021199490656555187 -39.63631820678711 -0.017920991015261418 0.09763453647811193 0.9950609706785486 22.322587966918945 -0.034554558435131284 -0.9946867528338686 0.09697549292562258 -4.281343936920166
0.9991160164231595 -0.030912908834482184 0.02848820447321249 -39.48739242553711 -0.025581265294010617 0.09066924104211038 0.9955524534622999 22.271732330322266 -0.033358426112063785 -0.9954011657599353 0.08979829960020014 -4.286096096038818
0.9988819063475183 -0.027673015961016397 0.03832937984326144 -39.33039093017578 -0.035962585668083226 0.08147622421655909 0.9960262633683303 22.219642639160156 -0.030685983829974554 -0.996291036331771 0.0803899329602421 -4.288264274597168
0.9984434798333127 -0.02291898060846642 0.05084621820955735 -39.16584014892578 -0.04913354276732304 0.06994471856720264 0.9963401182927878 22.16482925415039 -0.026391524273463605 -0.9972875496427414 0.06870975748829 -4.290233135223389
0.9976906255111899 -0.016844386937080097 0.0658003221557824 -38.99327850341797 -0.06475917373027565 0.056283300841878436 0.996312420611183 22.108667373657227 -0.02048573125038008 -0.9982727366181331 0.055062493042729865 -4.290778636932373
0.9965140987035674 -0.00968624457364408 0.08286029055631036 -38.81253433227539 -0.08240151865656417 0.04078438750344959 0.9957643413273345 22.05167007446289 -0.013024623146507146 -0.9991210188971245 0.03984405589122997 -4.289522647857666
0.9948152388237195 -0.0016737505152239762 0.10168499969670415 -38.62385559082031 -0.10161692264933538 0.0237478884584279 0.9945401142362459 21.993144989013672 -0.004079416059306437 -0.9997165780124778 0.02345467995169015 -4.2874755859375
0.9925148342999679 0.006978880600080742 0.12192456241495146 -38.42631149291992 -0.12196369520493842 0.005485520021424384 0.9925194033982668 21.936357498168945 0.006257854781349256 -0.9999606013717063 0.006295630061493085 -4.282569408416748
0.9895606038467555 0.016075847886450584 0.14321794031885954 -38.220699310302734 -0.14300538522458503 -0.013678872488724403 0.9896273784835408 21.87870979309082 0.01786815914448768 -0.9997772029618244 -0.011237140500071241 -4.276803016662598
0.985932868643343 0.025446368378978373 0.16519340442351152 -38.00578689575195 -0.16431599140071712 -0.03340551951551152 0.9858419377546778 21.82522964477539 0.030604468606854812 -0.9991178877400905 -0.028754354436709817 -4.267711162567139
0.9816484232531495 0.03494687609187164 0.18747023490683773 -37.78231430053711 -0.1854851701325961 -0.05334407350056586 0.9811980745411438 21.773788452148438 0.044290233522611064 -0.9979644911888327 -0.04588299838422699 -4.256812572479248
0.9767620866956999 0.04446402556156036 0.20966348376558858 -37.54966735839844 -0.2061255761131503 -0.07313045608587565 0.9757890055051316 21.727577209472656 0.058720293475800836 -0.9963307115729861 -0.06226588400226163 -4.242863655090332
0.9713676853603241 0.0539162276967841 0.23138249767144248 -37.3082160949707 -0.22587263195136031 -0.0923917017614137 0.9697656044534656 21.686655044555664 0.0736639258598934 -0.9942619442765467 -0.07756811323172424 -4.225777626037598
0.9655958990131046 0.06325249091368532 0.2522373529085023 -37.05838394165039 -0.24439100700290742 -0.11075006730900255 0.9633314374020793 21.648744583129883 0.08886841680360373 -0.9918334260269036 -0.09148147085916053 -4.206528186798096
0.959611168572972 0.0724511357080104 0.27184046439894705 -36.800140380859375 -0.26137564197118623 -0.12782016543277486 0.956736525430533 21.615673065185547 0.10406334097157363 -0.9891475310808585 -0.10372069621091295 -4.184205055236816
0.9536076354995713 0.08151632874793183 0.28980608286296566 -36.540931701660156 -0.27654879478678895 -0.1432165113964829 0.9502682752598846 21.586219787597656 0.11896739729392887 -0.9863286059984675 -0.11402911632661311 -4.159992694854736
0.9478021922954308 0.09047354446558517 0.30575405480845036 -36.28097915649414 -0.2896612073747271 -0.1565495424114497 0.944239707761213 21.558305740356445 0.1332943705570135 -0.9835175537440088 -0.12217132337504621 -4.134741306304932
0.9424284545569077 0.09936170498642082 0.3193052765359039 -36.02042007446289 -0.3004838039078818 -0.167426811701255 0.9389769679351044 21.530887603759766 0.14675861688680567 -0.9808646768569781 -0.12793120832591148 -4.108742713928223
0.9377276867761479 0.1082245191054455 0.33008216994840794 -35.75950241088867 -0.3088031277210714 -0.17545466376289842 0.9348028076945063 21.501571655273438 0.15908304046358396 -0.9785208809362442 -0.13110862598859896 -4.082520484924316
0.933939974344002 0.11710204097753964 0.3377028817188561 -35.49862289428711 -0.31441083594391006 -0.1802299869768838 0.9320209107285974 21.466976165771484 0.17000573685430956 -0.9766290307958324 -0.1315058388187243 -4.057120323181152
0.9312934847034322 0.12601507042831578 0.34177865260118967 -35.23822784423828 -0.3170944483475948 -0.18134379954355562 0.9308950194271325 21.425077438354492 0.17928624090005507 -0.9753125798389218 -0.12892561976532835 -4.033348083496094
0.9299932961264531 0.13495425550970397 0.3419061539072926 -34.97908020019531 -0.3166235013796406 -0.1783718327395606 0.9316292436689756 21.373075485229492 0.18671375828779316 -0.9746644746808782 -0.12315491976001514 -4.012111663818359
0.9302079336166968 0.14386134117107174 0.3376642041333596 -34.72188949584961 -0.31273804908764713 -0.1708770875828733 0.9343425140664676 21.30950164794922 0.1921148429700503 -0.9747332637473984 -0.11396030736593049 -3.993995189666748
0.9320092130120416 0.1526184101316597 0.3287346159891888 -34.467041015625 -0.30523386222948845 -0.1585437067649758 0.9389867849941718 21.235107421875 0.19542547482133593 -0.9754852709980331 -0.1011798885982263 -3.9789390563964844
0.9352296682542676 0.16106239625136412 0.31528458911082485 -34.21481704711914 -0.2942542065363206 -0.14159407937486984 0.9451801831511618 21.1506290435791 0.19687541632386069 -0.9767343657309043 -0.08502969626874429 -3.9668333530426025
0.9396129777017037 0.16898975335530775 0.2976069814292831 -33.9654426574707 -0.28000898574640337 -0.12039810902957532 0.9524175886885821 21.056621551513672 0.19678013120182608 -0.9782365555442175 -0.06580897629637911 -3.9575915336608887
0.9448720253304764 0.17616964758108378 0.2760092589371607 -33.71884536743164 -0.2626964546134613 -0.09534780732818537 0.9601559083665658 20.954139709472656 0.19546720564176884 -0.9797311115346212 -0.04381233399094897 -3.9509971141815186
0.9507021634952599 0.18236242638188627 0.2508173474254574 -33.47494125366211 -0.24251460922746748 -0.06685711155499802 0.9678413046288998 20.843996047973633 0.19326681204148904 -0.980955693229125 -0.019335648028604602 -3.9468982219696045
0.9567916485537 0.18733374960045587 0.22238661721993808 -33.233646392822266 -0.21967673756243492 -0.035374183284695215 0.9749311760995575 20.726791381835938 0.19050425777871388 -0.9816591737551149 0.007307143806361938 -3.9452197551727295
0.9628330748702006 0.19087189168416197 0.1911030897209781 -32.99441146850586 -0.19441971057167856 -0.0013759570582086988 0.9809174699654394 20.603906631469727 0.18749252272349262 -0.9816139911936278 0.03578444097225919 -3.945713996887207
0.9685342536330455 0.19279854965959572 0.15738525594424665 -32.75740432739258 -0.16701051058351793 0.034628575442213094 0.9853468176827263 20.475202560424805 0.18452341015197035 -0.980627136587602 0.06573834568871029 -3.9487767219543457
0.973627949411147 0.192982815510859 0.12168093130374638 -32.52614974975586 -0.13774949211356335 0.07210802361526686 0.9878388078794819 20.335195541381836 0.18186174294749471 -0.9785489593514481 0.0967896719918892 -3.957418203353882
0.9778810862156977 0.19134910994453644 0.08446359775098941 -32.30794906616211 -0.10697100405650403 0.11051174052592055 0.9881013913040884 20.17544937133789 0.17973810256245235 -0.975280817677332 0.12853614728115997 -3.977285146713257
0.9811027883391898 0.1878843129321141 0.046225573734611655 -32.14274978637695 -0.07504170187397373 0.14928252763436345 0.9859429344150467 19.972063064575195 0.17834254033439206 -0.9707802078210716 0.16056066271024416 -4.032503604888916
0.9831510835283694 0.182642314670871 0.0074653766589512505 -32.088829040527344 -0.04235133220488353 0.1878651365444302 0.9812813333247579 19.71728515625 0.17782101005636278 -0.9650639747513163 0.1924349578941565 -4.097885608673096
0.9839371704154048 0.1757463234414548 -0.031318915558144755 -32.08205795288086 -0.009309955892569943 0.2257211045226969 0.9741474773843704 19.448810577392578 0.1782721778523083 -0.9582083347424324 0.22373157540662347 -4.142013072967529
0.9834285883352099 0.1673860624173082 -0.06964278680126207 -32.07825469970703 0.02366389860852995 0.26233763449584985 0.9646859517116271 19.17791748046875 0.17974490687544462 -0.9503477635242541 0.25402932274992757 -4.174797058105469
0.9816494632129443 0.1578157349740802 -0.10704450087851106 -32.07646942138672 0.05615118198835382 0.29723773861645186 0.9531509699431088 18.905071258544922 0.1822398862352845 -0.9416708132552315 0.282921726504314 -4.195954322814941
0.9786791233119005 0.14734728271991065 -0.14309420627163386 -32.07583999633789 0.08774154888009647 0.3299899434412615 0.9398978975547051 18.630741119384766 0.18571105027319137 -0.9324137576755783 0.310025789739719 -4.2060227394104
0.9746485213782452 0.13634259388072728 -0.17740055487251177 -32.07619094848633 0.11804175932632897 0.36021225864195944 0.9253719640118794 18.35535430908203 0.190069468432847 -0.9228530900516794 0.3349862256149076 -4.203982830047607
0.9697346126770237 0.12520507048400936 -0.20961505504432934 -32.0775146484375 0.14668244555067955 0.38757437020427477 0.9100936038276676 18.0794677734375 0.19518975675842956 -0.9132961173058024 0.3574788958396441 -4.188348293304443
0.9641534575841731 0.11436865636850363 -0.2394324971029352 -32.07989501953125 0.17332249530375626 0.4117969074376495 0.8946410563161447 17.802494049072266 0.20091645739003897 -0.9040703055986581 0.3772127512221526 -4.157084941864014
0.9581516963690053 0.10428843138708185 -0.26658816519871903 -32.08346176147461 0.19765156852397128 0.43264237610458206 0.8796331234432883 17.525697708129883 0.20707289587295452 -0.8955135384110077 0.3939242545431612 -4.107717037200928
0.9519808481608178 0.09536826446659923 -0.2909250055729808 -32.08836364746094 0.2194594273750597 0.45000106578157156 0.8656423051882692 17.250980377197266 0.2134713668650225 -0.8879211310291465 0.4074629315664194 -4.037258148193359
0.9458246956309697 0.08775479950326388 -0.31259357046926906 -32.093841552734375 0.23883581136275878 0.46414308853077796 0.85295289939117 16.97953987121582 0.21993885592426965 -0.881402455484016 0.4180390066985029 -3.9464025497436523
0.9398217302759635 0.08149292586314684 -0.3318041867357283 -32.09800338745117 0.25594395111808116 0.47540671551772934 0.8417132223784477 16.710613250732422 0.2263356118403812 -0.8759836516025333 0.4259399405290984 -3.8408191204071045
0.934081607192794 0.07658927674095663 -0.3487486685170625 -32.09886169433594 0.2709442798725971 0.4841019716363666 0.8320062970086839 16.442626953125 0.23255267856648426 -0.8716532359522793 0.43143932127875617 -3.725987434387207
0.9286885712948477 0.07301851208451153 -0.36360120247229455 -32.09425735473633 0.2839917264106393 0.49051360137887545 0.8238598826212078 16.17349624633789 0.23850835808549575 -0.8683689905537217 0.43479772235842173 -3.6073949337005615
0.9237052070677156 0.07072783663298114 -0.3765186098471193 -32.08170700073242 0.2952340514982933 0.4949015282513519 0.8172572007455057 15.900927543640137 0.24414246920986943 -0.8660658464918791 0.4362618528686794 -3.4909448623657227
0.9191751641772687 0.06964331708348225 -0.3876426523814183 -32.05830001831055 0.3048104482587509 0.49750473075607005 0.8121450815634053 15.622729301452637 0.24941453083569703 -0.8646611193183953 0.4360659818732359 -3.383493661880493
0.9151260471215923 0.06967254742432973 -0.3971020700210636 -32.0223388671875 0.31285172281407786 0.49854465903056344 0.8084411063796564 15.348791122436523 0.2542992674229963 -0.8640595807509479 0.4344340266376745 -3.2967259883880615
0.9115720425706207 0.07070757805836758 -0.4050146288823978 -31.972318649291992 0.31948032961168316 0.4982290429776659 0.8060397879290883 15.079777717590332 0.2587831721631776 -0.8641575430086109 0.4315819860310254 -3.23734974861145
0.9085157782447754 0.07262933188399587 -0.4114900494913267 -31.910629272460938 0.3248109209092991 0.4967545430227844 0.8048184824196557 14.818547248840332 0.26286298015951803 -0.8648467518215636 0.4277185400767049 -3.2034997940063477
0.9059506062262112 0.07530918015619967 -0.4166317636265408 -31.840980529785156 0.32895084367324723 0.4943105281310546 0.8046418111342817 14.567411422729492 0.2665423822303305 -0.8660171067380824 0.42304790427560496 -3.189610481262207
0.9048374610839338 0.08005954394128731 -0.4181622154655933 -31.766645431518555 0.32933385843457774 0.49084791672797407 0.8066024623892497 14.32733154296875 0.2698302775964434 -0.8675591000431732 0.4177712642397815 -3.1900928020477295
0.9040670569356845 0.08509443014335187 -0.41883373135676166 -31.68994140625 0.3290534284046224 0.48678717801420257 0.8091737048224769 14.098461151123047 0.2727390654431701 -0.869365965103044 0.4120876374045197 -3.200779914855957
0.903386219278253 0.08994577960411239 -0.4192887973098646 -31.612722396850586 0.3288056457409249 0.48237367287467814 0.8119128568056344 13.880485534667969 0.27528201202955066 -0.8713354098444535 0.40619504847321913 -3.2180371284484863
0.9027938957297954 0.09452649256789646 -0.4195568186024762 -31.53643035888672 0.3285900293863868 0.47779712951733205 0.8147014763782202 13.672887802124023 0.2774739166496072 -0.8733697070701557 0.4002918689547886 -3.238896369934082
0.9022888733564989 0.09874846205819755 -0.41967074029315027 -31.4621524810791 0.3284062585337579 0.47324814808885385 0.817426155494384 13.4751558303833 0.27932797635202716 -0.8753770225289279 0.39457692539664607 -3.2610387802124023
0.9018698585720055 0.10252324570398978 -0.4196662272444978 -31.39069938659668 0.32825374307197447 0.4689188683385511 0.8199783991516675 13.28682804107666 0.28085625924758967 -0.8772708128089138 0.3892501543160115 -3.2826831340789795
0.9015359328357414 0.10576049102055184 -0.41958036220142725 -31.323007583618164 0.328132188501885 0.4650020821125487 0.8222544195685163 13.107311248779297 0.2820677731945862 -0.8789697276755816 0.38451266449229105 -3.3015270233154297
0.9012863311429874 0.10836922760321334 -0.4194509027329614 -31.260000228881836 0.3280413642000155 0.4616908944656994 0.8241543431550035 12.936293601989746 0.2829696320607673 -0.8803962905851804 0.38056610313485434 -3.3174328804016113
0.9011210960947449 0.11025606709015622 -0.4193141660411877 -31.202070236206055 0.3279811914914228 0.4591775799497433 0.8255811820162593 12.773700714111328 0.2835649981941925 -0.8814757794411077 0.3776126878930573 -3.3304357528686523
0.9020452767570337 0.11277330117339622 -0.4166491344318153 -31.149505615234375 0.3251725288448794 0.4572476995480176 0.8277604531159192 12.61950397491455 0.2838611371162888 -0.8821602597037005 0.37578734815657006 -3.340294122695923
0.9031633631751721 0.11477381033515675 -0.41367005194872636 -31.103517532348633 0.3220292947223211 0.45608742545263203 0.8296272618981578 12.473312377929688 0.2838891909861257 -0.8825028231145436 0.3749609238788807 -3.346367120742798
0.9044657363290536 0.11639484026595442 -0.4103583470166112 -31.064056396484375 0.31853324931821003 0.45552872408637746 0.831282232825302 12.33535385131836 0.2836869769402989 -0.8825790744696476 0.37493449617603125 -3.3490796089172363
0.9059416466412633 0.1177723524490537 -0.40669325772568804 -31.029760360717773 0.3146664615239083 0.45540274746357146 0.8328225234674275 12.206125259399414 0.28329269470450474 -0.8824613366041864 0.3755093055116129 -3.349604368209839
0.9075792903492348 0.11904157301521553 -0.4026523756582627 -31.0028076171875 0.31041083862920527 0.45553878190423913 0.8343437717408309 12.08517837524414 0.2827453677616895 -0.8822207898679701 0.37648576989581134 -3.3464391231536865
0.9093656957207203 0.12033634651385679 -0.39821249999725966 -30.981088638305664 0.3057479469805008 0.45576545083504505 0.8359402172059538 11.973268508911133 0.28208549123196575 -0.8819280115365569 0.37766487539033256 -3.3413145542144775
0.9112866914863522 0.12178916537206037 -0.39334967283300865 -30.964481353759766 0.3006589534033066 0.45590918694673677 0.8377057997865324 11.870397567749023 0.28135521971039795 -0.881654247681903 0.3788469715942987 -3.334315061569214
0.9133268249519695 0.1235303145418804 -0.3880391374749955 -30.952836990356445 0.295124145419005 0.4557957040851153 0.8397332998805369 11.776877403259277 0.2805990905435304 -0.8814706674227668 0.3798336647262925 -3.3256945610046387
0.9154693471117108 0.12568731072003797 -0.3822545937236377 -30.945253372192383 0.2891231060920747 0.45524786873178374 0.8421147235019941 11.69274616241455 0.2798637240203339 -0.8814488515728713 0.38042636349014664 -3.316030263900757
0.9176954543028016 0.12838493620966973 -0.37596856425293573 -30.93919563293457 0.2826349901469062 0.45408653928722187 0.8449395701367128 11.618229866027832 0.2791997770354287 -0.8816590741281993 0.38042707778334284 -3.3069920539855957
0.9199846209139555 0.13174363340470363 -0.36915025712998295 -30.938602447509766 0.2756382251386163 0.45212885404236003 0.8482942108636459 11.55340576171875 0.27866084426097426 -0.8821695496896668 0.3796380111054367 -3.2961864471435547
0.9223136752721914 0.13588000156826874 -0.3617652686200133 -30.938232421875 0.2681112348589145 0.4491868231107976 0.8522602675744407 11.498114585876465 0.27830531821783616 -0.8830446325738223 0.3778601946940596 -3.2868003845214844
0.9246566126310335 0.1409048829011313 -0.3537738863911831 -30.93810272216797 0.26003277168694616 0.4450669495027475 0.8569121122432123 11.452338218688965 0.27819616526204627 -0.8843422552580745 0.37489421067623196 -3.2788305282592773
0.9269839589135734 0.14692352172999937 -0.34512927821234346 -30.938690185546875 0.25138240532687617 0.43956724951892645 0.8623152088664795 11.416112899780273 0.2784019148802553 -0.8861117942521816 0.3705378008762222 -3.2719664573669434
0.9292621792653918 0.15403291879972617 -0.33577620837839567 -30.940736770629883 0.2421414967107244 0.4324786346239661 0.8685215749562474 11.389509201049805 0.2789969493697468 -0.8883896051394495 0.36458827699550067 -3.2657201290130615
0.9314530570966907 0.16232189256738042 -0.32564828514606503 -30.942413330078125 0.23229400496191008 0.4235799326653116 0.8755681217940762 11.37225341796875 0.28006195329602546 -0.8911967481070574 0.35683842068844107 -3.2612950801849365
0.9335127711349064 0.17186857926918395 -0.31466664517870335 -30.9437255859375 0.22182790119835274 0.4126392346996096 0.8834711337878869 11.364323616027832 0.28168473224149304 -0.8945334277971464 0.34707874924219384 -3.258687734603882
0.9353909915252465 0.18273942156978082 -0.3027375047425711 -30.945087432861328 0.21073660004352598 0.39941085010670274 0.8922225385065858 11.35728931427002 0.28396087472662723 -0.8983747974099581 0.3350954267117141 -3.256235361099243
0.9370303792073311 0.1949850622514439 -0.28974970913077003 -30.946489334106445 0.1990206685999325 0.38363574647451193 0.9017840026841129 11.351118087768555 0.2869927558538736 -0.9026651868360409 0.3206722915402176 -3.2539403438568115
0.9383650267497053 0.20863917842692764 -0.2755735288418714 -30.94792366027832 0.18669017971176294 0.36504101327231664 0.9120810465239974 11.345773696899414 0.29089148040500384 -0.9073118272426836 0.30359083446857926 -3.251800537109375
0.9393241695572887 0.22365325323316 -0.2600948419398853 -30.94937515258789 0.173794814251238 0.34342273000479173 0.9229605576921657 11.341232299804688 0.2957456120129047 -0.9121622941309732 0.28371549506650584 -3.2498254776000977
0.9398508892300563 0.239722887728975 -0.2433377141183702 -30.9507999420166 0.16050590720419733 0.31890690240394 0.9340964839628084 11.33751392364502 0.3015263832005916 -0.9169685516406793 0.26124799623339673 -3.2480344772338867
0.9399034051739537 0.25648702274913504 -0.2253796710080382 -30.95224380493164 0.14702577063885947 0.2917265022564789 0.945134419354861 11.33287525177002 0.3081639364209517 -0.9214716789150308 0.2364845306717933 -3.246103525161743
0.9394555002261851 0.2735953546555108 -0.20632242972031328 -30.953659057617188 0.13355600974287452 0.2621432787580366 0.9557424829228568 11.327348709106445 0.3155727417828251 -0.9254331328156084 0.20973164122458704 -3.2440576553344727
0.9384986168234377 0.29071330094180514 -0.18629579403736943 -30.955013275146484 0.12029376981843762 0.23045163875677532 0.9656197238753906 11.32097339630127 0.32365066841173573 -0.9286429986005581 0.18130754531127646 -3.241922616958618
0.9370434186288419 0.30752670969550583 -0.16545982723377117 -30.956274032592773 0.10742856623530615 0.19697828686266045 0.9745043138238425 11.313786506652832 0.3322780985274229 -0.9309279657033125 0.15154005381579055 -3.239720344543457
0.9351203873630796 0.3237476554323366 -0.1440045719412723 -30.957406997680664 0.09513831774505349 0.16207913526519285 0.9821807646295708 11.305839538574219 0.34131885625403885 -0.9321576098030591 0.12076269644092247 -3.237474203109741
0.9327800766454661 0.3391174562369975 -0.12215023327290879 -30.958402633666992 0.08358656901189027 0.12613851569085321 0.9884848811894538 11.297172546386719 0.3506203275540345 -0.9322491221420679 0.08931382967516899 -3.235203742980957
0.9300920427810387 0.3534118548713644 -0.10014416004828203 -30.95924186706543 0.07291942587516423 0.08956193488218378 0.9933083192796665 11.287843704223633 0.3600160403168596 -0.9311706184456966 0.05753025341529594 -3.2329297065734863
0.9271437682692033 0.3664426084851574 -0.0782575724526107 -30.959917068481445 0.06326360156060926 0.052769796455966245 0.9966007552172418 11.277899742126465 0.36932661652954624 -0.9289430355347899 0.02574270875894802 -3.230664014816284
0.9240379774748283 0.3780602213430866 -0.05678278984203469 -30.960433959960938 0.05472520615733917 0.016193379769999128 0.9983701349012103 11.26739501953125 0.37836353946339096 -0.9256393701056803 -0.0057261256617379686 -3.2284228801727295
0.920890621058085 0.3881526471366832 -0.036027580657608055 -30.96079444885254 0.047389014290939835 -0.01973455272485586 0.9986815452151319 11.256386756896973 0.38692989723176996 -0.9213837799470619 -0.03656753585732253 -3.2262158393859863
0.9178270751600605 0.3966451800468926 -0.016311384021509584 -30.961015701293945 0.04131959119224643 -0.054585625638894575 0.9976537980969733 11.244926452636719 0.39482420326878975 -0.9163476472492189 -0.06648938181384112 -3.2240514755249023
0.9149789214153351 0.4034964847786339 0.0020396413693240245 -30.961122512817383 0.036562339388019005 -0.0879416331339894 0.9954544010150349 11.23306655883789 0.40184172096001325 -0.9107452200989102 -0.09521751605078987 -3.221933603286743
0.9124795486096824 0.4086949165191496 0.01869595091124393 -30.961132049560547 0.033146976057155386 -0.11939907874414152 0.9922928690529407 11.22085952758789 0.4077773305951873 -0.9048272350048132 -0.12249621808940742 -3.219869375228882
0.9104603978430654 0.4122511798415081 0.03332909657839686 -30.961088180541992 0.03109038465131475 -0.1485731633700471 0.9884125672554205 11.208349227905273 0.41242605633213925 -0.8988742847837523 -0.14808702918492678 -3.2178587913513184
0.9090458129897148 0.41419203786470243 0.0456143141497615 -30.96101188659668 0.030402334252016106 -0.1751006512979139 0.9840810230804549 11.195585250854492 0.41558562048980585 -0.8931879520484649 -0.17176691869382715 -3.215902090072632
0.9083490768742111 0.4145495988764296 0.05523209767119122 -30.960947036743164 0.031090429182165563 -0.19863776381418868 0.9795797180424712 11.18260669708252 0.41705555955416473 -0.8880831429873501 -0.19332095433933855 -3.214001417160034
0.9084669073073213 0.41335182597163866 0.06187201543010795 -30.960922241210938 0.03316682502881202 -0.21886445414238204 0.9751914234807779 11.16945743560791 0.4166387404514606 -0.883877038212256 -0.21254068146157595 -3.212158203125
0.9094741331667872 0.41061131326362965 0.06523151477957781 -30.960975646972656 0.03665538779788671 -0.23547629461223452 0.9711886002322507 11.156176567077637 0.414141501960269 -0.8808798238668027 -0.229210715845667 -3.2103772163391113
0.9113884456315868 0.406363089267076 0.06511636392305178 -30.96113395690918 0.04156313760784361 -0.2482982174636727 0.9677915585478903 11.142780303955078 0.40944304458792835 -0.8793276038460761 -0.24318585146526622 -3.208655834197998
0.9140791254335121 0.40080901027043075 0.06173726372899083 -30.9617862701416 0.047780522361313804 -0.25761804789275694 0.965064745539285 11.129325866699219 0.4027112788705889 -0.8791956998791354 -0.2546341437915424 -3.206702709197998
0.9173696143188249 0.39415998964416876 0.055415641187655185 -30.962839126586914 0.05518637850439842 -0.2638293661517158 0.9629893712723692 11.115741729736328 0.3941921540975917 -0.8803589995676153 -0.2637813062523725 -3.2045652866363525
0.9210764039349131 0.3865973333224366 0.046483975543290174 -30.964027404785156 0.0636756694572736 -0.26731844006313826 0.9615020856562809 11.101921081542969 0.3841401661288447 -0.8826569851704517 -0.27083755148854877 -3.2024242877960205
0.9250171065106118 0.37828375018040683 0.03528111410065127 -30.965333938598633 0.07315200549543174 -0.2684616416650326 0.960508787594633 11.087814331054688 0.3728164920637658 -0.8859061752262274 -0.2760038259541068 -3.2002696990966797
0.9290166557014297 0.3693743406373355 0.022150618683564632 -30.966753005981445 0.08352103104921987 -0.2676274501184635 0.9598957158543653 11.073373794555664 0.3604889607211381 -0.8899090652543229 -0.27948088445611213 -3.1980884075164795
0.9329131545771275 0.3600246207917275 0.007437636770191769 -30.9682559967041 0.09468498343234225 -0.2651751314750327 0.959539943701989 11.05855941772461 0.34743028067422327 -0.8944632033074206 -0.28147429367467736 -3.195866584777832
0.9365621452414565 0.35039818008173834 -0.008512549331820274 -30.96984100341797 0.1065387531543734 -0.2614566270285688 0.9593174272675105 11.043322563171387 0.33391741819951903 -0.8993673040411516 -0.28220136471094187 -3.1935925483703613
0.9398405076976349 0.3406711931492563 -0.025356621401792068 -30.97148895263672 0.1189669385523501 -0.2568170186723603 0.9591099449237934 11.027624130249023 0.32022911738649423 -0.9044269771952309 -0.2818956461163674 -3.1912524700164795
0.9426488909595092 0.3310362234613978 -0.042756135574007564 -30.97317886352539 0.13184260013772303 -0.25159247493493436 0.958811115572321 11.011415481567383 0.30664408874415283 -0.9094593148198163 -0.28080804391209707 -3.188829183578491
0.9449131072282948 0.3217043760114207 -0.06037809406789234 -30.97490692138672 0.1450262254488207 -0.24611114615599966 0.9583301610978587 10.99466323852539 0.2934392845551472 -0.9142951373560304 -0.27920921920108727 -3.1863059997558594
0.9465844620881891 0.31290570958478064 -0.07789655346970335 -30.97666358947754 0.15836684026257397 -0.24069327803840118 0.957594219809402 10.977326393127441 0.2808875220412288 -0.9187800404973835 -0.2773904056472833 -3.183664560317993
0.9476387680648933 0.30488843706009144 -0.09499371667381848 -30.97844123840332 0.17170367537787995 -0.23564967333735998 0.9565495697127896 10.959360122680664 0.2692556649769484 -0.9227742261263315 -0.2756612313597454 -3.1808836460113525
0.9480741450114789 0.2979170662810922 -0.11135904623882498 -30.98027992248535 0.18486792912876437 -0.23128138702993262 0.9551611219020343 10.940741539001465 0.2588035245903649 -0.926150280263402 -0.27434721436097464 -3.177903890609741
0.9479073563592701 0.29227003375573446 -0.1266880859765501 -30.98287582397461 0.19768685894569318 -0.22788246428486914 0.9534094022358083 10.9216890335083 0.24978300494662467 -0.928788355783963 -0.27378940921802886 -3.174090623855591
0.9471694836303359 0.2882341473941476 -0.14068065096313678 -30.985502243041992 0.20998653065531597 -0.22573674968177176 0.9512878516970841 10.901908874511719 0.24243684996878503 -0.930571865101819 -0.27433624926016426 -3.170053720474243
0.9458995363895432 0.28610126889979853 -0.15303637146761218 -30.988168716430664 0.2215964633427307 -0.2251216186460102 0.9487967454898834 10.881366729736328 0.23700015715615386 -0.9313787203668151 -0.2763414640545875 -3.1657702922821045
0.9441374626467667 0.28616142353524715 -0.16345057756767253 -30.99087142944336 0.2323542559150618 -0.22630736318574574 0.9459368251242113 10.860026359558105 0.23370055923142932 -0.9310728312265348 -0.2801560842935975 -3.161221742630005
0.9419158151337277 0.2886965642219911 -0.1716067918451465 -30.993608474731445 0.24211037690838355 -0.22956223642884394 0.942700241327575 10.837858200073242 0.23275988184016183 -0.9294920512904915 -0.2861247350257375 -3.156388998031616
0.9392505120135185 0.293971240184313 -0.177170498748636 -30.99637794494629 0.25073359903002856 -0.2351510798834776 0.9390615698382525 10.814828872680664 0.23439526019054285 -0.9264366570759877 -0.29457423924382187 -3.151257276535034
0.9361417830138863 0.30213462141823955 -0.17987004374280638 -30.999174118041992 0.25815206540170577 -0.24324160853593518 0.9349818345859371 10.790912628173828 0.23873850385812392 -0.9217093850109741 -0.30570530966647697 -3.1458165645599365
0.9326034259052429 0.31294527908281183 -0.17976679974229032 -31.001998901367188 0.26445599319843166 -0.2536165974986173 0.9304523895045116 10.766144752502441 0.24558883861290354 -0.9152834936635781 -0.319283962290247 -3.14007568359375
0.9286350345374783 0.32604879442144286 -0.17700044148504293 -31.004892349243164 0.26977969101642574 -0.26597214887705584 0.9254608226914866 10.74057388305664 0.25466819774887134 -0.9071664674567975 -0.3349523986737472 -3.1340038776397705
0.9242205601799884 0.341074245607694 -0.17171113861287657 -31.008451461791992 0.27425932030674566 -0.2800095648694449 0.9199872112189963 10.714552879333496 0.2657031828290169 -0.8973644758763112 -0.3523333876738954 -3.126915216445923
0.91933720531524 0.35764143430439777 -0.1640478814000892 -31.01205062866211 0.2780280580961271 -0.29543484457281516 0.914012391340256 10.687792778015137 0.27842324226698667 -0.8858955113787008 -0.3710385978366794 -3.119560480117798
0.9139633469765646 0.3753684512503381 -0.15417368838202727 -31.01611328125 0.2812110774374767 -0.3119607059913113 0.9075245714821478 10.657855987548828 0.2925599601959389 -0.8727995438377161 -0.39067841758513533 -3.111175537109375
0.908084956967093 0.39387823022108975 -0.14227315519090616 -31.02064323425293 0.283922629571361 -0.3293026467006726 0.9005263501381934 10.624777793884277 0.307846798501068 -0.8581490002521909 -0.4108657226136157 -3.1017723083496094
0.9017013650126364 0.4128054377370667 -0.12855473118114819 -31.025644302368164 0.2862624090641098 -0.3471825807393983 0.8930386826940608 10.58858871459961 0.32401926098792455 -0.8420545862388258 -0.43122568604270245 -3.0913634300231934
0.8948295331999286 0.4318027641482532 -0.1132540479944346 -31.0311279296875 0.2883130260873125 -0.36532704948713846 0.8851054998707207 10.549328804016113 0.340816234210717 -0.8246711585759198 -0.45139979476233216 -3.0799620151519775
0.8875073085712989 0.4505469767429899 -0.0966343571421737 -31.037565231323242 0.29013870636822175 -0.3834709967929747 0.876795030600412 10.50741195678711 0.3579808770025352 -0.8061993651488162 -0.4710544292692106 -3.0666844844818115
0.879795143386403 0.46874514548461166 -0.0789841392832056 -31.044734954833984 0.291783360384509 -0.4013598594545763 0.8682008602975042 10.46268081665039 0.37526387552817053 -0.786885157950773 -0.4898864888118112 -3.051978588104248
0.8717775896558908 0.4861371854498044 -0.060617415787114104 -31.05246925354004 0.29327045058487927 -0.4187488950156488 0.8594427297597642 10.41501235961914 0.3924235938211504 -0.7670202082384243 -0.5076255737907391 -3.0361998081207275
0.8635628668517712 0.5024999704132763 -0.04186830220353685 -31.06078338623047 0.2946027524152108 -0.4354072445666218 0.8506642990323997 10.364433288574219 0.4092290229982867 -0.7469366178689852 -0.5240394027382953 -3.01934814453125
0.8552817903831543 0.517648517199296 -0.02308834511948668 -31.06983757019043 0.295763552594837 -0.45111703228576505 0.8420316764458243 10.311330795288086 0.425460903016326 -0.7270030507659885 -0.5389337474880177 -3.0005407333374023
0.8470862084845787 0.5314352360027272 -0.004641694727883283 -31.079635620117188 0.2967177393255151 -0.4656740206119759 0.8337303459132533 10.255671501159668 0.44091216649665826 -0.7076187507844905 -0.5521523023346189 -2.979888916015625
0.8391461345966096 0.543748246049107 0.013099988934678009 -31.0900936126709 0.2974138996044363 -0.4788867151661018 0.825961552591586 10.197221755981445 0.4553885561953124 -0.6892063253888061 -0.5635742222018392 -2.958061456680298
0.8316468942118354 0.5545067293552349 0.029761223892316557 -31.10110855102539 0.29778758795304083 -0.49057424499167784 0.8189380090165281 10.136188507080078 0.46870672686544435 -0.6722047286731963 -0.57310976866607 -2.9345128536224365
0.8247853942216332 0.5636549066902331 0.044968874154124455 -31.11248016357422 0.2977635053370591 -0.5005638264956787 0.8128792963862416 10.072877883911133 0.4806931956748006 -0.657060881325337 -0.5806935937858444 -2.908416748046875
0.8187663453184821 0.5711537680934394 0.05835276314350188 -31.124574661254883 0.2972610492283415 -0.5086840689877341 0.8080076649201712 10.006867408752441 0.491179743460051 -0.6442234791985991 -0.5862751644609983 -2.881030321121216
0.8137977308219236 0.5769711370727968 0.06955257215956437 -31.136581420898438 0.29619800890974685 -0.5147626002688298 0.8045409901815905 9.93853759765625 0.49999999282698904 -0.6341322987747875 -0.5898103380101217 -2.851175546646118
0.8139010113958559 0.5763003349218987 0.07377714834357754 -31.148422241210938 0.2959141350484515 -0.5204551536171019 0.800975191720646 9.867629051208496 0.4999999683273286 -0.6300828176059923 -0.5941343910516913 -2.819178342819214
0.814342822203623 0.5752846880117238 0.07676780356824245 -31.160831451416016 0.2946960247149394 -0.5238088356993974 0.7992362333255756 9.794181823730469 0.5000000209426502 -0.6282291233160839 -0.59609407619507 -2.785527229309082
0.8150969441345077 0.5739486404217277 0.07873963309946072 -31.173202514648438 0.29260374858005156 -0.5251725192653725 0.7991100495709988 9.718390464782715 0.500000017979489 -0.6283126476257759 -0.5960060392764475 -2.749493360519409
0.816126066086 0.5723233030896211 0.07990169582415227 -31.18621826171875 0.28972097637322597 -0.5248755794304202 0.8003545351698366 9.639911651611328 0.5000000001043343 -0.630041000934198 -0.5941787079974336 -2.712003231048584
0.8173855736796456 0.5704448795309331 0.08045783589766298 -31.199813842773438 0.28614826944922905 -0.5232367632850814 0.8027094477070533 9.5586519241333 0.4999999918316075 -0.6331002519063551 -0.590917997022008 -2.6731786727905273
0.8188268658153424 0.5683531550146994 0.08060555194191066 -31.21421241760254 0.28199779260532737 -0.5205703976038083 0.80590551934103 9.474499702453613 0.4999998087847093 -0.6371665028259486 -0.5865313622405917 -2.633282423019409
0.8203998060892232 0.5660899797613822 0.08053752530667535 -31.230018615722656 0.277388162033672 -0.5171935215513375 0.8096707162970066 9.387038230895996 0.4999999657323456 -0.6419135425266275 -0.581332123823008 -2.5933837890625
0.8220563085049896 0.5636958646165975 0.08043878331561222 -31.2475528717041 0.27243970868542317 -0.5134273071321177 0.8137376760495141 9.296144485473633 0.5000000307785502 -0.6470234713711773 -0.5756392939300098 -2.553997755050659
0.8237512691663742 0.5612086290098891 0.0804905042326618 -31.266864776611328 0.2672711414814273 -0.5096031976904518 0.8178451673971553 9.201723098754883 0.4999999834780021 -0.6521882056803133 -0.5697811517534523 -2.515294075012207
0.8254440336974183 0.5586612990017054 0.08086841306136028 -31.290273666381836 0.26199645429174157 -0.5060605005687366 0.8217424339187281 9.102988243103027 0.500000005171891 -0.6571151518279327 -0.5640919003728577 -2.481119394302368
0.8270993932270607 0.5560794877110935 0.0817447066812029 -31.316972732543945 0.25672279892536587 -0.5031475923475373 0.8251884056546133 9.00051498413086 0.49999999823535424 -0.6615270997184048 -0.5589113508444801 -2.4504637718200684
0.8286871513905139 0.5534806152240418 0.08328753623136947 -31.347631454467773 0.2515504242172141 -0.5012182624681634 0.8279508665642756 8.89419937133789 0.49999998919641503 -0.6651612300334495 -0.5545814177052577 -2.4245922565460205
0.8301821434090908 0.5508713806270874 0.08566405763618076 -31.382320404052734 0.2465715536380693 -0.5006313355966272 0.8298016237362074 8.793046951293945 0.5000000777011909 -0.6677641708153741 -0.551444407419333 -2.4106433391571045
0.83156329387467 0.5482470557830924 0.08903737476745155 -31.41819190979004 0.24187290969148226 -0.501743311491522 0.8305125796343469 8.69796085357666 0.4999999838376846 -0.6690880474187924 -0.5498374313955194 -2.4040379524230957
0.8328121613331035 0.5455903322698712 0.093568655378478 -31.454328536987305 0.23753713226802703 -0.5049054159435434 0.8298473544844011 8.608698844909668 0.5000000147295665 -0.6688809387959332 -0.5500893336412772 -2.4029552936553955
0.8349242474506697 0.5415162309608618 0.09829380766292095 -31.491376876831055 0.23393009848560967 -0.5108365537641051 0.8272380094996393 8.526442527770996 0.4981748789746886 -0.6676871924369637 -0.5531867704620197 -2.410214900970459
0.8364678581311966 0.5378800922381153 0.10491200449579083 -31.5262451171875 0.2307346271897917 -0.5193136593720014 0.8228455839373805 8.449480056762695 0.4970744955527251 -0.6640770509237444 -0.5584967469085442 -2.418210506439209
0.837315363664976 0.5347674493999821 0.11369589628841778 -31.560638427734375 0.2280232301862637 -0.5305971998777933 0.81637737473381 8.379712104797363 0.49689877064248333 -0.657640012882491 -0.5662165885859455 -2.4324071407318115
0.8373468974659003 0.5322101564109895 0.1249100585109966 -31.5922794342041 0.2258865612075289 -0.5449149251548299 0.8074917868370817 8.314911842346191 0.4978206853577579 -0.6479352388599464 -0.5765019440326596 -2.4461779594421387
0.8364379759662031 0.5301874339401217 0.13882650054492748 -31.62171745300293 0.22443602374115038 -0.5624489624995324 0.7957886879256713 8.256147384643555 0.49999998360882314 -0.6344702116531467 -0.5894468312884444 -2.4620018005371094
0.8364699282697243 0.5261555017412244 0.1532267831936783 -31.6485538482666 0.22431687542544212 -0.5838417511163734 0.7802632562492823 8.202893257141113 0.4999999984998087 -0.6182953967488413 -0.6063916258156803 -2.478907346725464
0.8362222939801938 0.5216270089068576 0.16922629414304344 -31.67215347290039 0.22523830810285547 -0.6080532021773075 0.7612745942725831 8.154211044311523 0.49999997961346554 -0.5984785433921653 -0.6259580285336441 -2.4942944049835205
0.8356899133740995 0.5165737682645248 0.18647764108809203 -31.692874908447266 0.2272055313333678 -0.6343111317043933 0.738936421302546 8.111090660095215 0.500000015216312 -0.5751529623820788 -0.6474558321976928 -2.509965658187866
0.8348673618910992 0.5109904800655017 0.20465878268822096 -31.710693359375 0.23020974708906616 -0.661852543615839 0.7134105990623016 8.073525428771973 0.499999960394183 -0.5484887781820811 -0.6701940762302688 -2.525700569152832
0.8337519081435348 0.5048932097134314 0.22347394132713458 -31.725257873535156 0.2342173133656128 -0.6899351443797813 0.6849319284932225 8.040575981140137 0.5000000057868089 -0.5187218361847894 -0.6934894742375487 -2.539451837539673
0.8323470811935829 0.4983135264614442 0.24265606477910764 -31.73660659790039 0.23916183979418093 -0.7178591319674665 0.6538194559946789 8.012338638305664 0.4999999508147831 -0.48617064493496 -0.7166855329841251 -2.5512096881866455
0.8306654993021746 0.4912926373638645 0.26196635803310125 -31.744794845581055 0.24493839123082717 -0.7449882402316937 0.6204818340755339 7.988883972167969 0.5000000127703228 -0.4512472342170558 -0.7391724567657635 -2.560961961746216
0.828732639458609 0.4838774986319256 0.28118459882020186 -31.7498779296875 0.2514004236853912 -0.7707645320985557 0.5854228070631518 7.970285415649414 0.5000000392667713 -0.4144690608195083 -0.7604047332550092 -2.568690061569214
0.8265893245110725 0.476117573080786 0.30010355747306844 -31.758251190185547 0.25836031731255765 -0.7947288980403562 0.5492321231116365 7.947685241699219 0.5000000350424822 -0.37645455930726046 -0.7799243102598437 -2.580615282058716
0.824293745131094 0.46806699587958805 0.3185170468059957 -31.769872665405273 0.2655933539947016 -0.8165319203839841 0.512577597352721 7.920473575592041 0.4999999920516002 -0.33791849662648066 -0.7973776380022825 -2.5955896377563477
0.8219221721984096 0.4597867326352625 0.3362143711105135 -31.784818649291992 0.27284412771625466 -0.8359453976346178 0.47618418090509607 7.888588905334473 0.5000000248194039 -0.29965221952471965 -0.812532167064483 -2.6134228706359863
0.8195677981258033 0.45135280442424747 0.35297205302061707 -31.80318260192871 0.2798368184176098 -0.852861052289282 0.4408167199028731 7.85204553604126 0.49999997933313156 -0.26250461220021537 -0.8252825875059296 -2.634080648422241
0.8173370193336393 0.44286443782823803 0.36855296299701706 -31.82508659362793 0.28628693249388004 -0.8672835416086708 0.407257965837337 7.811386585235596 0.49999998911004634 -0.2273551146594237 -0.8356492462320264 -2.6583569049835205
0.8153443794187478 0.434451520705995 0.38270800763311086 -31.85069465637207 0.2919136168278951 -0.8793136945746567 0.37628960501709896 7.768300533294678 0.4999999832607135 -0.19508793578721326 -0.843765793363046 -2.68878173828125
0.8137976841130354 0.42600137978171404 0.3952924913988825 -31.879657745361328 0.2961980745968661 -0.8892574847771568 0.34855103840458407 7.7213134765625 0.5000000299373683 -0.16656515299389701 -0.8498564701587852 -2.7220141887664795
0.813797728237419 0.4147199386010656 0.4071125520569767 -31.911794662475586 0.2961980638793823 -0.898704973797949 0.3234131676740035 7.671489238739014 0.4999999644697203 -0.14260695143490076 -0.854203308898252 -2.7593700885772705
0.8137977821095129 0.4057573889469075 0.41604580414736253 -31.947345733642578 0.29619807531880593 -0.9055337223890579 0.3037686254267403 7.620612621307373 0.49999987001105556 -0.12397426721382301 -0.8571058925580451 -2.803412914276123
0.8137977063156143 0.39959696310380194 0.4219663022963613 -31.986581802368164 0.29619803919803295 -0.9099017698128378 0.290422951687201 7.56631326675415 0.5000000147706857 -0.11135994059662799 -0.8588358101870401 -2.8509862422943115
0.8137976905729646 0.3966509451697427 0.4247367967507163 -32.028663635253906 0.29619806868653104 -0.9119007178480226 0.28408411587878335 7.5136399269104 0.500000022924478 -0.10538077853295048 -0.8595899421185144 -2.908012628555298
0.8137977024535203 0.39724079041584 0.4241851646523844 -32.07450866699219 0.2961980630400956 -0.911505061828999 0.28535106397455084 7.458139419555664 0.5000000069326673 -0.10657521611477662 -0.8594426777728816 -2.969187021255493
0.8245732831409344 0.39363877810080766 0.4063587246577634 -32.122440338134766 0.2942546701947543 -0.9118609845350246 0.28622322399028405 7.40508508682251 0.4832112268964342 -0.11643907101192041 -0.8677262546120891 -3.039461612701416
0.8366867837140647 0.3909913103940464 0.38351143549385974 -32.173828125 0.2912394073586781 -0.9106624174033765 0.293041923844362 7.35106897354126 0.46382629675297676 -0.13349066156621345 -0.8758112865880611 -3.1151623725891113
0.8497089326597367 0.38882375111249184 0.35610506922685353 -32.22846221923828 0.28748800925759604 -0.9078346293536335 0.30526534405244177 7.299201488494873 0.4419789296916263 -0.15701075223424105 -0.8831773600990247 -3.1985533237457275
0.863216154337242 0.3866318070024805 0.3246131801163035 -32.28665542602539 0.2833478595781472 -0.9032315491998745 0.3223146893991611 7.249074459075928 0.4178179763529875 -0.18624879689273624 -0.8892353593353691 -3.2886548042297363
0.8767991872138329 0.3839148138586113 0.2895386001918739 -32.34830093383789 0.27916303849075713 -0.8966754909717022 0.3435710433538668 7.199377059936523 0.3915241796387166 -0.22041433617295492 -0.8933791676369364 -3.384758234024048
0.8900717390183073 0.3802078018484876 0.25142459468887984 -32.414154052734375 0.27526052715535637 -0.8879912377027257 0.36837915787044334 7.153769493103027 0.36332346688740275 -0.25867661118996216 -0.8950321051404779 -3.4879541397094727
0.9026805118085044 0.37510718777403734 0.21086130816579343 -32.48246765136719 0.27193575969364775 -0.8770372763781185 0.3960512068446336 7.109641075134277 0.3334948818212586 -0.3001669760708282 -0.8936895155900173 -3.5940942764282227
0.9143150871820496 0.3682946916468415 0.16848424690765396 -32.553428649902344 0.26944130416912426 -0.863731084509884 0.42587556546369393 7.067883014678955 0.3023727913667544 -0.3439878395468909 -0.8889561638713912 -3.703420400619507
0.9247176554237061 0.35955633943160126 0.12496598145988083 -32.62772750854492 0.2679757954104123 -0.8480674406355108 0.45713301041173093 7.028764724731445 0.27034465192017587 -0.389231107323762 -0.8805753313996919 -3.815416097640991
0.9336914916643104 0.3487957399270775 0.08100450729679963 -32.70425033569336 0.2676756712212794 -0.8301325597694011 0.48911110010603837 6.990200042724609 0.23784434706318391 -0.434995936784959 -0.8684518418143079 -3.9299497604370117
0.9411080468035773 0.33604158995382366 0.0373054159990488 -32.78482437133789 0.2686089265991893 -0.8101103715278077 0.5211241987226352 6.95409631729126 0.20534090871715557 -0.48041360905409775 -0.8526651602140369 -4.046418190002441
0.9469110345410732 0.32144974776724544 -0.005436204993265775 -32.86763000488281 0.2707723627852524 -0.7882839128067756 0.5525312664109894 6.91799783706665 0.17332576327841795 -0.5246699271641309 -0.8334744431076093 -4.165071964263916
0.9511177112504204 0.3052992099793827 -0.046556328589424247 -32.95413589477539 0.2740918964265672 -0.7650287535153838 0.582756071275097 6.883002758026123 0.14229803814195607 -0.5670303331221909 -0.8113124365250958 -4.285243034362793
0.9538167733258897 0.28798222834309656 -0.08543886165400967 -33.043338775634766 0.27842579516881544 -0.7408038559355973 0.6113008454235638 6.843044281005859 0.11275034149305833 -0.606857382907628 -0.7867728244567825 -4.405296325683594
0.9551626956075095 0.2699899118313025 -0.12153054113728579 -33.13621520996094 0.2835713906655487 -0.7161369468052455 0.6377579006303784 6.794641017913818 0.08515568868726733 -0.6436251400697353 -0.7605887112983013 -4.523180961608887
0.9553667821055422 0.25189431795515965 -0.15434883942293337 -33.23125076293945 0.2892739064592487 -0.6916101160307074 0.6618127034484889 6.736745357513428 0.059957640806717415 -0.6769229645874755 -0.7336077843936747 -4.637895584106445
0.954685147436166 0.23432801732249278 -0.18348473931773057 -33.32889938354492 0.2952375388894653 -0.6678424030518677 0.6832432365683531 6.663896560668945 0.03756414374476641 -0.7064537528979632 -0.7067616501488363 -4.745966911315918
0.9534039895010956 0.21796176948422186 -0.20859889704095252 -33.42734146118164 0.30113833450290906 -0.6454731891808382 0.7019117220431158 6.582543849945068 0.01834492562560587 -0.7320225605075469 -0.6810333579287918 -4.850186824798584
0.9518225163603516 0.20348338604702634 -0.22940882492241932 -33.52555847167969 0.3066381413666341 -0.6251470463958978 0.7177494135432656 6.480490684509277 0.002635831683647019 -0.7535155486022318 -0.6574248020922343 -4.940434455871582
0.9502343662042882 0.19157529353283406 -0.2456696077909173 -33.62510299682617 0.311398452706415 -0.607503749966503 0.7307326442883795 6.376279354095459 -0.009254887162211956 -0.7708684068532354 -0.6369271907990504 -5.032154560089111
0.9488924016600434 0.182792120335241 -0.2572746602663823 -33.71971130371094 0.3151339702790006 -0.5930509291326777 0.7409326394693801 6.24914026260376 -0.0171403281190773 -0.7841413368763409 -0.6203455270683876 -5.101879596710205
0.9479364087254153 0.17722002596674302 -0.2645933245739762 -33.81501388549805 0.31774934264477533 -0.5818043672079752 0.7486915476660205 6.117519378662109 -0.021258416252763465 -0.7937863318891771 -0.6078250891863132 -5.170474529266357
0.9474195988647577 0.17475978434331801 -0.26805805614310235 -33.90989303588867 0.31924135548792754 -0.5736195174593944 0.7543511159505778 5.980412483215332 -0.021933094473245374 -0.8002622488696618 -0.5992489235709141 -5.235562801361084
0.9473350050215474 0.17524262736707097 -0.2680418060943303 -33.99821090698242 0.3196520677530597 -0.5683154612030121 0.7581820969521774 5.827521800994873 -0.01946647995961276 -0.8039325581857558 -0.5944017984889418 -5.281100749969482
0.9476294748859747 0.1784462309427837 -0.2648684975410382 -34.087738037109375 0.31905858839093704 -0.5656841027691554 0.7603966813763975 5.671833515167236 -0.014141976570297476 -0.8050828768124253 -0.5929937318067661 -5.327243328094482
0.948216312251134 0.18410835476791942 -0.2588241466430628 -34.17849349975586 0.3175642244591935 -0.565496668879397 0.7611612712362188 5.513373851776123 -0.0062280433918462386 -0.8039388230400095 -0.5946793928534548 -5.374003887176514
0.9489865034652071 0.1919376022824761 -0.25016908895971646 -34.261131286621094 0.3152911205404168 -0.5675101902646632 0.7606074501700164 5.342819690704346 0.0040156629899547325 -0.8006822970291148 -0.5990757328376198 -5.401401042938232
0.9498189190473062 0.20162395597201804 -0.2391480742092662 -34.34412384033203 0.3123734393457626 -0.5714688666851252 0.7588452864720964 5.168659687042236 0.016335709690923864 -0.7954691161747341 -0.6057739098055325 -5.427518367767334
0.9505893621820688 0.21284535928426523 -0.22600158746663623 -34.42823028564453 0.3089513998805446 -0.5771086142205003 0.7559726714004583 4.9916672706604 0.030477811898812726 -0.788443086356679 -0.6143521812105942 -5.453971862792969
0.951178502223263 0.22527687267561777 -0.2109734285302391 -34.51308822631836 0.3051661830784054 -0.5841597656157683 0.7520844161004057 4.811637878417969 0.046185036685787884 -0.7797484843673788 -0.6243870942877571 -5.480069637298584
0.951478785924513 0.23859678455014674 -0.19431853832803797 -34.590030670166016 0.30115546056485787 -0.5923492733979455 0.7472802197816385 4.623073577880859 0.06319421261146178 -0.7695413651697071 -0.6354624920364383 -5.489487171173096
0.9514005658923226 0.2524926282537015 -0.1763077873983636 -34.667991638183594 0.29704862519076164 -0.601402570352833 0.7416718025146191 4.431691646575928 0.08123470620397973 -0.7579989584758965 -0.6471773338563467 -5.499035358428955
0.9508765874761813 0.2666688583597303 -0.1572305166650862 -34.746986389160156 0.29296404978669754 -0.6110485875247331 0.7353854018245166 4.237531661987305 0.10002890043497047 -0.7453236502789554 -0.6591561843847209 -5.508730411529541
0.9498659130303808 0.28085002208258925 -0.13739727930046539 -34.82703399658203 0.2890055606639037 -0.621019509318405 0.7285674676728778 4.040625095367432 0.11929179841172503 -0.7317499806232565 -0.6710524813228544 -5.51858377456665
0.9483563126959671 0.29478595095245763 -0.1171390084078072 -34.90148162841797 0.2852603662380008 -0.6310550732978286 0.7213847918544124 3.8472166061401367 0.13873293633261993 -0.7175449376771655 -0.6825558107513274 -5.522164344787598
0.9463653893525357 0.30825503743697413 -0.09680589718789592 -34.96958923339844 0.2817978789049812 -0.6409040930849881 0.7140251388512611 3.6570212841033936 0.15805855016504908 -0.7030083750295146 -0.6933950673015232 -5.518164157867432
0.9439406502136456 0.32106593656195226 -0.07676401014691997 -35.035850524902344 0.27866881752629946 -0.6503277965537684 0.7066947340740657 3.471930980682373 0.17697383708541214 -0.6884696227206519 -0.7033419080206647 -5.514301776885986
0.9411580523599223 0.3330576498013522 -0.057394445609982775 -35.10029602050781 0.2759058280581842 -0.6590949712236007 0.6996211781752238 3.291984796524048 0.19518579487658708 -0.6742895674831108 -0.7122050860965781 -5.510579586029053
0.9381197248295263 0.34409820300566635 -0.039087191943714406 -35.162960052490234 0.27352472942164346 -0.6669892814194234 0.6930436644731829 3.117202043533325 0.21240434148244308 -0.6608492454106852 -0.7198351690210316 -5.506999492645264
0.934950146522662 0.3540814708735954 -0.022238154177996614 -35.2238655090332 0.2715264824115202 -0.6738036003129251 0.6872132693382503 2.9476122856140137 0.2283453368616919 -0.6485483946393912 -0.7261152711134709 -5.503562927246094
0.9317806784176086 0.3629509325998813 -0.0071685321020133475 -35.282161712646484 0.2698880468939061 -0.6793895720005485 0.6823417410657978 2.782971143722534 0.242786345314999 -0.63772755153105 -0.7309981946262234 -5.498954772949219
0.9287036867134122 0.37077218280486807 0.006119701220625509 -35.33535385131836 0.26853114778912907 -0.6838101437677724 0.6784502265806616 2.622546434402466 0.255735185205261 -0.6284358962841092 -0.7346208813460307 -5.489462852478027
0.9257888038590463 0.3776260218831686 0.01771096400337044 -35.386959075927734 0.26737332309398454 -0.6871746128916785 0.6755017079881082 2.467350959777832 0.2672575475957897 -0.6206364789422744 -0.7371456872689548 -5.480291843414307
0.9230925552804709 0.3835791104747937 0.027698382500370544 -35.43695831298828 0.2663412297471261 -0.6895866522257684 0.6734482893354513 2.3173680305480957 0.27742113063456325 -0.6142778809947688 -0.7387152368795552 -5.471433162689209
0.9206603549808928 0.388684253775528 0.03618095677864194 -35.48530197143555 0.2653698680277277 -0.6911458858071095 0.6722322498027397 2.172739267349243 0.2862924098005454 -0.6092962460075292 -0.7394557056996244 -5.462889194488525
0.9185272983475489 0.3929834021030217 0.04326254571667823 -35.531982421875 0.2644012205203084 -0.691945590757005 0.6717911089165369 2.033454656600952 0.2939380832381612 -0.6056198024367052 -0.7394762052417926 -5.454651832580566
0.9167197559344277 0.39650830307963036 0.049051551131798266 -35.576988220214844 0.26338364045873364 -0.6920771574786505 0.6720552551948209 1.899501919746399 0.30042294689026 -0.6031669534094048 -0.7388746032288488 -5.446713924407959
0.9152563048119283 0.39928262421026117 0.053658946185905027 -35.62030792236328 0.2622705716553606 -0.6916272629280381 0.6729531012026325 1.7708691358566284 0.305810470300781 -0.6018514062278476 -0.7377362950783818 -5.439070701599121
0.9141488976394739 0.40132284720128647 0.05719934666399282 -35.66194152832031 0.26101956206369875 -0.690682039355968 0.6744087104502403 1.6475439071655273 0.310162185258954 -0.6015798307999811 -0.7361393387192784 -5.43171501159668
0.9134035647642731 0.40264035228766765 0.05978858240150062 -35.701866149902344 0.2595919208806285 -0.6893246911452897 0.6763456991738444 1.529518961906433 0.3135378166815347 -0.602255939686039 -0.7341538126465479 -5.424643516540527
0.9130214870100057 0.4032418930015757 0.06154461785195586 -35.73802185058594 0.2579511962404067 -0.6876380601017602 0.6786862888386878 1.416286587715149 0.3159951654949498 -0.6037796568517304 -0.7318450528327876 -5.415329456329346
0.9129994879563048 0.40313130831754584 0.06258660596093435 -35.77242660522461 0.2560627602728741 -0.6857039764667459 0.6813530064945257 1.308327555656433 0.31759061351520146 -0.606048846968523 -0.7292742949639468 -5.406253337860107
0.9133308005287794 0.4023102073469033 0.06303448159500044 -35.805198669433594 0.25389342990234715 -0.6836047466084659 0.684267986001681 1.2056591510772705 0.3183786661475305 -0.60895898669686 -0.7265011888932132 -5.397572040557861
0.9140053837547075 0.40077922432716107 0.06300929943372952 -35.83633041381836 0.2514101307392743 -0.6814224196303582 0.6873546625918596 1.1082763671875 0.3184134177905687 -0.6124046859494361 -0.7235837173389834 -5.389280796051025
0.9150108005048935 0.39853798953757696 0.0626315084820771 -35.86581802368164 0.24857990703867333 -0.6792393833628473 0.6905373921124791 1.0161645412445068 0.31774717115347983 -0.6162802373792344 -0.7205799082959196 -5.381379127502441
0.9163321159889798 0.39558664195060755 0.06202146336068179 -35.893646240234375 0.24536936856949554 -0.6771379582069298 0.6937420691605469 0.9293139576911926 0.31643218258414496 -0.6204799708818907 -0.717548102610161 -5.373859882354736
0.9179526477050334 0.3919250951284767 0.06129972577306708 -35.91980743408203 0.24174375688794675 -0.6752023706602331 0.6968943353626159 0.8477148413658142 0.3145200988442869 -0.6248971743121706 -0.7145492487993003 -5.366719722747803
0.919853775961418 0.38755444790163607 0.06058531803315645 -35.944297790527344 0.2376672363371123 -0.6735159241869557 0.699921841806976 0.7713549733161926 0.31206299944306093 -0.6294266039644721 -0.7116451605964529 -5.359952449798584
0.9220153712779406 0.38247629764539226 0.05999614043148711 -35.96710205078125 0.23310209821841385 -0.672162334080906 0.7027525940536126 0.7002245783805847 0.3091133561225952 -0.6339634677032913 -0.7089000315166052 -5.353557109832764
0.9244158247138878 0.3766927227140119 0.059648769248385566 -35.98820877075195 0.2280086221589286 -0.6712258528921873 0.7053140595722892 0.6343163847923279 0.30572446948147525 -0.6384030443720178 -0.7063809890539312 -5.347525596618652
0.9270368923189256 0.37020069753669066 0.059615801789596495 -36.00761795043945 0.22236034369053087 -0.6707646860795171 0.7075525517320082 0.5736230611801147 0.30192462276783216 -0.6426711285346455 -0.704141564399168 -5.341855525970459
0.9298782678793082 0.36297378360170907 0.05980333890040955 -36.025325775146484 0.21619117054051395 -0.6707400444480548 0.7094851447029346 0.5181421041488647 0.29763700157423295 -0.6468058636033546 -0.70217831788102 -5.336551189422607
0.9329425521628508 0.35497765916845875 0.06007541806053529 -36.04134750366211 0.20955054527354794 -0.6710875179852688 0.7111470397744271 0.4678918421268463 0.2927571747018769 -0.6508704976380888 -0.7004718637924879 -5.331618309020996
0.9362296690571197 0.346176830116313 0.06029601203908523 -36.05567169189453 0.2024881235710238 -0.6717400738164163 0.7125754928720193 0.42287108302116394 0.2871803729189757 -0.6549250915331742 -0.6989996837555659 -5.327064037322998
0.93973669269908 0.336534218325181 0.060329663443901935 -36.06831741333008 0.19505412904823066 -0.672630878717476 0.7138078086831164 0.3830956816673279 0.2808003474645842 -0.6590238393958262 -0.697738306223582 -5.322894096374512
0.9434572562983108 0.32601152870986994 0.06004072523144065 -36.07927703857422 0.1872992835845102 -0.6736910027282506 0.7148841942662695 0.3485693335533142 0.2735093854089708 -0.6632170956717399 -0.6966603907945026 -5.319112300872803
0.9473808929971127 0.3145690312904948 0.05929391315264372 -36.08856964111328 0.1792751889830908 -0.6748510455322664 0.7158466825788076 0.3193017542362213 0.26519775677609086 -0.6675495419045442 -0.6957354086892248 -5.315732479095459
0.9514920905620425 0.30216558041339475 0.057954841137823676 -36.09619140625 0.17103464064599594 -0.6760418936295942 0.7167388016263718 0.29530394077301025 0.25575369654605024 -0.672059015318706 -0.6949292961387383 -5.312752723693848
0.9557690945658177 0.28875883490827414 0.05589072494835866 -36.10214614868164 0.1626316210637814 -0.6771942349900495 0.7176063850931151 0.2765820324420929 0.24506406040666923 -0.6767764057343146 -0.6942026382392528 -5.310184001922607
0.960183006230382 0.27430432081398126 0.052969180937286434 -36.1064453125 0.154122076003768 -0.6782381331578959 0.718498030908075 0.2631457448005676 0.23301283276823037 -0.6817258791576514 -0.693509081016285 -5.308033466339111
0.9646960908434887 0.25875581305371853 0.04905997882388945 -36.11016082763672 0.14556433142489134 -0.6791044387953147 0.7194638188438145 0.25163084268569946 0.21948229479417192 -0.6869225505247369 -0.6927950143097699 -5.306032657623291
0.9692602932054206 0.24206480880587036 0.04403535344606484 -36.11328887939453 0.1370195142626103 -0.6797248893392704 0.7205551523124063 0.24204222857952118 0.2043529709267295 -0.6923717954614372 -0.6919979480626552 -5.304186820983887
0.9738155151607463 0.22418017486695963 0.03777024793179709 -36.115848541259766 0.12855229799399104 -0.6800320946103721 0.7218245333737928 0.23439209163188934 0.1875037309300115 -0.6980684776556302 -0.6910446811826835 -5.302505970001221
0.9782875080375246 0.20504850589485582 0.030144018445085907 -36.11783218383789 0.12023159090608479 -0.6799608459394462 0.7233240024619012 0.22868651151657104 0.16881325826463475 -0.7039945725782266 -0.6898505096138421 -5.300999641418457
0.9825860118820476 0.18461325122480401 0.02103988417126361 -36.119258880615234 0.1121311799748124 -0.6794457792879601 0.7251069103830365 0.22493407130241394 0.14815980470825757 -0.710120680222724 -0.6883148202594703 -5.299674987792969
0.9866023303562196 0.16281511993496725 0.010347872063347967 -36.12012481689453 0.10433046904734913 -0.6784253278123552 0.7272236436001368 0.2231408655643463 0.1254232632490373 -0.7164009431200248 -0.6863225872231672 -5.298542499542236
0.9902069879508792 0.1395921910249715 -0.0020349983035492653 -36.120445251464844 0.09691548069267553 -0.6768387182151743 0.7297237416495013 0.22331786155700684 0.10048637029644977 -0.7227747710937953 -0.6837390727865105 -5.297613620758057
0.9932472140788405 0.11488027566504207 -0.01620166620278534 -36.12298583984375 0.08997942967296958 -0.6746296413056355 0.7326517244281604 0.21669310331344604 0.07323710780983678 -0.729162100863007 -0.6804108734468438 -5.296184062957764
0.9955444045289474 0.0886134160967113 -0.032233539966539784 -36.12774658203125 0.08362358955950575 -0.6717444042596163 0.7360479268465311 0.20327270030975342 0.04357102110677159 -0.735463879353408 -0.6761615548714293 -5.294262409210205
0.9968915265059374 0.06072492735867347 -0.050197286559588855 -36.13473892211914 0.07795798322478849 -0.6681341484804407 0.7399454794009082 0.18306517601013184 0.01139461417447939 -0.7415586577146813 -0.6707912640577652 -5.291866302490234
0.997054306374316 0.031207454447723763 -0.07006286411020399 -36.143959045410156 0.07308119405272923 -0.663785726714472 0.7443437700995205 0.1560693383216858 -0.02327765487026129 -0.7472714391685485 -0.6641110953648548 -5.289006233215332
0.9958075610896042 0.00029760002975572075 -0.09147246968895187 -36.1553955078125 0.06901087759754962 -0.6588094839031164 0.7491378796273253 0.12227416783571243 -0.06003998709185363 -0.7523097602407741 -0.6560680030274899 -5.285686016082764
0.992976150921866 -0.03168777161865027 -0.11399231917212707 -36.16875076293945 0.06573072057424789 -0.6533533107620213 0.7541942214636066 0.08159545809030533 -0.09837599337839475 -0.756389672355559 -0.6466813956506434 -5.281641960144043
0.9884471557101275 -0.0644103311706599 -0.13719886882567667 -36.18381881713867 0.06320609106879328 -0.6475700386624104 0.7593800333683842 0.033973388373851776 -0.13775779622352674 -0.759278838283572 -0.6360176375812128 -5.276706218719482
0.9821768875507195 -0.09751379043529387 -0.1606848537856721 -36.20094680786133 0.0613818106026832 -0.6416158858911449 0.7645661045974098 -0.020531006157398224 -0.17765369370862394 -0.7608022842020538 -0.6241947207920135 -5.271201133728027
0.9741955343339742 -0.13062717937706755 -0.18406412168517228 -36.22011947631836 0.06018102507221967 -0.6356487863746764 0.7696290435019055 -0.08193603157997131 -0.21753460668362484 -0.7608463447953158 -0.6113849315338155 -5.265114784240723
0.9646085933612045 -0.16337156204560876 -0.20697824602720047 -36.2413215637207 0.059505014927066724 -0.6298270234787151 0.7744527575614097 -0.15026366710662842 -0.2568840493534935 -0.7593600287154441 -0.5978151319404954 -5.258431434631348
0.9535952103579877 -0.19536813203316458 -0.22910143554368553 -36.26454162597656 0.05923414394948809 -0.6243041333453161 0.7789323881303983 -0.22553221881389618 -0.2952075388144362 -0.7563568219258857 -0.5837609673087927 -5.251142501831055
0.9414053492038015 -0.22624075757673162 -0.2501421357979809 -36.289764404296875 0.05922960198268058 -0.6192307192926634 0.7829720113345459 -0.30775877833366394 -0.3320358756812917 -0.7519098588896128 -0.5695469615099009 -5.24322509765625
0.9283517595378586 -0.255626897847106 -0.26984791950286924 -36.316978454589844 0.05933604914793965 -0.6147510657221341 0.7864860840885955 -0.39696410298347473 -0.3669362939727754 -0.7461474494297794 -0.5555373433667258 -5.234663009643555
0.9148040338046761 -0.2831774679379883 -0.28800017601890915 -36.346187591552734 0.059384956459071006 -0.6110006333545996 0.7893995521829439 -0.4931628406047821 -0.39950845633233756 -0.7392487725336497 -0.5421293624463122 -5.225434303283691
0.9011758994311816 -0.3085651599691667 -0.30441672151444576 -36.377357482910156 0.059198217957103894 -0.6081093331854419 0.7916429813264694 -0.5963720679283142 -0.429392092702118 -0.7314305031552621 -0.5297469676920632 -5.215516090393066
0.8879156676340039 -0.3314837115824836 -0.3189424965813765 -36.41050338745117 0.05859265019914536 -0.6061979008777056 0.7931525744231708 -0.7066088914871216 -0.45625943114932 -0.7229402837904136 -0.518830104716693 -5.204887390136719
0.8754921893814812 -0.351650328631048 -0.33144452432601246 -36.44560623168945 0.05738430763745872 -0.6053811812759485 0.793864388037344 -0.8238842487335205 -0.47981295060574414 -0.7140417857034792 -0.50982728516665 -5.193522930145264
0.864382741001585 -0.36880226974723485 -0.34180017976571386 -36.48265838623047 0.05539356897938019 -0.6057689579751404 0.7937099735227212 -0.9482141137123108 -0.4997739784885895 -0.7050027343088819 -0.5031869583392303 -5.181399822235107
0.8550582604339501 -0.38269504342975447 -0.34988551698800774 -36.52165603637695 0.05245010692387658 -0.607468140133798 0.7926105254196782 -1.0796105861663818 -0.5158724237128217 -0.696079709844126 -0.4993482552247241 -5.16849946975708
0.847968324188499 -0.39309869361339317 -0.3555603159133376 -36.56258010864258 0.04839863854059134 -0.6105838678980617 0.7904713227246511 -1.2180883884429932 -0.5278326372633336 -0.6875032780591566 -0.498730337655078 -5.154802322387695
0.8435254725157499 -0.39979147858117764 -0.35865240954294 -36.60541915893555 0.043104999355675355 -0.6152240420194803 0.7871730033174156 -1.3636584281921387 -0.5353566439744893 -0.6794601914572247 -0.5017241393208856 -5.14028787612915
0.8420874087476456 -0.40255557622382987 -0.3589398335094285 -36.64872360229492 0.03646355188178993 -0.6215000052153964 0.7825651109661269 -1.5166759490966797 -0.5381070575757578 -0.6720764477113914 -0.5086787227895398 -5.124159812927246
0.8439385334540725 -0.4011704823304069 -0.3561319921857312 -36.69317626953125 0.028405545896547812 -0.629529572691877 0.7764571089691316 -1.6769847869873047 -0.5356872937766101 -0.6653981974826587 -0.5198887977953752 -5.10679817199707
0.8491648987148566 -0.39552871262259626 -0.34996573015325294 -36.73939514160156 0.01897355145384874 -0.6393781114714838 0.7686583343179123 -1.8444470167160034 -0.5277868690445187 -0.6593577693955468 -0.5354328648877593 -5.088553428649902
0.8573512915480122 -0.3859718708973078 -0.34055025731452293 -36.787349700927734 0.008512723658489263 -0.6508846290481649 0.7591289305544527 -2.0190441608428955 -0.5146613414827949 -0.6537391792946671 -0.5547511054862941 -5.069468975067139
0.8679171781676529 -0.3729437641375061 -0.328074260850263 -36.837059020996094 -0.0025457929769020227 -0.6638272653342248 0.7478815953993005 -2.2007434368133545 -0.49670241672415577 -0.6482640747333086 -0.5770965245351511 -5.049598217010498
0.8802491200577933 -0.3568792100478092 -0.3127278626427976 -36.88852310180664 -0.013764669408754704 -0.6779787163622752 0.734952647478618 -2.3895201683044434 -0.4743121551399969 -0.6426368255830145 -0.6017024928409707 -5.028996467590332
0.8937283145913266 -0.3382104721197348 -0.29472593412574494 -36.94175720214844 -0.024715022646826457 -0.6931009577016805 0.7204167058644465 -2.585344076156616 -0.44792730141543474 -0.6365726501991423 -0.6278028302461904 -5.007718563079834
0.9077548357750218 -0.31736900664549617 -0.27433204652011456 -36.996768951416016 -0.03498736551101109 -0.708946701575631 0.7043936815301741 -2.7881834506988525 -0.4180395225115231 -0.6298186151154033 -0.6546537020994028 -4.985812664031982
0.9217708075499882 -0.2947880975453976 -0.2518701171123877 -37.053340911865234 -0.04420643385118622 -0.7252575960986294 0.6870569194087184 -2.9980688095092773 -0.38520691784390815 -0.6221747317649622 -0.6815528105718542 -4.963292121887207
0.9352820131991515 -0.27089830192992026 -0.22773156522016866 -37.10920715332031 -0.05204373702482336 -0.7417698924466307 0.6686320932293071 -3.2155675888061523 -0.3500557173117348 -0.6135075685524991 -0.7078625983241149 -4.939847469329834
0.9478740547468577 -0.2461227096913688 -0.2023817879946927 -37.166847229003906 -0.058223785876580544 -0.7582182407769206 0.6493959424814338 -3.440007209777832 -0.3132806522847344 -0.6037621312465115 -0.7330255942166831 -4.915883541107178
0.9592261618647691 -0.22087206778241797 -0.17635390573418813 -37.2263069152832 -0.06253491712090509 -0.7743404227030359 0.6296715762274531 -3.6713523864746094 -0.27563482097671455 -0.5929691724209637 -0.7565798080992723 -4.891429424285889
0.9691191391229236 -0.19553729614516638 -0.15024400155041448 -37.287620544433594 -0.06483264938283642 -0.789885339920689 0.6098179050769007 -3.909576416015625 -0.23791767853534054 -0.5812454865154785 -0.7781702015920035 -4.866503715515137
0.9774381138102048 -0.17048199687278018 -0.12470213475886713 -37.35084915161133 -0.06503829686195586 -0.8046172562746075 0.59022122195531 -4.154647350311279 -0.20095958203689965 -0.5687943034589855 -0.7975514320344252 -4.841114521026611
0.984168745880765 -0.1460409363267425 -0.10041874600039014 -37.41603469848633 -0.0631403426486706 -0.8183206178321644 0.5712833478765099 -4.406538009643555 -0.1656054853007321 -0.5558987419913751 -0.8145866509406571 -4.815262317657471
0.9893879910939232 -0.12251270821035312 -0.07811555162767636 -37.48154067993164 -0.05918230111221773 -0.8308044378347055 0.5534089277462213 -4.66571044921875 -0.13269837344215674 -0.5429130891782998 -0.8292385177285737 -4.789371013641357
0.9932478197301595 -0.10016354173442168 -0.05853232874660902 -37.54722595214844 -0.05325607304080542 -0.841903170596868 0.5369942662852306 -4.932205677032471 -0.10306580075639418 -0.5302511822204242 -0.8415528055138819 -4.763480186462402
0.9959533269049672 -0.07923062070498889 -0.04242027073970245 -37.61491775512695 -0.0454860237512148 -0.8514764056476787 0.5224164548218343 -5.205484390258789 -0.07751123963807695 -0.5183728767673054 -0.8516346448810996 -4.737119197845459
0.9977355786151252 -0.059928548643018595 -0.03053332970841799 -37.684669494628906 -0.036011772924111285 -0.8594060335392988 0.5100239423077235 -5.485533237457275 -0.05680552241115165 -0.507769473849887 -0.8596181094240658 -4.710268497467041
0.998818669722078 -0.042464207428331874 -0.023623211087853896 -37.75651168823242 -0.024971567021772625 -0.8655919077553473 0.5001270539262346 -5.772341251373291 -0.04168555931128688 -0.4989463300956739 -0.8656297556282151 -4.682914733886719
0.9993822410643991 -0.027049658396440784 -0.022437741101443438 -37.82655334472656 -0.01247783418603857 -0.8699451858720852 0.4929905447693791 -6.0512375831604 -0.03285483068173188 -0.4924060210422079 -0.8697452906122893 -4.656627178192139
0.9995188287337883 -0.013925071113429891 -0.027716482481037457 -37.89093780517578 0.0014012496952885917 -0.8723802708674727 0.4888258375950339 -6.323405742645264 -0.030986247044893795 -0.4886294663604324 -0.8719409940462667 -4.633846282958984
0.9991961249273683 -0.0033153071779989584 -0.03995137880532547 -37.9538459777832 0.016604262702502055 -0.8728479644071955 0.4877096774622396 -6.587555885314941 -0.03648838705995923 -0.48798098299885717 -0.872091255455088 -4.611930847167969
