0.9066798425810922 0.3632603877705326 0.21441444385565134 -1.970742106437683 0.33000446296323027 -0.2942521328563846 -0.8969463399411465 3.09576416015625 -0.26273316783663986 0.8840008896976693 -0.3866700266794068 -1.8703320026397705
0.9057145292188112 0.36631414601044415 0.21329589305606864 -1.7656054496765137 0.32965304974058646 -0.29236509362843754 -0.897692329712338 2.986647844314575 -0.2664771253948025 0.8833666274318233 -0.3855558885311555 -1.9781932830810547
0.9055867669191037 0.36647286718314076 0.2135655524647485 -1.5563671588897705 0.3296065567362808 -0.2910983128944592 -0.8981209773668872 2.867685556411743 -0.2669683976381064 0.8837190785812921 -0.3844066399192062 -2.083193302154541
0.9093450560284613 0.36087951421722153 0.20702063978003937 -1.3435351848602295 0.32154192238376 -0.2938475939194811 -0.9001468678485127 2.736931085586548 -0.2640120475022886 0.8851099184655395 -0.3832467495068619 -2.183183431625366
0.9152231170142953 0.3510039037221034 0.19789619919160154 -1.1286718845367432 0.30977036777764927 -0.2987993013838346 -0.9026412890730361 2.5933470726013184 -0.25769937006042054 0.8874205525366069 -0.38219863632159345 -2.2789158821105957
0.9228395196104395 0.33706864344532933 0.18641875080339557 -0.9140625 0.29456494263857075 -0.30572800360783287 -0.9054070258056894 2.434506893157959 -0.24819088543600584 0.8904578133835956 -0.3814264896026455 -2.369999885559082
0.9317684827615438 0.3192796791963163 0.17282355448418463 -0.6988476514816284 0.2761829690081963 -0.3143772629855521 -0.90823449843503 2.257688045501709 -0.23564902325719123 0.8939952029904915 -0.38110643509119785 -2.4580469131469727
0.9415576635176537 0.2978370943683795 0.15736019664889306 -0.49611327052116394 0.25487692654627186 -0.32447475465422 -0.9109082752431282 2.0723729133605957 -0.22024286273453597 0.8977801505994022 -0.3814234950867757 -2.53857421875
0.9517437988462984 0.2729480973806286 0.14029639159262652 -0.3047460913658142 0.23090283259175542 -0.33573957811171423 -0.9132156468164965 1.8813012838363647 -0.2021574219728785 0.9015421630881515 -0.3825625503308138 -2.6126561164855957
0.9618685621798866 0.24483449067920474 0.12192186540507083 -0.12357421964406967 0.20452766425305138 -0.3478917647231423 -0.9149534166245892 1.686767578125 -0.18159654084037197 0.9050013216629422 -0.3847015780356755 -2.681201219558716
0.9714930093368005 0.21374014107574357 0.10254991420107976 0.048457030206918716 0.17603494515253182 -0.36066110701305354 -0.9159340936842914 1.4904760122299194 -0.15878611682030866 0.907875937549311 -0.3880054782140162 -2.7449705600738525
0.9802110971645737 0.17993700819610564 0.08251592620129164 0.20994140207767487 0.14572762758513702 -0.37379761126565864 -0.9159906136912622 1.2915844917297363 -0.1339763544579043 0.9098890146020678 -0.3926223599753939 -2.803398370742798
0.9876621257888594 0.14372743803814114 0.06217675479810726 0.36406248807907104 0.11392970228958027 -0.3870759503994699 -0.9149820935726309 1.0937036275863647 -0.10744090570373681 0.9107769387601661 -0.39867508023981296 -2.858388662338257
0.9935417990538137 0.10544436494394946 0.041906794609929535 0.5114648342132568 0.08098525790240338 -0.4003045457041833 -0.9127966140882912 0.8975536823272705 -0.0794737789172808 0.9102954227008585 -0.4062587375976948 -2.9103710651397705
0.9976111220762605 0.06545201445607098 0.02209259861099741 0.6510937213897705 0.04725620333137763 -0.4133306195449649 -0.9093539740900013 0.7023730278015137 -0.05038750198658257 0.9082256507885128 -0.41543623685631276 -2.9589550495147705
0.9997036622783968 0.024141377200661833 0.0031275444068819217 0.7844530940055847 0.013118421702733326 -0.426046017069625 -0.904606377575981 0.5096948146820068 -0.020505965941425647 0.9043793370295257 -0.4262364603302316 -3.0050389766693115
0.9997301327797476 -0.018073793264628903 -0.014594506131251734 0.9126952886581421 -0.021042790912909778 -0.43839150613696504 -0.8985377500681639 0.3204296827316284 0.009841878010992176 0.8986023733242585 -0.43865352169249255 -3.0491697788238525
0.9976804597868434 -0.06076183532751089 -0.03068712314872945 1.034121036529541 -0.05483894770906555 -0.45035708682027015 -0.8911628269653767 0.13340331614017487 0.04032852555791263 0.890778588493455 -0.45264458055734286 -3.0908594131469727
0.993623216251778 -0.103479543267127 -0.0447759785007454 1.1510937213897705 -0.08788222367671339 -0.46198496183059984 -0.8825228664482384 -0.04956298694014549 0.07063723442426481 0.8808302215339833 -0.46813299600144137 -3.1311230659484863
0.987702301104218 -0.1457775980680086 -0.05650713490307835 1.2629882097244263 -0.1197924315996876 -0.47336882463301 -0.8726807716439022 -0.2289111316204071 0.10046859073793526 0.8687179333748583 -0.48501053030635155 -3.169814348220825
0.9801310699229682 -0.18720599470910512 -0.06555151650901547 1.3693358898162842 -0.15020041496503075 -0.4846495148571279 -0.8617161267453933 -0.4048705995082855 0.12954891399000532 0.8544406142580797 -0.5031384656238134 -3.2071971893310547
0.9711838900401939 -0.2273193175821096 -0.07160851611645166 1.4713281393051147 -0.1787513779200814 -0.4960137843186933 -0.8497165825482759 -0.5766699314117432 0.15763818261470902 0.8380311769975223 -0.522354237813841 -3.2435154914855957
0.9611858125262978 -0.26567802177551236 -0.07441117216931296 1.56689453125 -0.20510753728706912 -0.5076874808110743 -0.8367701715380029 -0.7455297708511353 0.18453382331213514 0.8195539094978168 -0.5424745685104972 -3.2788476943969727
0.9504789062720316 -0.3019027179338248 -0.07378751680394242 1.6588281393051147 -0.2290182936966068 -0.5198766646838748 -0.8229695466233639 -0.9098070859909058 0.21009633477102213 0.7991138857643131 -0.5632730489686535 -3.3133201599121094
0.9393293221054055 -0.335829744148784 -0.06984846152895112 1.7440624237060547 -0.2505281977286112 -0.5325909342380006 -0.8084445057704007 -1.0711644887924194 0.23429905415057267 0.7768946387461145 -0.5844131017625214 -3.347099542617798
0.9279583968617457 -0.36735506917647165 -0.06279702894348342 1.826015591621399 -0.2697455295313874 -0.5457776733851871 -0.7933247005684895 -1.2277319431304932 0.2571586339044645 0.7531115351557177 -0.6055513624984985 -3.3800389766693115
0.9165613441940638 -0.39638496478597685 -0.05286077960824098 1.9018748998641968 -0.28676699240561876 -0.559375765651846 -0.7777296733878981 -1.3808813095092773 0.278711310132558 0.7279956816444936 -0.6263723278619212 -3.412421703338623
0.9053085885184461 -0.42283929554124267 -0.040290069507565085 1.97412109375 -0.3016787170973544 -0.5733157367975475 -0.7617735999565615 -1.5293993949890137 0.29900888148219484 0.7017948390280956 -0.646589276672832 -3.4440038204193115
0.8943481901323364 -0.44665266146165217 -0.02535182076767839 2.0420117378234863 -0.3145534553625561 -0.5875231759669325 -0.7455686698227099 -1.67355215549469 0.3181154484247664 0.6747724932975198 -0.6659464270964731 -3.4749021530151367
0.8850260720655905 -0.46550801647452594 -0.0055801758130552825 2.1049609184265137 -0.32212313651605656 -0.6036803158900059 -0.7292508218219576 -1.8138256072998047 0.3361034612812104 0.6472034941229032 -0.6842237210955893 -3.505625009536743
0.8791800384011424 -0.47597074847883447 0.0222330085562871 2.1654295921325684 -0.3199953387513962 -0.6243586458372085 -0.7125863207680221 -1.9494261741638184 0.35305161556682474 0.6193772097525265 -0.7012320791184824 -3.536367177963257
0.8733625886320303 -0.4845223634291951 0.04975809597388112 2.2206249237060547 -0.3178779670787826 -0.6444049462977931 -0.6954824679550153 -2.0808324813842773 0.3690411722610627 0.591591366167497 -0.7168181559170047 -3.566396474838257
0.8675892655029209 -0.49131995167110665 0.07676959993385066 2.2724609375 -0.3157766264063222 -0.663578194835805 -0.6781954744422115 -2.2072534561157227 0.38415360026888223 0.5641530682610488 -0.7308606754861697 -3.5953807830810547
0.8618694650124927 -0.496549750009158 0.10305033258035737 2.322011709213257 -0.3136948358292312 -0.6816654311802284 -0.6610051360677504 -2.328237295150757 0.39846778446086617 0.537373785832279 -0.7432717127989821 -3.6231443881988525
0.8562082111467926 -0.5004226526954355 0.12839263154119626 2.367480516433716 -0.3116342738473085 -0.6984811728748688 -0.6442112467995331 -2.4444360733032227 0.4120577368870417 0.5115674147251874 -0.7539941655363906 -3.6500585079193115
0.8506079640514101 -0.5031701451505561 0.15259717075189544 2.409433603286743 -0.30959595242153065 -0.7138650961003365 -0.6281297404309578 -2.5556371212005615 0.4249899266294675 0.4870486932523537 -0.7629987763192378 -3.676015615463257
0.845070829679472 -0.5050394059368608 0.17547219516433996 2.449355363845825 -0.30758061650721924 -0.7276801377984838 -0.613087091205335 -2.6612842082977295 0.43732077148688964 0.46413017086214364 -0.7702815896291364 -3.7007129192352295
0.8396005319335839 -0.5062890558997266 0.19683073604751583 2.4872851371765137 -0.3055895761402413 -0.739807869830667 -0.5994158211884626 -2.761362314224243 0.44909459775338095 0.44312042111910704 -0.7758597390353198 -3.7241406440734863
0.8342046073902858 -0.5071841706191857 0.21648762108293343 2.5216991901397705 -0.30362560770359276 -0.7501439959247649 -0.5874482749354621 -2.856386661529541 0.46034135525221187 0.42432087204302715 -0.7797676796284918 -3.746699094772339
0.8288973158390782 -0.5079906170117818 0.2342536506071164 2.553339719772339 -0.30169392362278113 -0.758591663037252 -0.5775114416351145 -2.946098566055298 0.4710732599541852 0.4080247808630817 -0.7820522757193225 -3.7681736946105957
0.8237015004256272 -0.5089695846878304 0.24993159075888718 2.583261728286743 -0.29980281225313393 -0.7650542679492955 -0.5699212584714486 -3.030156135559082 0.4812838164344222 0.39451480194698013 -0.7827668612575858 -3.7883594036102295
0.8186519964437267 -0.5103695680272085 0.2633093480118416 2.6115429401397705 -0.2979649164499 -0.7694283478303303 -0.5649751553122424 -3.1085448265075684 0.4909438025718469 0.38406109095664587 -0.7819662787674968 -3.8072264194488525
0.813797683671266 -0.512418398366973 0.27415454595229344 2.6381640434265137 -0.29619811714285976 -0.7715949809503525 -0.5629456996667173 -3.1812524795532227 0.5000000054523066 0.37691984610424983 -0.7796995730154287 -3.8248143196105957
0.8188860283747383 -0.4981919535562995 0.2850095611455957 2.6609179973602295 -0.28182555379705543 -0.781599760877981 -0.5564855532917865 -3.246342658996582 0.5000000297596293 0.3753752671757167 -0.7804443471722562 -3.8419041633605957
0.8244158838239425 -0.48291299001691373 0.2951838318263921 2.6794140338897705 -0.26521399997282263 -0.7903491163224704 -0.5522769310289047 -3.3030858039855957 0.49999998471720297 0.37701898944378665 -0.7796516509836829 -3.8573241233825684
0.8301969386234545 -0.46674074133845345 0.30483786424109977 2.6951756477355957 -0.2465221561160632 -0.7978264626403537 -0.5501815718966492 -3.350956916809082 0.49999986964411464 0.3816097691171064 -0.7774150207387667 -3.8709373474121094
0.8360336029571973 -0.4498504543880125 0.3141375230902956 2.7082226276397705 -0.22593757667906755 -0.8039973813757226 -0.5500367462137156 -3.38995361328125 0.5000000261707971 0.38887373198492015 -0.7738069490521022 -3.8826756477355957
0.8417338778222956 -0.4324310918040286 0.3232451542829631 2.718515634536743 -0.20367632244285902 -0.8088233180497582 -0.551652785595371 -3.4200682640075684 0.5000000346023922 0.3985074541588345 -0.7688899624637138 -3.8925390243530273
0.8471154339011728 -0.4146893574728136 0.33230735538837053 2.726015567779541 -0.1799873069998032 -0.8122701166065254 -0.5548169310565244 -3.441298723220825 0.5000000109653863 0.4101828792950854 -0.7627253729671033 -3.9004881381988525
0.8520144738906239 -0.3968451181600438 0.34144587927433595 2.7306835651397705 -0.15514934240131378 -0.8143197339944821 -0.5592960328659555 -3.4536449909210205 0.5000000178333232 0.4235532115563485 -0.7553824588557638 -3.906494140625
0.8562930957810699 -0.37912714753472115 0.35074882768137267 2.732558488845825 -0.12946865823293568 -0.8149793543430781 -0.5648420297126473 -3.457104444503784 0.5000000006530347 0.4382593501532233 -0.7469462774190925 -3.910517454147339
0.8598455554308259 -0.36176752146138025 0.36026362739186474 2.73583984375 -0.10327437650779961 -0.8142876015232022 -0.5712005822498045 -3.4643163681030273 0.5000000239627793 0.4539382804096612 -0.7375228902318488 -3.915537118911743
0.8626034556743682 -0.34499269961888446 0.3699936694976179 2.740527391433716 -0.07691084975977233 -0.812319145130453 -0.5781196482076697 -3.475285530090332 0.4999999994478681 0.47023147881038774 -0.7272429833885836 -3.9215331077575684
0.8645383534106811 -0.32901497036344696 0.3798981241842196 2.7466015815734863 -0.05072896656178086 -0.8091853334824318 -0.585359434901753 -3.4900293350219727 0.5000000074335222 0.48679384276474363 -0.716262345242867 -3.9284374713897705
0.8656622106886538 -0.3140250606325177 0.38989382949769325 2.754042863845825 -0.025078679204162235 -0.8050319120053471 -0.5927011730226199 -3.5085668563842773 0.4999999968350074 0.5033009854428645 -0.7047610383791332 -3.936210870742798
0.8660253151146858 -0.3001835973132604 0.39986242819822376 2.762812376022339 -0.00029798180908974237 -0.8000343298063061 -0.5999541501966765 -3.5309178829193115 0.5000000647873466 0.5194563302486987 -0.6929394318244592 -3.94482421875
0.8657121543874953 -0.28761929413724363 0.4096554740092647 2.7728710174560547 0.023290630495347464 -0.7943901997563976 -0.606961083647148 -3.5571069717407227 0.5000000122768907 0.5349947216290873 -0.6810144165523404 -3.954228401184082
0.8648351578135239 -0.2764251797127773 0.419105320689699 2.7842187881469727 0.045388690307993765 -0.7883116258591923 -0.6135997452145506 -3.587162971496582 0.5000000166017814 0.5496852740941812 -0.6692130324808557 -3.9643847942352295
0.8635279026333703 -0.2666602044826828 0.4280325883841864 2.796875 0.06572320942331475 -0.7820173781632528 -0.6197816389614744 -3.621110677719116 0.5000000211167112 0.5633304142294521 -0.6577680619240817 -3.9752538204193115
0.8619373246267804 -0.25835262947029625 0.4362544753478317 2.810859203338623 0.08404785715241465 -0.775725534261852 -0.6254485216244833 -3.659191846847534 0.5000000061233153 0.5757636792469184 -0.6469128067496704 -3.98687481880188
0.860216097411582 -0.2515059160220992 0.4435910729037189 2.826113224029541 0.10014138441761046 -0.7696470607629142 -0.6305672882301547 -3.7014646530151367 0.499999968880911 0.5868459559926196 -0.6368766403740966 -3.999208927154541
0.858515349936184 -0.2461057003492344 0.44987040153755914 2.8415234088897705 0.11380411001389253 -0.7639816825114394 -0.6351225183623521 -3.7483105659484863 0.5000000184678973 0.5964595317727794 -0.6278821613085526 -4.012177467346191
0.8569782589019801 -0.24212721145731772 0.4549315082968365 2.858164072036743 0.12485290093891413 -0.7589155566824208 -0.639107918079998 -3.7993993759155273 0.5000000168964687 0.6045011094260416 -0.6201438476726318 -4.025800704956055
0.8587504459011829 -0.23579801379265133 0.4549142428589815 2.876113176345825 0.133646211924528 -0.7540141026537949 -0.6431185139905526 -3.854682445526123 0.49465782284599924 0.6130758759653108 -0.6159964355470112 -4.040146350860596
0.8605858209098903 -0.2309535557863054 0.45393006060241503 2.8952929973602295 0.13983770246130706 -0.749871100336497 -0.6466364897301067 -3.9142260551452637 0.48973203062408854 0.6199627310974374 -0.6130324218432607 -4.055146217346191
0.8625000950972622 -0.22751749462322401 0.45202806947974494 2.9157421588897705 0.14357501774084125 -0.7465163168285177 -0.6496919292938012 -3.978041887283325 0.4852626095609789 0.6252592888947398 -0.6112045659293731 -4.07082986831665
0.8644952076319549 -0.22541631268729195 0.4492610843995374 2.9374217987060547 0.14500231864305813 -0.7439591271413847 -0.6523029547159557 -4.046123027801514 0.48127161101556803 0.6290566771901352 -0.6104632120881534 -4.087206840515137
0.8665609536704172 -0.22457928610191236 0.44568627736084987 2.9603514671325684 0.1442604646971421 -0.7421918872005399 -0.6544769827114362 -4.118471622467041 0.47776671284130046 0.6314391077749749 -0.6107565974045323 -4.104306697845459
0.8686775109964934 -0.22493776501279691 0.44136423026791033 2.983574151992798 0.1414868972636146 -0.7411927108827393 -0.6562124832986732 -4.195407390594482 0.4747429196856469 0.6324842821804696 -0.6120316928092889 -4.121982097625732
0.8708171248114807 -0.22642502069007805 0.4363590782149076 3.006659984588623 0.13681653593379792 -0.7409273049154979 -0.6575013036684662 -4.277055740356445 0.47218510208406816 0.6322645323250028 -0.6142334983812783 -4.140204906463623
0.872946360620809 -0.22897496468709205 0.43073787507651257 3.030878782272339 0.13038193906341833 -0.7413519622087195 -0.658329566475139 -4.363000392913818 0.4700693581217004 0.6308468385240797 -0.6173062974563164 -4.159189224243164
0.8750270397045035 -0.23252279464833847 0.424571348250091 3.0562498569488525 0.12231406037944764 -0.7424151425926377 -0.6586797603408249 -4.453234672546387 0.4683662567045861 0.6282936463295489 -0.6211925173104178 -4.178935527801514
0.8770188048970802 -0.23700305548397277 0.41793249161576057 3.082714796066284 0.11274272413121837 -0.7440596424010879 -0.6585319481281351 -4.547749042510986 0.46704078409959965 0.6246637497415917 -0.6258339282480658 -4.199452877044678
0.8788801287151029 -0.24235044022285948 0.4108965605520566 3.1097068786621094 0.10179724801257153 -0.7462231421787777 -0.657866508019597 -4.646718502044678 0.46605476035203275 0.6200139403276491 -0.6311700833789504 -4.220634460449219
0.8805696967036356 -0.24849821531546368 0.4035413810655564 3.135058641433716 0.08960696615275958 -0.7488414363549813 -0.6566636085658367 -4.750844478607178 0.46536824221702683 0.6143981935055128 -0.6371399053214268 -4.241923809051514
0.8820476699007139 -0.255378428089361 0.3959466712694119 3.161367177963257 0.07630146867673539 -0.7518491269419935 -0.6549053184959907 -4.859270095825195 0.4649408498943643 0.6078690227204943 -0.6436810214044973 -4.264023303985596
0.8832768707321389 -0.26292091042409693 0.3881939779174897 3.188671827316284 0.062011049309195085 -0.7551817370287782 -0.6525757992921357 -4.971989631652832 0.46473282581846215 0.6004774258204559 -0.6507305599761132 -4.286933422088623
0.8842236311492242 -0.27105404590215537 0.38036597418453777 3.216913938522339 0.046866808949706476 -0.7587757104588304 -0.6496637002608107 -5.089001178741455 0.46470643672769574 0.5922745355135312 -0.6582239757453983 -4.310664176940918
0.8848591602129077 -0.2797032468325792 0.37254578282222095 3.2414257526397705 0.031000751209867033 -0.7625706988621499 -0.6461616536605344 -5.211679458618164 0.46482601047244765 0.5833112573474009 -0.6660966574304832 -4.333691120147705
0.8851593654774832 -0.28879265779858415 0.364817349517713 3.266738176345825 0.014545881784730375 -0.7665093458031849 -0.64206840766345 -5.338674068450928 0.46506054985410655 0.5736394543596206 -0.6742821823030716 -4.357519626617432
0.885106420600298 -0.2982431679904077 0.3572640997345998 3.292851448059082 -0.002364254037289182 -0.7705398784467657 -0.6373874065480829 -5.469985008239746 0.4653826753489818 0.5633110228553044 -0.6827149163558205 -4.382187366485596
0.8846885681690712 -0.30797358584913515 0.34996915259803135 3.3160154819488525 -0.019595326308066624 -0.774615821530039 -0.6321284301644906 -5.606557369232178 0.46577050200483844 0.55237903603827 -0.6913286049394981 -4.406210899353027
0.8839005180810725 -0.3179007987114306 0.34301451327115245 3.3359375 -0.03701282004301601 -0.7786967323984763 -0.6263077918279468 -5.742473125457764 0.466208027910797 0.5408978472230869 -0.7000568502492889 -4.428828239440918
0.8827462103744479 -0.32794322322551617 0.3364704599366932 3.3556249141693115 -0.05448050589545128 -0.7827350713705012 -0.6199658720639318 -5.876984596252441 0.46668083584707687 0.5289414432496995 -0.7088229306857943 -4.451171875
0.8812442553056055 -0.3380349882452802 0.33036481231039416 3.3705272674560547 -0.07185579977225828 -0.7866344369037539 -0.6132234557779105 -6.010942459106445 0.46716732177021736 0.5166610198177594 -0.7175068529783635 -4.471298694610596
0.8794210681401851 -0.34811135201164795 0.32471075053314513 3.3809568881988525 -0.08899357283796477 -0.7902967254200923 -0.6062270447479335 -6.144277095794678 0.46765235902827407 0.5042316653988538 -0.7259832633775991 -4.489345550537109
0.8773076228883785 -0.3581075088493908 0.3195158007479848 3.391249895095825 -0.10575002499371369 -0.7936364442368784 -0.5991311430670858 -6.276154518127441 0.4681327451009717 0.4918335150075963 -0.7341331803423006 -4.507206916809082
0.8749395801437226 -0.3679575055516253 0.3147824728382318 3.393007755279541 -0.12198116933016548 -0.7965810910811838 -0.5920972552383235 -6.407402038574219 0.4686163947481693 0.47965178978102063 -0.7418442121719976 -4.520888805389404
0.8723566772402742 -0.377595884666477 0.3105079315528811 3.3909177780151367 -0.13754432010310538 -0.7990706154465486 -0.5852928425474282 -6.537543773651123 0.4691219326376486 0.4678755170051268 -0.7490107562014732 -4.532617092132568
0.8696022854888181 -0.38695898716047095 0.3066832361384735 3.3867383003234863 -0.15229914296775726 -0.8010558621958059 -0.5788907294930716 -6.666144847869873 0.46967737450713 0.45669710738899644 -0.7555335306778996 -4.543291091918945
0.8667232491624358 -0.3959824249205371 0.3032964367007328 3.37158203125 -0.16610416265843214 -0.8024986924182987 -0.5730665369871656 -6.792990684509277 0.4703192708244598 0.4463112902683199 -0.7613186032602751 -4.54861307144165
0.8637690310129642 -0.4046047033573404 0.3003299769987058 3.356679677963257 -0.17882057739373997 -0.8033684621996384 -0.5679985167617584 -6.9183349609375 0.47109050315570367 0.4369143485445478 -0.7662764448111394 -4.553994178771973
0.8607907890158694 -0.41276632535260604 0.2977636280682112 3.3303515911102295 -0.19030990533591863 -0.8036403299359399 -0.5638655513785957 -7.040361404418945 0.4720395719391237 0.42870290499990854 -0.7703197139942407 -4.553866863250732
0.8578415306195485 -0.4204097001476441 0.2955733282386592 3.302910089492798 -0.20043447479875653 -0.80329237965068 -0.5608452318664164 -7.16067361831665 0.47321657796030014 0.42187324733492604 -0.7733621619439545 -4.553173542022705
0.8549744746778893 -0.42747941516936927 0.29373456939169 3.266249895095825 -0.20905551204826248 -0.8023023995323342 -0.559112379210922 -7.276691913604736 0.47467298272758934 0.41661998189130717 -0.7753150006012917 -4.548173904418945
0.8522431218952984 -0.43392226633706565 0.29222102586751053 3.2278125286102295 -0.2160339095941767 -0.8006440101726011 -0.5588367551263882 -7.39055871963501 0.47645672530420924 0.4131351301349721 -0.7760852744130307 -4.542304515838623
0.8497003369199424 -0.43968603643497256 0.2910077779067779 3.1815624237060547 -0.22122751358539644 -0.798283237750104 -0.560180559784106 -7.499467372894287 0.4786102011772835 0.411606683244229 -0.7755721846725329 -4.533046722412109
0.8473966638574012 -0.4447226185007602 0.29007014096106876 3.1346678733825684 -0.2244933908338579 -0.7951717615069339 -0.5632979559468299 -7.606359481811523 0.4811669269133777 0.41221797910303143 -0.7736631865023366 -4.523515701293945
0.8453810861579294 -0.44898264824948014 0.2893879761450422 3.081679582595825 -0.22568253349898287 -0.791245323904235 -0.5683293336377802 -7.70828104019165 0.48414689221342766 0.4151450577455624 -0.7702313728935699 -4.511913776397705
0.8436988427130565 -0.4524194178963225 0.2889445156340603 3.0289061069488525 -0.22464286839753617 -0.7864157733091766 -0.5754005675776285 -7.808403015136719 0.4875529145464893 0.42055546816190903 -0.7651308735872191 -4.500663757324219
0.8423908330102252 -0.4549866278602331 0.2887297229741215 2.9742772579193115 -0.22121649389360404 -0.7805668165334174 -0.5846184291966066 -7.905585765838623 0.4913664083855959 0.42860542856485195 -0.7581928773834399 -4.489599704742432
0.8414929472357237 -0.45663814818960724 0.28874075114278897 2.920664072036743 -0.21524039221151336 -0.7735484625169463 -0.596065725988588 -8.00148868560791 0.4955413134272153 0.43943643198491733 -0.7492225496681181 -4.479911804199219
0.8410342567613535 -0.457328382870336 0.2889846521445056 2.8680858612060547 -0.20654627296735778 -0.7651709432614816 -0.6097967404895076 -8.096117973327637 0.5000000160771709 0.453171245567873 -0.7379944485653608 -4.471767425537109
0.8436355045973757 -0.4545896971168776 0.28570499235735514 2.819277286529541 -0.19565058085606526 -0.7558162556637645 -0.6248700968082013 -8.191176414489746 0.49999998559341485 0.47126425172040376 -0.7265741665218991 -4.467226505279541
0.8466635706007317 -0.4507304510210919 0.28284776601547135 2.7724804878234863 -0.18210106777070126 -0.7448656628502068 -0.6418834360096015 -8.28543472290039 0.4999999993343902 0.4919524416333807 -0.7127291181343476 -4.464286804199219
0.8499318147301016 -0.44593667157270567 0.28063569847090636 2.7300195693969727 -0.16618038016827497 -0.7323169283694693 -0.6603756489079784 -8.380019187927246 0.4999999915567242 0.5146381266192417 -0.6965253814995642 -4.465195178985596
0.853250685524338 -0.4404261123774557 0.27926350851539417 2.689160108566284 -0.14820002847554664 -0.7182014886356023 -0.6798701150083386 -8.473495483398438 0.5000000192120937 0.538712781784213 -0.6780770749186411 -4.467138767242432
0.8564383519446804 -0.43444068067832775 0.27888105760347137 2.651113271713257 -0.12850442794902828 -0.7026041074153361 -0.6998814758518699 -8.566425323486328 0.49999996131577096 0.563567886962032 -0.6575646549727089 -4.47119140625
0.8593310632534904 -0.42823473033203063 0.2795802916249254 2.615117073059082 -0.10747143674486745 -0.6856779197313253 -0.7199275523807351 -8.658432006835938 0.5000000140116191 0.5886092134263403 -0.6352473375449955 -4.476416110992432
0.8617934262373128 -0.4220602023851121 0.2813845696849626 2.5805859565734863 -0.08551051026212234 -0.6676519710254285 -0.7395463462289379 -8.749380111694336 0.5000000431288629 0.6132748414442736 -0.6114686629113848 -4.482470512390137
0.8637271151594021 -0.41614594476195 0.2842499308647253 2.548222541809082 -0.06305138576115168 -0.648834058212852 -0.7583131857330716 -8.83951187133789 0.4999999932920154 0.6370533082570293 -0.5866541478134788 -4.489336013793945
0.8650761891413281 -0.4106818643624157 0.2880687301053822 2.516738176345825 -0.04053616412660449 -0.6296045464143631 -0.7758575478348232 -8.928442001342773 0.5000000063786181 0.6594986894741902 -0.5613033691358065 -4.496220588684082
0.8658297660146499 -0.4058029086716729 0.2926821067243888 2.4865429401397705 -0.01840709558538897 -0.610406736154065 -0.7918742294644092 -9.01638126373291 0.499999995115127 0.6802408512955918 -0.5359779744667887 -4.502949237823486
0.8660205126307634 -0.40157999733599414 0.29789591712941055 2.4570116996765137 0.0029056536646150377 -0.5917297444142755 -0.806131172174974 -9.1032075881958 0.5000000288795302 0.69899171333789 -0.5112832442056261 -4.508769512176514
0.8657200941193318 -0.3980174288064383 0.3034976853360287 2.4279491901397705 0.022993871576401342 -0.5740890964875994 -0.8184699085268681 -9.188905715942383 0.5000000005079432 0.7155444330440728 -0.4878485050009821 -4.51370096206665
0.8650316008598651 -0.39505762397932154 0.30927302379876553 2.3990232944488525 0.04147666042750045 -0.5580097325482212 -0.8287972158623872 -9.273447036743164 0.5000000161536003 0.7297633946131278 -0.46631038132248753 -4.516279220581055
0.8640808014286196 -0.39259075361807066 0.3150188387637627 2.369687557220459 0.0580033613163779 -0.5440106888372656 -0.8370710725540605 -9.356606483459473 0.49999997867847545 0.7415691947515072 -0.4472976086646619 -4.515830039978027
0.8630061860231495 -0.39047013378898743 0.32055170800447635 2.3399999141693115 0.07225165016427254 -0.5325933011361319 -0.8432817290997456 -9.43837833404541 0.5000000219343159 0.7509177386396779 -0.4314192020088534 -4.512431621551514
0.8619496375587609 -0.38852963762873904 0.3257108272630822 2.309882879257202 0.0839215480248289 -0.5242343427965609 -0.8474287743579245 -9.51871109008789 0.4999999960894369 0.7577750817470434 -0.4192575931260213 -4.505663871765137
0.8610469390835733 -0.3866045065438767 0.3303560567248236 2.2792577743530273 0.092726294334884 -0.5193805978602588 -0.849497280104675 -9.597392082214355 0.5000000030337297 0.7620897257451289 -0.4113626707419921 -4.49490213394165
0.8604191649536654 -0.38455094005736057 0.33436422518181763 2.248242139816284 0.09838106896498242 -0.5184491524059007 -0.8494301864420115 -9.674355506896973 0.5000000258497437 0.7637611216019073 -0.4082510542296888 -4.480390548706055
0.8601636438012797 -0.38226853170686836 0.33762297840813565 2.216972589492798 0.10059079353701833 -0.5218232278935601 -0.8471021255352502 -9.749652862548828 0.4999999981380984 0.7626082142866157 -0.4104006741764453 -4.462616920471191
0.860343825670983 -0.3797221078106736 0.3400288553485373 2.1855273246765137 0.0990378622242267 -0.5298502289241975 -0.8422886896753576 -9.823348999023438 0.5000000034758725 0.7583336045229665 -0.4182465071884438 -4.441962718963623
0.8609647879168764 -0.3769700289722959 0.3415160775481512 2.1539647579193115 0.09348609948543338 -0.542693737244006 -0.8347118405528544 -9.895620346069336 0.4999999831702478 0.7505845087748351 -0.4319987407585718 -4.419072151184082
0.8619299641941298 -0.374179846909676 0.3421493518786164 2.122441291809082 0.08412328378130898 -0.5599242738818757 -0.8242621431581725 -9.966679573059082 0.500000009950155 0.7392389665625763 -0.4511382718915999 -4.394814491271973
0.8630904369062198 -0.3715829590590852 0.3420540925905214 2.076894521713257 0.0712383245093467 -0.5809282906684488 -0.810831315516449 -10.017377853393555 0.4999999988421318 0.7241881148140505 -0.47492270478462056 -4.367148399353027
0.8642689508840405 -0.36943656426733007 0.34140270286005514 2.0227344036102295 0.055128476544057586 -0.6050416775117645 -0.7942829593713324 -10.053110122680664 0.5000000316117306 0.7052951108976308 -0.5025522608964837 -4.337968826293945
0.865271959152426 -0.36799028485624985 0.3404226592868617 1.9726366996765137 0.03611698155259599 -0.6315497778747599 -0.7744936679598298 -10.086352348327637 0.500000000348052 0.6824426923322997 -0.5331716152742851 -4.310741901397705
0.8659028624027657 -0.3674521843113644 0.3393981807958081 1.92654287815094 0.014567446864606731 -0.6596961965635503 -0.7513911882178499 -10.117006301879883 0.5000000223745432 0.6555759456267387 -0.5658799847503563 -4.285507678985596
0.8659775054908534 -0.3679592324093919 0.33865759000579065 1.8844921588897705 -0.009108154479433112 -0.6886956956563335 -0.7249932967320579 -10.14498519897461 0.5000000015058178 0.6247433409562123 -0.5997464100976779 -4.262333869934082
0.8653400113693962 -0.3695509624816331 0.33855391129347734 1.8464062213897705 -0.034448006370872225 -0.7177649672607601 -0.6954328052588777 -10.170166015625 0.4999999995802855 0.590123324316247 -0.6338410388399097 -4.241386413574219
0.8638780700182137 -0.37215712156065883 0.3394315203591017 1.8123241662979126 -0.060948327590203744 -0.7461552564929442 -0.6629763454090244 -10.192456245422363 0.4999999815055631 0.5520429422423893 -0.6672695170729762 -4.222763538360596
0.8633221336929054 -0.3737656740631481 0.33907833072617527 1.7823632955551147 -0.0882610958362558 -0.7733769338657565 -0.6277723290542396 -10.211811065673828 0.49687510748447866 0.5120423215482504 -0.7006623926726522 -4.206308364868164
0.8635431450568107 -0.37465789053945037 0.33752733471812507 1.7565429210662842 -0.1160009056042447 -0.798968136255984 -0.5900794074924448 -10.22818374633789 0.49075149161707815 0.47040555088579566 -0.7334041117770229 -4.192089557647705
0.8637600533145833 -0.37565643274277305 0.3358583255436172 1.7349413633346558 -0.14366102230311084 -0.8224336268906416 -0.5504220562716666 -10.241494178771973 0.4829907669602112 0.4271828342741303 -0.7643525005733334 -4.180146217346191
0.8639843784713818 -0.3767130149855247 0.33409324760901166 1.7176367044448853 -0.17080254964801692 -0.8434460862127778 -0.5093379906173151 -10.251718521118164 0.473663892218055 0.38299608874355795 -0.7930677860157854 -4.170556545257568
0.8642312970715154 -0.37777694012194163 0.33224817331956663 1.704687476158142 -0.19700774854420947 -0.8617940556813635 -0.46743871534759285 -10.258817672729492 0.4629170683563389 0.33851970268267895 -0.819214378975371 -4.163378715515137
0.8645195770595961 -0.3787955613605501 0.33033289811074346 1.6961718797683716 -0.221889810459797 -0.8773853177556172 -0.42539383658086766 -10.262787818908691 0.4509665319009964 0.29446379553422236 -0.8425676591376905 -4.158632755279541
0.8648719413553336 -0.37971350176026214 0.32835069915749515 1.6877928972244263 -0.24509914241570013 -0.890244894396861 -0.38391462382593633 -10.266376495361328 0.4380900996865198 0.2515585112479426 -0.8630152837437897 -4.154130935668945
0.8653140903931696 -0.38047406728634686 0.3262989566174329 1.6796483993530273 -0.26632907234404907 -0.9005071316615861 -0.3437378813150812 -10.269609451293945 0.4246178872720734 0.21053833368108288 -0.8805528149176479 -4.149892330169678
0.8658741411269217 -0.3810194934314308 0.3241698896458021 1.671816349029541 -0.2853179747286255 -0.9084028928885615 -0.30561059780126776 -10.272500038146973 0.4109204607031281 0.17212881750871556 -0.8952742848750768 -4.145976543426514
0.8665827499208327 -0.3812890315804565 0.32195187829252525 1.664394497871399 -0.3018466439393322 -0.9142427759159699 -0.2702753230097483 -10.275102615356445 0.39739519509200083 0.13703583867696595 -0.9073578334019556 -4.142392635345459
0.8674718990664217 -0.3812192147004057 0.31963168596574115 1.6574609279632568 -0.3157339429987113 -0.918394726485637 -0.23846006710109546 -10.277445793151855 0.38445361432633546 0.10593883474240429 -0.9170454632813138 -4.139179706573486
0.8720830913451758 -0.37068497249977633 0.31947415067995916 1.6506835222244263 -0.31741224719381506 -0.9253646045810959 -0.20724336881995492 -10.280107498168945 0.372452073589628 0.07932842965363344 -0.9246547751066203 -4.137519359588623
0.8761417026369644 -0.36215693992070214 0.31814787091488467 1.6445897817611694 -0.31888945805294905 -0.9303710784602106 -0.18088441034948705 -10.282489776611328 0.3615041223044318 0.057026373127335786 -0.9306249310677448 -4.135908126831055
0.8796876393771655 -0.35537662623683847 0.31600175735516467 1.6390819549560547 -0.32018011262190066 -0.9339229729000877 -0.15897350776430944 -10.284643173217773 0.35161676952110366 0.03866955150999773 -0.9353450236022847 -4.134365081787109
0.8827718176492177 -0.35009658176328 0.3132831010475401 1.6341601610183716 -0.3213026193913214 -0.9364091848141715 -0.14107609779099628 -10.286630630493164 0.3427514328731127 0.02387932229620593 -0.9391225869023182 -4.132861137390137
0.8854506325727601 -0.34608765695881427 0.3101620721127212 1.629726529121399 -0.322277663074931 -0.9381219685692651 -0.12674494061179722 -10.28848648071289 0.33483471319362934 0.012268080065146757 -0.9421970118038238 -4.131415843963623
0.887782829810495 -0.34314050179124717 0.3067511094097637 1.6257421970367432 -0.32312648457569987 -0.9392777742260717 -0.115527216752879 -10.290228843688965 0.3277665664149101 0.0034436717857285123 -0.9447524644398725 -4.130009651184082
0.889826970827644 -0.34106520971969095 0.30312123763696003 1.6221874952316284 -0.32387049837186127 -0.9400348889057112 -0.10696872404768276 -10.291884422302246 0.32142784924779205 -0.0029883706079299396 -0.9469293571164895 -4.128652095794678
0.8916404305811929 -0.33968892229063186 0.29931384636533875 1.6189452409744263 -0.3245305567405855 -0.9405085499944872 -0.1006160281909021 -10.293461799621582 0.3156853818196689 -0.007423170501604091 -0.9488348835519664 -4.127343654632568
0.8932783482215965 -0.3388533520772121 0.2953509749171872 1.61599600315094 -0.3251266909513636 -0.9407833026356744 -0.09601777081837126 -10.2949800491333 0.3103972091200443 -0.010255889427529793 -0.950551623691495 -4.126064300537109
0.8947930497756522 -0.3384118128511111 0.29124361451542935 1.6142773628234863 -0.3256780059935196 -0.9409230721714645 -0.09272329085778797 -10.29580020904541 0.30541649347288435 -0.011883483421855377 -0.9521447097665827 -4.125341892242432
0.896234117189115 -0.33822806280364076 0.28699509528621536 1.6137890815734863 -0.32620253560165496 -0.940978451332503 -0.0902854356745058 -10.29592227935791 0.30059326831001787 -0.01270164005082669 -0.9536678433221499 -4.125195026397705
0.8976475389630351 -0.3381745618813218 0.28260725661239255 1.6120312213897705 -0.3267169949112625 -0.9409921311468409 -0.08825992497096835 -10.296859741210938 0.29577846613599296 -0.013106289181265059 -0.9551666473208412 -4.124365329742432
0.8990760431395792 -0.3381311788593735 0.27808195650859463 1.6089452505111694 -0.32723686642422367 -0.9410022115375736 -0.0862025007424401 -10.298623085021973 0.2908234892599502 -0.013496064780740065 -0.956681532345065 -4.122870922088623
0.9005585372606391 -0.33798669348800214 0.27342149877437405 1.6044921875 -0.32777646369043123 -0.9410427205551646 -0.08367310165596444 -10.301200866699219 0.28558170602749255 -0.014268605929845829 -0.9582481390888506 -4.120712757110596
0.9021302250022473 -0.33763884189278276 0.2686281250775788 1.5986132621765137 -0.32834851277534843 -0.9411427552608543 -0.08023445879561072 -10.304604530334473 0.2799076835237141 -0.01582171499263544 -0.9598965371533955 -4.117900371551514
0.90382206485187 -0.3369957956799888 0.26370344855711164 1.5912303924560547 -0.3289643040616193 -0.9413233075856868 -0.07545142310915584 -10.308842658996582 0.27365701478338983 -0.01855436040270993 -0.9616483629528467 -4.114404201507568
0.9056606867671017 -0.33597850416064845 0.2586448630584314 1.5823241472244263 -0.3296335242717734 -0.941592070366437 -0.06889203654427005 -10.313910484313965 0.2666841954835566 -0.02286520861527307 -0.9635126995085578 -4.110253810882568
0.9076678654249494 -0.33452315513008757 0.2534429023601322 1.571816325187683 -0.3303640615129505 -0.941936488658537 -0.060126850859605875 -10.319804191589355 0.258840941382123 -0.02915321621086068 -0.9654799102254689 -4.105410099029541
0.9098597737794412 -0.3325856323653016 0.24807657931009264 1.559667944908142 -0.3311618533659446 -0.9423146708830836 -0.04873282172970021 -10.326518058776855 0.24997403651830896 -0.03781346562639515 -0.9675138876957088 -4.099912166595459
0.912246460174858 -0.3301448837938186 0.2425092814784777 1.5458202362060547 -0.33203055710311286 -0.9426451446976346 -0.034290528251576066 -10.334057807922363 0.23992103919464422 -0.049239078816948334 -0.969542886142238 -4.093730449676514
0.914815519049076 -0.32723811591545815 0.2367018833872496 1.530214786529541 -0.33296559356383915 -0.9427938327478239 -0.01654395464660362 -10.342377662658691 0.22857488840563886 -0.06367891664255712 -0.971441462963971 -4.08694314956665
0.9174923238367083 -0.32403798033148024 0.23066690920765404 1.5128710269927979 -0.33393988046912115 -0.9425853048411741 0.004135133581909742 -10.35146427154541 0.21608329859798509 -0.08082283340842719 -0.9730239861724108 -4.079560279846191
0.9201926052854064 -0.32073474130708723 0.22444329995954881 1.4939062595367432 -0.33492270811889047 -0.9418524474085652 0.027216665791464006 -10.361303329467773 0.20266314110948913 -0.10021573244342202 -0.9741070055217054 -4.071523189544678
0.9228400519561076 -0.31749611141223405 0.21808818799687105 1.4733984470367432 -0.33588628395862213 -0.9404565511101127 0.05217163714643869 -10.3718843460083 0.1885381732013869 -0.12139890737639308 -0.9745335615224863 -4.062831878662109
0.9253677653395452 -0.3144613513859108 0.21168031877112078 1.4513866901397705 -0.33680629464681955 -0.9382982072413831 0.07847288814543976 -10.3831787109375 0.1739425731578567 -0.14391154495784447 -0.9741834778269801 -4.05349588394165
0.9277200386206333 -0.3117362711913505 0.2053193297413651 1.4279491901397705 -0.3376624858928938 -0.9353250194765276 0.10559902254218376 -10.395195007324219 0.15912126056049816 -0.16729496455346796 -0.9729814074650615 -4.043515682220459
0.9298536170867134 -0.3093904762475472 0.19912253513370018 1.403164029121399 -0.3384390290885026 -0.9315368483076546 0.13303429570856196 -10.40792465209961 0.14433043469894832 -0.1910932585214805 -0.970902720238879 -4.032900333404541
0.9317384939700057 -0.3074555048062415 0.1932213534235933 1.3769335746765137 -0.3391250572887058 -0.9269878329248573 0.16027399392355868 -10.421361923217773 0.1298367219758645 -0.21485965227007175 -0.9679761130590703 -4.021845817565918
0.9333582900957289 -0.30592542974567416 0.18775498327475043 1.3494335412979126 -0.3397146207900791 -0.9217862107441348 0.18682654549988945 -10.435522079467773 0.1159149633612072 -0.23815921799689818 -0.9642841428500606 -4.010214805603027
0.9347096449223686 -0.30475942926468114 0.18286489538280876 1.3207812309265137 -0.3402064918764448 -0.9160919311784508 0.21221478863373117 -10.450439453125 0.10284659729044177 -0.2605710342766488 -0.9599611000044612 -3.9979588985443115
0.9358008759198843 -0.3038862072752999 0.178689377567362 1.2909765243530273 -0.34060363239525215 -0.9101118790371138 0.23597782360784278 -10.466137886047363 0.09091691936453702 -0.28169050509977733 -0.9551882396208063 -3.9850780963897705
0.9366495512699639 -0.3032107622884172 0.1753592077372979 1.2600780725479126 -0.3409125578055386 -0.9040935140603293 0.25766945058452423 -10.482641220092773 0.0804129718158777 -0.30112813131044774 -0.9501871407766035 -3.9716014862060547
0.9372793686035813 -0.302621460540551 0.17299606010073182 1.227968692779541 -0.3411417929056136 -0.8983158810264341 0.2768589081623439 -10.499951362609863 0.07162166099174005 -0.31851032874304946 -0.9452097693955447 -3.9578611850738525
0.9377160092888169 -0.30200016651753037 0.17171076071941316 1.1949023008346558 -0.34130068940997105 -0.8930791564604771 0.29312703680165964 -10.518144607543945 0.06482688741358884 -0.3334749161769547 -0.9405274876095006 -3.9435155391693115
0.9379821497207511 -0.30123252221884633 0.17160551961667878 1.1608788967132568 -0.3413975595482732 -0.8886926343658962 0.3060606279126517 -10.53725528717041 0.06030914640186282 -0.3456651113165395 -0.936417875565606 -3.9285545349121094
0.9380919293286089 -0.3002195139943559 0.17277666377587464 1.1259374618530273 -0.34143752033845237 -0.88546003221981 0.315247444155258 -10.557313919067383 0.058343395801562795 -0.35472351875550395 -0.9331491163839015 -3.9131152629852295
0.9380446393924035 -0.29889041566788943 0.17531906322203605 1.089941382408142 -0.3414203104716266 -0.8836633913890405 0.32026736067897693 -10.578310012817383 0.05919819342373669 -0.36028256985412993 -0.9309629658341249 -3.897470712661743
0.9378180265451805 -0.29721699952789776 0.17933043321906283 1.0532031059265137 -0.3413378180399918 -0.8835440650392048 0.32068423582972555 -10.600332260131836 0.0631335335824046 -0.36195571597314385 -0.9300549535440197 -3.881240129470825
0.9373611865726791 -0.29523003367897527 0.18491412363843387 1.0157030820846558 -0.3411715551645228 -0.8852823927436112 0.3160333131882891 -10.623393058776855 0.07039869213046399 -0.35932480058027916 -0.9305534438355824 -3.8644139766693115
0.9365874843149627 -0.29303790018596343 0.19217875345409724 0.9772655963897705 -0.3408899591842329 -0.8889733774866332 0.3058110034766244 -10.647440910339355 0.08122758122670742 -0.35193056584304994 -0.932495017077008 -3.8476171493530273
0.9373261430970763 -0.28568471636149695 0.19950925869294933 0.9380077719688416 -0.3350461884903615 -0.8962063461891014 0.2907889898680168 -10.6727294921875 0.09572749367261375 -0.3394089390216932 -0.9357552132194233 -3.8310155868530273
0.9378516262516363 -0.27751990938906046 0.208367528731924 0.8980468511581421 -0.32792891346076325 -0.9051745353290739 0.2704102222702364 -10.6990327835083 0.11356476061527504 -0.32193440400877177 -0.939926212349625 -3.8140134811401367
0.9380612963838589 -0.26874099984963534 0.2186761972105147 0.8573827743530273 -0.31938872904974164 -0.9153614002570475 0.24516187851182694 -10.726880073547363 0.1342827017252198 -0.29981958228120353 -0.9444979481704024 -3.797373056411743
0.9378554046187908 -0.25955227584429813 0.23034725119126145 0.81591796875 -0.30927330732858 -0.9262237572394814 0.21554482805027056 -10.755746841430664 0.1574079458012411 -0.2733901381345427 -0.9489365473883962 -3.780507802963257
0.9371420892383175 -0.2501607049455157 0.2432782897818956 0.7735937237739563 -0.2974483059013854 -0.9372137661069657 0.18208476579877184 -10.785585403442383 0.18245330880649227 -0.24300201299734195 -0.9527123447215338 -3.763417959213257
0.9358427343460852 -0.24076993297375554 0.25734843296094884 0.7308007478713989 -0.2838134891118533 -0.9478008106435981 0.14533935028578557 -10.81765079498291 0.20892170775148922 -0.2090537316556478 -0.9553262569986497 -3.7470507621765137
0.9338967098503899 -0.23157392573646518 0.27241595446966477 0.68701171875 -0.26831552626186095 -0.9574926180506289 0.10589931418745288 -10.850478172302246 0.23631274552473244 -0.17199245128073024 -0.9563340854560232 -3.730410099029541
0.9312648547786379 -0.22275139281368805 0.28831855169878456 0.642773449420929 -0.2509591518239818 -0.9658538925051937 0.06438759545404156 -10.885360717773438 0.264131168872419 -0.1323180839194995 -0.955367285549365 -3.7142577171325684
0.9279327056203063 -0.21445922610620866 0.3048739644149754 0.597949206829071 -0.23181271060719483 -0.9725238909762103 0.021451076463363847 -10.922147750854492 0.2918968328727164 -0.0905788155057142 -0.9521510999523443 -3.6985156536102295
0.9239116950758282 -0.20682919160102242 0.32188330991801645 0.5522069931030273 -0.2110140802102849 -0.9772298003155366 -0.02224804099834784 -10.96017074584961 0.31915550701048184 -0.04736668530649223 -0.946517912914467 -3.6827831268310547
0.9192409210722848 -0.19995988255223507 0.3391344488486437 0.5069335699081421 -0.18876665505553675 -0.9797985097621601 -0.06604566758686033 -11.001884460449219 0.3454899115246652 -0.0033053952178820623 -0.9384166427537036 -3.6683201789855957
0.9139859165826765 -0.19391657237640544 0.356407221091705 0.4602929651737213 -0.16533992263695577 -0.9801625463191768 -0.10928903318958103 -11.044355392456055 0.37052996406624206 0.04096029480965885 -0.9279169143722812 -3.653574228286743
0.9082376912114113 -0.1887281124215593 0.3734782401221791 0.41523435711860657 -0.14106213942067242 -0.9783629563828616 -0.15135190253131756 -11.091684341430664 0.3939616340267509 0.08477986293679624 -0.9152085039789514 -3.6405956745147705
0.9021104525634974 -0.18438564730134288 0.390126472371392 0.3689843714237213 -0.11631156783259376 -0.9745475453001783 -0.19164733532642916 -11.140254020690918 0.4155338139838991 0.1275108427493977 -0.9005957108588362 -3.62749981880188
0.8957385628889136 -0.18084362511636132 0.40613792018041955 0.3248828053474426 -0.09150670066498555 -0.9689646877516978 -0.22963875462052072 -11.193832397460938 0.4350620078645257 0.16853194695673565 -0.8844874403675043 -3.6162595748901367
0.8892730337981712 -0.17802182408908485 0.42130950797174227 0.28025388717651367 -0.06709513550754391 -0.9619532405715449 -0.2648475141380946 -11.249530792236328 0.4524286840493438 0.2072539338635067 -0.867383475025597 -3.605214834213257
0.8828775792856618 -0.17580990099702054 0.43545155724386597 0.23873046040534973 -0.0435431752503696 -0.9539286925078321 -0.2968569377653374 -11.3104248046875 0.46758012349094313 0.2431273911382994 -0.8498575761823146 -3.59624981880188
0.876724317508199 -0.17407203235735927 0.44838978427341697 0.19730468094348907 -0.021324731781871387 -0.9453667050194942 -0.3253106958816695 -11.373954772949219 0.48052026690267097 0.27564600594161215 -0.8325380186539367 -3.5876758098602295
0.8709905437880581 -0.1726541057246053 0.4599630772227486 0.16011717915534973 -0.0009129954569685461 -0.936783931554056 -0.34990717629311585 -11.442753791809082 0.49129893045993794 0.3043458975550072 -0.8160875783703356 -3.5814452171325684
0.8658539673859671 -0.17138831576353047 0.4700244167931289 0.12349609285593033 0.017230650334678327 -0.9287179590934616 -0.37038636198747854 -11.51436996459961 0.5000000118510245 0.32879932736703676 -0.8011809973233013 -3.575693368911743
0.8654002224175978 -0.16737988145867616 0.47229908990220537 0.09052734076976776 0.032900986685681075 -0.9215451087583024 -0.38687483453793786 -11.590205192565918 0.49999998011468016 0.3503406739254346 -0.7919983788359617 -3.5721874237060547
0.8647997310492586 -0.1636891096517809 0.47468652873084266 0.06050781160593033 0.046060723298133946 -0.9155227813727569 -0.3996203780549036 -11.662763595581055 0.4999998349463554 0.36745600031690673 -0.7842042163140408 -3.5694921016693115
0.8641595423400508 -0.16029580648695232 0.4770047586820613 0.03453125059604645 0.05681779871502629 -0.9107668330342418 -0.4089932928471522 -11.732348442077637 0.5000000231318122 0.3805378171318525 -0.7779401947455293 -3.568427562713623
0.8635579943410879 -0.15716425083445132 0.4791314941320841 0.011445311829447746 0.065327086481274 -0.9073099222412252 -0.415356565825665 -11.79845142364502 0.49999996218146436 0.38998474747388195 -0.773247654090374 -3.5682713985443115
0.8630456732126137 -0.15425502699531965 0.48099641640625496 -0.010390624403953552 0.07177814829061849 -0.9051166590474413 -0.4190605337451472 -11.860356330871582 0.5000000633769521 0.39619341256698204 -0.7700848761413075 -3.567939281463623
0.8626501563604755 -0.15153046659248315 0.482569399595034 -0.0286718737334013 0.07638533373652802 -0.9040984900186447 -0.4204416738811294 -11.91881275177002 0.4999999885212063 0.3995553003531189 -0.768345998517935 -3.5692968368530273
0.8623796983121629 -0.14895762252871214 0.48385212888817225 -0.04570312425494194 0.07938036327671036 -0.9041275480686092 -0.4198239330356264 -11.973027229309082 0.5000000138650801 0.40045599447884195 -0.7678769319499584 -3.5704784393310547
0.8622285039684996 -0.14650823103754104 0.484868379235534 -0.06156249716877937 0.08100633957632769 -0.9050489290828834 -0.417521746636472 -12.022924423217773 0.49999997989268735 0.3992765635548575 -0.7684908886272732 -3.5714354515075684
0.862180817776715 -0.1441579956729799 0.4856569877407561 -0.07585937529802322 0.08151323041765934 -0.9066913540618697 -0.4138434265955317 -12.068583488464355 0.4999998307247247 0.39639533391931187 -0.7699811091983 -3.572587728500366
0.862214588680088 -0.1418856603174089 0.4862658351802224 -0.08830077946186066 0.0811540843987161 -0.9088760359042034 -0.40909456846121434 -12.110053062438965 0.5000000176526321 0.39218976370547204 -0.7721315766059651 -3.5743064880371094
0.8623056230943362 -0.13967103485478483 0.4867453280746328 -0.0995507761836052 0.0801824702738325 -0.9114235967123769 -0.40358121712569905 -12.14711856842041 0.4999997838406277 0.3870387957020176 -0.774726523865588 -3.57574200630188
0.8624283254009706 -0.1374954018343548 0.4871472036463788 -0.1095898449420929 0.07885004384721575 -0.9141596574683315 -0.3976113570343217 -12.179760932922363 0.5000000541313664 0.3813228751750831 -0.7775556640761088 -3.5769433975219727
0.8625592594553466 -0.13534001980383906 0.4875188231928489 -0.12193359434604645 0.07740492044293398 -0.9169180781322095 -0.3914967640805711 -12.220415115356445 0.5000000022190668 0.3754255146281773 -0.7804201949892771 -3.578486204147339
0.8626762760199612 -0.1331871081906614 0.48790453677347656 -0.1365039050579071 0.07609070621674284 -0.9195429890186101 -0.385552714650225 -12.26906681060791 0.49999984721974566 0.3697321808532895 -0.7831336202856455 -3.580576181411743
0.862758982163644 -0.1310202293086417 0.48834479439005435 -0.1528906226158142 0.07514593561711826 -0.9218885985304787 -0.38009801401709314 -12.325751304626465 0.5000000270561807 0.36463010217399955 -0.7855220312202565 -3.5841503143310547
0.8627886975443204 -0.12882422651408276 0.4888762441076715 -0.1714453101158142 0.07480422930448002 -0.9238175930015042 -0.37545356855285006 -12.390399932861328 0.499999990667938 0.3605071060658239 -0.7874227808541652 -3.588310480117798
0.8627461029499048 -0.12658691666678523 0.48953540665977197 -0.19230468571186066 0.07529532840886495 -0.9251972762886884 -0.371941680197035 -12.463784217834473 0.49999977536450263 0.3577509643268466 -0.7886789411152413 -3.5931639671325684
0.8626091828364804 -0.12429915649432258 0.4903622307855483 -0.2156640589237213 0.0768466209002438 -0.9258948724295142 -0.36988279503776283 -12.545727729797363 0.49999999454239363 0.3567469760257728 -0.7891334491415711 -3.5999510288238525
0.8623517112780043 -0.12195555020195059 0.49140245199921195 -0.24138671159744263 0.07968512872823943 -0.9257702280330412 -0.36959405453445193 -12.636308670043945 0.49999980631542473 0.3578775330508902 -0.7886214966775554 -3.6079492568969727
0.8619380867318484 -0.11955651040122547 0.49271591760539035 -0.26957032084465027 0.08404033390595658 -0.9246674958938558 -0.3713855736486823 -12.73543930053711 0.4999999569180136 0.3615193810268921 -0.7869585632191295 -3.6172070503234863
0.8614585997125201 -0.11702271805672801 0.4941606666257034 -0.3012109398841858 0.09008535848783977 -0.922439048754516 -0.37548745587433535 -12.842729568481445 0.49977365793673184 0.36798353875068796 -0.7841010177528527 -3.628779172897339
0.860529322159223 -0.11468244832159054 0.4963237066181248 -0.33519530296325684 0.09764687646610361 -0.9191233817646778 -0.3816769532076525 -12.958622932434082 0.49995437113860924 0.3769086694949173 -0.7797342378265619 -3.641425609588623
0.8594461755141491 -0.11238216689513705 0.4987208838198539 -0.3741796910762787 0.10654787178615205 -0.9147396125421552 -0.3897422125765568 -13.082133293151855 0.4999998224119129 0.38810010282165847 -0.7741953808812567 -3.656630754470825
0.8581439573943556 -0.11023619001564879 0.501434871940902 -0.41587889194488525 0.11657252120067636 -0.9093315443189885 -0.39940829962253094 -13.214139938354492 0.4999997956884311 0.40120334609431835 -0.7674868594277365 -3.673027276992798
0.8565881536482925 -0.10834446033839633 0.5044979811093311 -0.46248045563697815 0.12750191733103403 -0.9029479442644296 -0.4104001352650253 -13.353788375854492 0.4999999961063195 0.41586835400475297 -0.7596403859926472 -3.69170880317688
0.8547792258225639 -0.10678692974550909 0.5078868247333311 -0.51220703125 0.13911370382761562 -0.8956485101419178 -0.4224465927048353 -13.501811027526855 0.49999985250951845 0.43175258877752 -0.7507262147909644 -3.7116992473602295
0.8527280558280015 -0.10564236997105053 0.5115608981056861 -0.5671093463897705 0.1511782528674731 -0.8875109352462838 -0.43528091582127176 -13.657377243041992 0.49999999866373485 0.4485131318982382 -0.7408346454176524 -3.7338476181030273
0.8504592476300389 -0.10498313771555709 0.5154586393843295 -0.6257616877555847 0.1634596602368519 -0.8786348281593049 -0.4486443783451669 -13.8211030960083 0.5000000075958007 0.46581045452078973 -0.7300826068763276 -3.7574119567871094
0.8480115275101918 -0.10487224060866415 0.5194980869642833 -0.6891210675239563 0.17571684336873086 -0.8691439315446106 -0.4622904035513894 -13.992597579956055 0.5000000401663589 0.48331215524637494 -0.7186162539385981 -3.7826952934265137
0.8455039053070892 -0.1052939132121066 0.5234848020247984 -0.7575781345367432 0.18772043690937681 -0.8591715255612467 -0.47600979741105437 -14.171757698059082 0.4998841702604852 0.5007369384269965 -0.7066670607986087 -3.8095703125
0.8438848026538486 -0.10536027295578589 0.5260776109402088 -0.8308984041213989 0.1994374748580493 -0.8486673975851291 -0.48988604991194606 -14.35863208770752 0.49807944494038336 0.5183269828580864 -0.6951647325412251 -3.837880849838257
0.8426184014532381 -0.10564527352426156 0.5280466889531396 -0.9098241925239563 0.21051081884482137 -0.8379220055692493 -0.5035592395459443 -14.552973747253418 0.49566059423931674 0.5354678223430338 -0.6838090278385747 -3.8675389289855957
0.8417969342951125 -0.106109163748034 0.5292624743735789 -0.9956249594688416 0.22071381511617413 -0.8271203890101612 -0.5168725896200562 -14.754301071166992 0.49260870194121986 0.551917301280158 -0.672847649412119 -3.898271322250366
0.8415107475027404 -0.106706976127361 0.5295972838706158 -1.090761661529541 0.2298210226166011 -0.8164659387301336 -0.5296844989774394 -14.961523056030273 0.48891917471177027 0.567447788029239 -0.662541356037406 -3.929335832595825
0.841847543584283 -0.10738945173812176 0.5289236419526863 -1.1993359327316284 0.23760919435161804 -0.8061780861260067 -0.54186600207965 -15.172529220581055 0.4845973422550756 0.581845683240491 -0.6531623203873006 -3.9599609375
0.8428901290590084 -0.10810590022321044 0.5271141666392752 -1.3215234279632568 0.24385800629805188 -0.7964895593849904 -0.5532970762213038 -15.385683059692383 0.47965560884787706 0.5949096537522595 -0.6449906982066792 -3.997197151184082
0.8447151870565861 -0.10880777369063116 0.524039236260459 -1.4203710556030273 0.2483503819818233 -0.7876416934577757 -0.5638640354699437 -15.61489200592041 0.47410794185020694 0.6064498586952228 -0.6383104482640911 -4.059931755065918
0.8473914492761232 -0.10945059066338052 0.5195654914417898 -1.487207055091858 0.250873149584357 -0.7798812048202706 -0.573452673884871 -15.861552238464355 0.467964095322853 0.6162839236679151 -0.6334064500122676 -4.138193130493164
0.8509768504398482 -0.10999943606757975 0.5135547917022004 -1.5427343845367432 0.2512169285597362 -0.7734551348789781 -0.581942616702329 -16.11966323852539 0.46122495034471894 0.6242333525166338 -0.6305586941636404 -4.220956802368164
0.8555172739774887 -0.11043109569765933 0.5058608178433481 -1.5924999713897705 0.24917636783774225 -0.7686062724840624 -0.5891990628041981 -16.3882999420166 0.4538736956878167 0.630118537261974 -0.630039123675279 -4.305517673492432
0.8610124939264375 -0.11073648196773672 0.4963818256785654 -1.6389843225479126 0.24462393245625647 -0.7655188963507059 -0.5950965896387191 -16.667295455932617 0.44588857012959354 0.6338124729692579 -0.6320325404094164 -4.390449047088623
0.8673266695974471 -0.11091462273078294 0.48522406645743477 -1.6790820360183716 0.23773040367088116 -0.7641647410210157 -0.5996136287233337 -16.941688537597656 0.437297042495694 0.6354134048356016 -0.6364126818187605 -4.468212604522705
0.8742909889523246 -0.11097489313828449 0.4725461244468234 -1.7122851610183716 0.22874353735643796 -0.7644473777804429 -0.602740906793515 -17.21224594116211 0.428125753435168 0.635062815552565 -0.6429646643074708 -4.535126686096191
0.8817384769821724 -0.11093513362251128 0.4585091649436407 -1.7354882955551147 0.2179150039372082 -0.7662545586026154 -0.6044559557815258 -17.479618072509766 0.4183901400226895 0.6328881003375454 -0.6514616974027924 -4.587411880493164
0.889507491782668 -0.11081725143783178 0.4432786469550177 -1.7495312690734863 0.20550031825122894 -0.7694619523762651 -0.6047296280520329 -17.742034912109375 0.40810052837646565 0.6290054376784597 -0.6616691908422054 -4.629775524139404
0.8974448650799072 -0.11064379607471099 0.42702536755078757 -1.759863257408142 0.19175855316605928 -0.7739357403077127 -0.6035330373409663 -17.9973087310791 0.39726738027349673 0.6235233919144737 -0.6733477617888861 -4.671445369720459
0.9054079973116249 -0.11043483406098902 0.40992743971351175 -1.770546793937683 0.17695225069057735 -0.7795357713809397 -0.6008426433876536 -18.244487762451172 0.3859070605465674 0.61654531752617 -0.6862562291570566 -4.716396331787109
0.913267239692459 -0.1102054587237581 0.39217050599452596 -1.7822850942611694 0.16134650026224734 -0.7861176516043396 -0.5966459123208694 -18.483734130859375 0.3740457936638789 0.6081725040673609 -0.7001542326793395 -4.763242244720459
0.9209078996188512 -0.10996278172712784 0.37394762608476056 -1.7950586080551147 0.14520773297196418 -0.7935358302419716 -0.5909446678051401 -18.715375900268555 0.3617227594508516 0.5985056998534072 -0.7148059684545481 -4.810146331787109
0.9282315891559735 -0.10970427938198501 0.35545898213191307 -1.8087499141693115 0.12880250934265194 -0.8016452158719746 -0.5837592495683573 -18.939599990844727 0.34899288027123476 0.58764778477831 -0.7299822261980992 -4.856093406677246
0.9351571153572373 -0.1094157072054531 0.3369115204522716 -1.8234374523162842 0.11239574861893803 -0.810304487332064 -0.5751294058748081 -19.156497955322266 0.3359291075347882 0.575703778714585 -0.7454641466124505 -4.900595664978027
0.9416212888620517 -0.10906989443694767 0.31851704269831743 -1.8392772674560547 0.09624886957101686 -0.8193772142355364 -0.5651169223248521 -19.366117477416992 0.32262285019519316 0.5627830300560995 -0.7610451744888771 -4.943242073059082
0.9475786693677257 -0.10862587597608646 0.30049140491488 -1.8565624952316284 0.080617875172192 -0.8287341916113935 -0.553805379042973 -19.568510055541992 0.3091850959571165 0.5489991427339737 -0.7765336552367519 -4.983632564544678
0.9530009632081213 -0.10802848089696909 0.2830530187782598 -1.8762109279632568 0.06575166435580548 -0.8382544078637164 -0.541300532358404 -19.768138885498047 0.29574631486940656 0.5344711358082336 -0.7917542056907703 -5.022109031677246
0.9578761498134518 -0.10720742037292369 0.2664204395979052 -1.8986914157867432 0.05189013068729331 -0.8478267179621952 -0.5277284061396622 -19.965068817138672 0.2824547679820849 0.5193230452487506 -0.8065499852568041 -5.057841777801514
0.9622061278314366 -0.1060783539054676 0.250812181515053 -1.92312490940094 0.0392628846782652 -0.8573502644938554 -0.5132338159738287 -20.159481048583984 0.269476888527337 0.5036843324990593 -0.8207827360176397 -5.089961051940918
0.9660046968878229 -0.10454258821520426 0.23644401629123912 -1.947363257408142 0.02808804699671149 -0.8667347547731181 -0.4979778373424799 -20.352108001708984 0.25699413846735114 0.48769018046055534 -0.834333446935801 -5.114462852478027
0.9692941783299476 -0.10248781352756725 0.2235286199438686 -1.92458975315094 0.018571799435600424 -0.8759007591019863 -0.48213374541748044 -20.47732925415039 0.24520172128554826 0.4714807613072909 -0.8471021234749101 -5.080546855926514
0.9721015856657075 -0.09978949712816017 0.21227473568262015 -1.8466601371765137 0.010908092558138863 -0.8847786077367926 -0.46588392203217943 -20.327449798583984 0.23430646739465047 0.45520201180822095 -0.859006174473029 -5.000605583190918
0.9744542719898253 -0.09631168287260354 0.20288649916400886 -1.7786914110183716 0.005279111751169449 -0.893307568445453 -0.44941486305772266 -20.169921875 0.22452394700766104 0.4390052937042103 -0.8699789361356869 -4.93337869644165
0.9763859350498245 -0.0919493446026109 0.19548867963140512 -1.713964819908142 0.0017770160233734483 -0.901450539844896 -0.43287846611652786 -20.01265525817871 0.21602626703929437 0.423003832418213 -0.8800002327889305 -4.870527267456055
0.9779610832105314 -0.08676018600126137 0.18990731910779649 -1.6513476371765137 0.00017255868176457162 -0.9092371315605883 -0.41627852312481173 -19.85682487487793 0.20878718818257327 0.40713696554906387 -0.8891835588529036 -4.810527324676514
0.9792376230048823 -0.080853080275382 0.18589367149456876 -1.5862890481948853 0.00016174988692939374 -0.9167044618079623 -0.3995658938627623 -19.693090438842773 0.2027156913727255 0.3913000244203376 -0.8976584202022064 -4.749032974243164
0.9802602028140532 -0.07434791874250357 0.1832002231374432 -1.5186327695846558 0.001446306407023798 -0.9238812986910436 -0.38267643529060835 -19.521488189697266 0.19770645658836714 0.3753874437266226 -0.9055365393597672 -4.686132907867432
0.9810651524355068 -0.06737459059517115 0.1815814726750185 -1.448281168937683 0.003733552920340895 -0.9307899613189735 -0.36553537242025524 -19.341962814331055 0.19364200799229087 0.3592919599016331 -0.9129140486873649 -4.62209939956665
0.9816846523510647 -0.060072036153927574 0.1807943412020702 -1.3751561641693115 0.006736426266770328 -0.9374477240471886 -0.3480608930056617 -19.154422760009766 0.19039397022889595 0.3429039444962212 -0.9198733722363155 -4.557255744934082
0.9821499688063859 -0.05258782726508919 0.18059889035415558 -1.299257755279541 0.010173482202697662 -0.9438676327752717 -0.33016721832894935 -18.958768844604492 0.18782422376649546 0.32611104277951375 -0.9264845647628306 -4.492021560668945
0.9824938382875374 -0.04507780638446504 0.18075909133038706 -1.2205077409744263 0.013769054093572881 -0.9500590519239036 -0.31176627625004905 -18.754873275756836 0.18578555077397915 0.3087973271079566 -0.9328064857700076 -4.426904201507568
0.9827519981263619 -0.037706009599388815 0.18104355006112266 -1.1388475894927979 0.01725360513265719 -0.9560274300488816 -0.29276930526279127 -18.54256820678711 0.18412176212650633 0.2908432736616439 -0.938887302543393 -4.362548828125
0.9829638553458262 -0.030644754855481852 0.18122626212422033 -1.0542773008346558 0.020364210311213927 -0.9617736709125895 -0.2730873575940901 -18.321680068969727 0.1826673425165808 0.2721255315827039 -0.9447646992975343 -4.299853324890137
0.9831722634362984 -0.02407500202245258 0.18108753321851112 -0.9667187333106995 0.022845288761360202 -0.9672928072774655 -0.2526315850615091 -18.09197235107422 0.18124677429117608 0.2525173642878829 -0.9504654583635034 -4.239980220794678
0.9834223853070831 -0.018186956267475463 0.180415206395281 -0.8762890696525574 0.024449445721982967 -0.9725722753709047 -0.23131232951087796 -17.853378295898438 0.17967369501631206 0.2318887746347074 -0.9560046859286828 -4.183437347412109
0.9837596826622448 -0.013180940558234436 0.1790060042967273 -0.7832226157188416 0.02493868533871135 -0.977589278611553 -0.20903890622877025 -17.605791091918945 0.1777496800049339 0.2101082224705738 -0.961384203171864 -4.130839824676514
0.984227185016256 -0.009268119653574446 0.17666621135085234 -0.6877734065055847 0.02408572474226878 -0.9823079761105994 -0.18571730649871593 -17.34941864013672 0.1752618787375528 0.1870431555218885 -0.9665909847674964 -4.081337928771973
0.9848615288231475 -0.006672003801464185 0.17321447228625494 -0.5902343392372131 0.021675719956382802 -0.9866756684126183 -0.161249150468723 -17.084335327148438 0.1719823601666898 0.16256263324572978 -0.9715942867595038 -4.034384727478027
0.9856885671179693 -0.005629353867334756 0.16848251846396584 -0.4909375011920929 0.017508390363409017 -0.9906185909245914 -0.13552956718538992 -16.810546875 0.1676648589293736 0.13653980258376294 -0.9763428585238795 -3.989492177963257
0.9867178473616801 -0.006391453534139318 0.16231771012324306 -0.39306640625 0.01140066167229975 -0.9940370524227545 -0.10844520885735849 -16.535795211791992 0.16204294064033145 0.1088553523369581 -0.9807612337649928 -3.946894407272339
0.9879361676440508 -0.00922527088027028 0.154586619854279 -0.2963281273841858 0.0031899573904882465 -0.9967999816622461 -0.07987252800551915 -16.2603702545166 0.1548287855427168 0.07940208394828947 -0.9847453255700358 -3.9055662155151367
0.989300661172015 -0.014414126564631941 0.1451772529013858 -0.1998632699251175 -0.007261799782691439 -0.998738978200783 -0.04967614806295174 -15.984530448913574 0.14571021950614946 0.04809039797958604 -0.988157803973452 -3.8657615184783936
0.9907308177554076 -0.022256944725263295 0.13400401173546198 -0.10277343541383743 -0.020062018378819706 -0.9996419106848798 -0.01770778983529446 -15.708588600158691 0.13435014763024697 0.014855262157889765 -0.9908225668695437 -3.827626943588257
0.9920933622797143 -0.03299279089285956 0.12108772138260736 -0.004238280933350325 -0.03519860759015782 -0.9992502787812998 0.016122604603750652 -15.43282699584961 0.12046500962622296 -0.02025724819897414 -0.9925108691350233 -3.791083812713623
0.9931927406909007 -0.046555606657621214 0.10677431960747037 0.09683593362569809 -0.05229768844535485 -0.9972963852026271 0.05162239673868369 -15.157611846923828 0.10408233097971036 -0.056855039798722494 -0.99294228071289 -3.7565624713897705
0.9938258693110991 -0.06277446739856196 0.09148501369549587 0.20142577588558197 -0.0709043044125503 -0.9935487616678549 0.08850671050290167 -14.883319854736328 0.08533886045530832 -0.0944469397656638 -0.9918654417132853 -3.724238157272339
0.9938044972420332 -0.08144023376784233 0.07563140607808917 0.30949217081069946 -0.09057481093517968 -0.9878272359140825 0.1264656301546005 -14.609990119934082 0.06441137233102621 -0.13253241230047436 -0.9890835833256213 -3.693974494934082
0.9929656356792389 -0.10230360763446004 0.059608877066250135 0.42070311307907104 -0.11088402965363937 -0.9800133736747361 0.16516210033307446 -14.337543487548828 0.04152081800610023 -0.17060996243958373 -0.9844634388277036 -3.665722608566284
0.9911803581019089 -0.12507593547469847 0.04378936032988395 0.5342382788658142 -0.13143352527427532 -0.970057827561256 0.20423770372071987 -14.06566333770752 0.01693298989983093 -0.20819179030947688 -0.9779414360281432 -3.639150381088257
0.9883609282379594 -0.14943098410945205 0.028514145974928344 0.6493554711341858 -0.15185816203298091 -0.9579854470412438 0.2433166288627908 -13.794072151184082 -0.00904290642237012 -0.24481475495825175 -0.9695277002737813 -3.613945245742798
0.9844656947559753 -0.17501101151774276 0.014086933526198993 0.7654101252555847 -0.17183449722409386 -0.9438977813174134 0.28201043240952545 -13.522509574890137 -0.03605830573360194 -0.2800502174103801 -0.9593079142361025 -3.5900585651397705
0.9795024763036098 -0.20143065254913428 0.0007688489621571898 0.8812695145606995 -0.19108479609132334 -0.9279722427956245 0.3199283002542855 -13.250468254089355 -0.06372989579337197 -0.3135174776858362 -0.9474414449282222 -3.567275285720825
0.9735289880217839 -0.22828769604289478 -0.011226634255569218 0.9950194954872131 -0.20938469973443302 -0.9104583468009693 0.3566842388690132 -12.97696304321289 -0.09164800597068523 -0.34489176066683996 -0.9341575436861411 -3.5483884811401367
0.9666521611252832 -0.2551688179368568 -0.02173646117764373 1.103671908378601 -0.22656401826565672 -0.8916731250535657 0.3919027732544486 -12.700658798217773 -0.11938318566338875 -0.37390896273012214 -0.9197498260782362 -3.5384373664855957
0.9590245477593449 -0.28166050357819994 -0.030647634803661727 1.2059764862060547 -0.2425104121001983 -0.8719918772138955 0.425228016593425 -12.421513557434082 -0.1464944258938742 -0.40037173576198026 -0.9045672204899771 -3.539433479309082
0.9508402764403406 -0.30735412553331437 -0.03789736424223168 1.3012499809265137 -0.25716511888442223 -0.8518400554357725 0.4563273184725425 -12.139941215515137 -0.17253657678306283 -0.4241485134629519 -0.8890045940258974 -3.5521678924560547
0.9423284952812124 -0.3318546620483555 -0.043468267251154144 1.3904296159744263 -0.27052122194051603 -0.8316816543313558 0.48489575614607056 -11.856830596923828 -0.19706667770289338 -0.4451719994849533 -0.8734910505630341 -3.575029134750366
0.9337463431183771 -0.35478536078038136 -0.04738263910962266 1.4757031202316284 -0.28261733765658925 -0.8120094528717564 0.5106545690609381 -11.573071479797363 -0.21964791637745967 -0.46343068114103714 -0.8584793512998404 -3.605156183242798
0.9253699990071179 -0.3757934738003735 -0.04969537188325271 1.5594531297683716 -0.2935295991571905 -0.7933311979477581 0.5333535270169256 -11.289301872253418 -0.23985566358997198 -0.47896229017723657 -0.8444313975877443 -3.63946270942688
0.917488017761831 -0.3945468098765267 -0.05048318610906023 1.643007755279541 -0.30335783359805246 -0.776162338081978 0.5527621999900261 -11.00588321685791 -0.2572737103906313 -0.491838225191346 -0.8318085105253878 -3.676650285720825
0.9103899565317095 -0.4107393350263221 -0.04983297812018489 1.7284374237060547 -0.31221675931728954 -0.761011533923599 0.568666985534294 -10.723363876342773 -0.2714973706090021 -0.5021500213057707 -0.8210569613948915 -3.715751886367798
0.9043586788952346 -0.42408450187999713 -0.04783006556613151 1.818789005279541 -0.320217122746318 -0.7483736916568035 0.5808595457905785 -10.442567825317383 -0.2821282938787517 -0.5099893654784993 -0.8125973621000145 -3.7548046112060547
0.8996603125185629 -0.434312496057469 -0.04454186623091995 1.9253710508346558 -0.3274495704746193 -0.7387176149914139 0.5891290725277314 -10.16727066040039 -0.2887699791789124 -0.515430830538617 -0.8068103606519208 -3.7887401580810547
0.8989799450992677 -0.4357202967443043 -0.04452955551510468 2.009648323059082 -0.3272019062923814 -0.7356916201260169 0.5930402622039992 -9.893407821655273 -0.29115969986924534 -0.518561146906912 -0.8039405239758965 -3.786552667617798
0.8994326380640878 -0.43495443133854855 -0.04284357879584738 1.9158202409744263 -0.32736668397798857 -0.735396631970785 0.5933151337251411 -9.612646102905273 -0.2895720701420147 -0.5196214356096044 -0.8038293225857602 -3.765869140625
0.9008840349924125 -0.4322452853412178 -0.03964806169384223 1.82470703125 -0.3278949330117113 -0.7375474211405166 0.5903462665878547 -9.331098556518555 -0.2844167161069034 -0.5188331281532264 -0.8061757356369035 -3.7491209506988525
0.9031640496326947 -0.42785971395540856 -0.03508225513086871 1.736269474029541 -0.3287247994148982 -0.7418267561803267 0.5844938580212873 -9.048979759216309 -0.2761063304249042 -0.5163614325150261 -0.810639355885417 -3.733642578125
0.9060817822795298 -0.4220884994487647 -0.029276312169413884 1.642910122871399 -0.32978676480294455 -0.747899454580189 0.5760964290806386 -8.7687349319458 -0.2650594151920624 -0.5123355389505456 -0.8168572714656434 -3.718867063522339
0.9094390472995277 -0.4152354553511164 -0.022363717630992402 1.5410937070846558 -0.331008707594348 -0.7554232221487778 0.5654812029900538 -8.491728782653809 -0.2517019164481017 -0.5068681012430256 -0.8244579268820473 -3.7046873569488525
0.9130414787180738 -0.40760905046126517 -0.014495520769490636 1.4284570217132568 -0.33231990449631854 -0.7640592370328363 0.5529710330391255 -8.2191743850708 -0.23647143424919354 -0.5000683396165626 -0.833074376329787 -3.691113233566284
0.9167091693582041 -0.39951236012289476 -0.005845761167372329 1.3031054735183716 -0.33365483743042595 -0.7734796436291183 0.5388911674453837 -7.952445983886719 -0.21981525941996738 -0.4920560079913739 -0.8423551131949789 -3.678173780441284
0.920283960468302 -0.391236493826942 0.0033820116467374733 1.1633203029632568 -0.3349559378583679 -0.7833723083250661 0.5235764951207028 -7.693202972412109 -0.20219285793073571 -0.48297187542077363 -0.8519719571408102 -3.665966749191284
0.9236358111214912 -0.38305230953243236 0.012954403722868282 1.0074023008346558 -0.3361759168602117 -0.7934461508556684 0.5073745742698588 -7.443517684936523 -0.1840723807015638 -0.47298428499707473 -0.8616282404892871 -3.6545896530151367
0.9266664174747029 -0.37520415466850315 0.02260957859168422 0.8337500095367432 -0.3372789467942417 -0.8034337781381552 0.4906496470965988 -7.206005573272705 -0.16592848692725032 -0.4622942855650974 -0.8710635629848661 -3.6441893577575684
0.9293103855771878 -0.3679053463224019 0.032060308884546335 0.643261730670929 -0.3382413034797409 -0.8130936024915367 0.4737843541186864 -6.981576919555664 -0.14823976483624357 -0.4511368414735473 -0.8800571131390094 -3.63482403755188
0.9315343526675631 -0.3613347468021737 0.040999396991091605 0.4410742223262787 -0.33905075079982894 -0.8222106836922093 0.4571806863860964 -6.770327091217041 -0.1314851253271504 -0.4397803910769544 -0.8884283141829198 -3.6264843940734863
0.9333336643397178 -0.35563566403121544 0.04910748903447525 0.23011718690395355 -0.3397056610394125 -0.8305960036841012 0.44125994892101394 -6.570641994476318 -0.11613929080190905 -0.42852485707724886 -0.8960346600433226 -3.619130849838257
0.9347264834909791 -0.3509189201718121 0.05605633350512194 0.012558593414723873 -0.3402125921200961 -0.8380850022122267 0.42646092579491607 -6.381059646606445 -0.10267323518577381 -0.41769539204111544 -0.9027672824400014 -3.612724542617798
0.9357463812947394 -0.34726695469727814 0.061517250174876456 -0.20978514850139618 -0.34058380630839186 -0.8445344377673759 0.4132363177473998 -6.200058460235596 -0.09154988134502205 -0.4076361681698776 -0.9085435452555323 -3.6073436737060547
0.936432641125541 -0.3447424407042975 0.06516562139570435 -0.4346289038658142 -0.34083357780542956 -0.8498165962622259 0.402050027928908 -6.025138854980469 -0.08322488134563234 -0.39870340140827665 -0.9132957991967754 -3.6029295921325684
0.9368190395188106 -0.34339929262988844 0.06668592817338176 -0.66015625 -0.3409741998772562 -0.8538134968273622 0.39336892054850614 -5.853918552398682 -0.07814526353604645 -0.3912536753267939 -0.9169590390688985 -3.5998241901397705
0.9369204787687537 -0.34329882806958506 0.06577181090542343 -0.8818163871765137 -0.3410111411592546 -0.8564062761397464 0.38765924701174836 -5.680534362792969 -0.07675557353698977 -0.385634807602351 -0.9194533033800605 -3.598701000213623
