1.0000000000000002 -0.0 0.0 55.37464141845703 0.0 0.7178450002667984 0.6962029557477908 -26.44031524658203 -0.0 -0.6962029557477908 0.7178450002667984 -0.9904650449752808
0.9998069137872166 0.016469420131346005 0.010718831271082217 55.461814880371094 -0.01923680037475208 0.7090121790185917 0.7049338093144986 -26.359899520874023 0.004010069154348005 -0.7050038923324078 0.7091920974894825 -0.9215728640556335
0.9991351734250161 0.034592794442535796 0.023070409567655274 55.45050048828125 -0.04068569686471893 0.6988934516748667 0.7140676559518873 -26.239547729492188 0.008577837466115543 -0.7143887469568981 0.6996964619931686 -0.8790765404701233
0.997861024856322 0.05399272690104084 0.03685322936298013 55.4008674621582 -0.06391523596139309 0.6875076099174776 0.7233589212262175 -26.13121795654297 0.01371924504811559 -0.724167157324431 0.6894880061088537 -0.8568188548088074
0.9958875345093348 0.0742942923297198 0.0518495586880425 55.346004486083984 -0.08848934191545137 0.6749017570333301 0.7325825924226524 -26.034852981567383 0.01943334701714987 -0.7341580051191637 0.6787004998842723 -0.8418639898300171
0.9931515415786434 0.09513087697338694 0.06782427077557672 55.293025970458984 -0.11397149189234947 0.6611596527399904 0.7415378699868048 -25.94802474975586 0.025700476567498753 -0.744189512043142 0.6674739363220064 -0.830615222454071
0.9896290039268603 0.11614710814209805 0.08452386560586181 55.24384689331055 -0.13992676300975893 0.646406015990097 0.7500531737719804 -25.86985206604004 0.03247977186405057 -0.7541015261634456 0.6559542306118781 -0.8219048976898193
0.9853383085065744 0.1370034356395204 0.10167829863038826 55.19930648803711 -0.16592675449728111 0.6308068780769561 0.7579914212659685 -25.799928665161133 0.039708058771509055 -0.7637491349872495 0.6442907176693037 -0.8149816989898682
0.9803418119179611 0.1573799253216649 0.11900206263404188 55.15976333618164 -0.19155315516222482 0.6145697204693534 0.7652525383359519 -25.73805046081543 0.047300322967247 -0.7730042805754493 0.6326350145694011 -0.8096539378166199
0.9747454551556095 0.1769789975782209 0.1361974011121051 55.12551498413086 -0.21640199249116598 0.5979424401241137 0.7717739409595752 -25.684049606323242 0.05514957206848384 -0.7817565303306577 0.6211402836606513 -0.8055968880653381
0.9686968162990471 0.1955275747933735 0.15295569812044213 55.0963134765625 -0.24008570477656702 0.5812093185685175 0.7775310812893967 -25.6380558013916 0.06312948957523104 -0.7899143596014324 0.6099589920981816 -0.8021819591522217
0.9623811352509003 0.21277768276874268 0.16896215028447223 55.072479248046875 -0.2622364294632312 0.5646853049365073 0.7825359809306787 -25.599863052368164 0.07109574934947965 -0.7974058967077733 0.5992405446230319 -0.799747884273529
0.9560159614690638 0.22850679198908713 0.18389705661385045 55.053611755371094 -0.2825064302185409 0.5487127129608604 0.7868319232976692 -25.569650650024414 0.078889785787251 -0.8041759786576496 0.5891327499371031 -0.7977410554885864
0.9498441944990047 0.24251524190193932 0.19743951889573977 55.03947067260742 -0.30056801092863333 0.5336526808471904 0.7904895236693602 -25.547502517700195 0.08634162948973265 -0.810185888342824 0.5797792246598762 -0.7958770394325256
0.9441265097617251 0.2546215175361548 0.20926781016852233 55.03009033203125 -0.3161093825615534 0.5198787484639352 0.7935999906452404 -25.53335952758789 0.09327374669056962 -0.8154103075772086 0.5713195589817887 -0.7942248582839966
0.9391310410335587 0.26465819128503953 0.2190637568219716 55.02559280395508 -0.32883387161904754 0.5077684741775039 0.7962659489815433 -25.527090072631836 0.09950463629023654 -0.8198336528937937 0.5638897134542948 -0.7929888963699341
0.9351244415194385 0.272462732147498 0.2265090251263271 55.018959045410156 -0.3384493563391919 0.4976970607089435 0.7985923045930664 -25.51646614074707 0.10485376515197259 -0.8234450165933357 0.5576235222630551 -0.7923284769058228
0.9340787086070537 0.2754051502374966 0.22726409604167924 55.01001739501953 -0.3399768207256358 0.49141739164265325 0.8018258592490146 -25.501266479492188 0.10914544193995719 -0.8262329879723962 0.5526538899618263 -0.7928655743598938
0.9337576371828286 0.2768854647116435 0.22678429053653373 54.99896240234375 -0.33985994287935245 0.48729162620595234 0.8043892653781515 -25.48170280456543 0.11221360981977627 -0.8281795158424146 0.5491145557260702 -0.7937945127487183
0.9335765198382433 0.27770239436648503 0.2265309289475397 54.985877990722656 -0.3397940404461536 0.4849947745749975 0.8058039952198209 -25.457807540893555 0.11390738204344716 -0.8292535491621779 0.5471413524108186 -0.7949041724205017
0.9335561076052834 0.2777817441991734 0.2265177620906082 54.97128677368164 -0.3397866244719942 0.4846948401582504 0.8059875692303797 -25.429298400878906 0.11409664229415495 -0.8294023236726753 0.5468763495558813 -0.7963610887527466
0.9374787053063318 0.2715930570135044 0.21764854348059193 54.95521926879883 -0.32928371304388665 0.4895943411834051 0.8073844297515397 -25.395612716674805 0.1127205102064175 -0.8285738304238476 0.5484154393482719 -0.7995812892913818
0.9428953091928146 0.26231158274763294 0.20528290103809904 54.93718719482422 -0.3144327075225038 0.49758664387609286 0.8084179638505034 -25.35735321044922 0.10991136584654841 -0.8268011643633297 0.5516514536056152 -0.803587019443512
0.9494197812604459 0.25012896491351105 0.189835665412648 54.9189453125 -0.29562677792431374 0.5081858401171976 0.8089202433358106 -25.313800811767578 0.105862586051238 -0.824125386586091 0.5564265091266506 -0.8082006573677063
0.956646763295188 0.23523108880592716 0.1717361497647435 54.899803161621094 -0.27325946474109275 0.5208857761994307 0.8087071615130709 -25.265344619750977 0.10077814845616034 -0.820575616876528 0.5625828132652592 -0.8134253025054932
0.9641724379136342 0.21781182914512984 0.1514249551828633 54.88148498535156 -0.24773359133365583 0.5351736906939903 0.8075996461823782 -25.211454391479492 0.09486610402355844 -0.8161783676828405 0.5699590287327374 -0.8185400366783142
0.9716116201285347 0.19808620152504652 0.12935500143629095 54.86334991455078 -0.21947303228441778 0.550541653913654 0.8054411681841831 -25.15244483947754 0.08833146512476231 -0.8109659327440317 0.5783872476096925 -0.8236809968948364
0.9786135213306119 0.17630109937571134 0.10598819853085367 54.84906005859375 -0.18892959963220893 0.5665010072257073 0.8021110990349606 -25.087526321411133 0.08137064735955676 -0.8049810750391432 0.5876940416382592 -0.827014148235321
0.9848763033853353 0.15273908630686597 0.08178898791512791 54.837215423583984 -0.15658278213746493 0.5825941233301812 0.7975374096550135 -25.01748275756836 0.0741653515337747 -0.7982824431085037 0.5976994576345124 -0.8288446068763733
0.9901576825306112 0.12772383223272402 0.05722225445922288 54.82950973510742 -0.12294355884073856 0.5984026499517225 0.7917064796187597 -24.942195892333984 0.0668778368757763 -0.790949360711887 0.6082158035798428 -0.8281604051589966
0.9942844840897263 0.10161808884139152 0.03274337671422785 54.82991027832031 -0.08854760386840925 0.6135605646903106 0.7846672895604037 -24.86237907409668 0.059646345634833786 -0.7830818587332553 0.6190517877974989 -0.8222790360450745
0.9971582067545806 0.07482109039042946 0.008792902522852197 54.83660888671875 -0.05395100321594547 0.6277600145455586 0.7765350303687227 -24.779020309448242 0.05258136508290972 -0.7748026642768772 0.6300127232647532 -0.8119146823883057
0.9987575238063243 0.04776509788673858 -0.014209294990580861 54.850101470947266 -0.01972483508910319 0.6407570510545799 0.7674902816352437 -24.692760467529297 0.04576395438515719 -0.766256417231013 0.6409030843515457 -0.7965453863143921
0.9991377000759494 0.02090655170271665 -0.035871609705221116 54.87088394165039 0.013555327721533972 0.6523762018907971 0.7577740720669319 -24.60438346862793 0.03924422731184665 -0.7576068949675943 0.6515302627815968 -0.7756133675575256
0.9984262095815615 -0.005279442604131202 -0.055832172681934224 54.89915084838867 0.04531384545133338 0.6625058732714852 0.7476848422237802 -24.51486587524414 0.033041783108789864 -0.7490381134271981 0.6617024597222042 -0.7490929961204529
0.9968152328588078 -0.030308221941770623 -0.0737618005702753 54.932029724121094 0.07498281258194187 0.6710992482019458 0.7375658457928246 -24.423152923583984 0.027147179557774914 -0.7407477375905455 0.6712345490933451 -0.7188403010368347
0.9945508522635079 -0.05369190358178741 -0.0893632013285875 54.96931457519531 0.10200602470079792 0.6781640063332994 0.7277969163432259 -24.32925796508789 0.021526104772341438 -0.7329466283459747 0.6799454881162148 -0.6849389672279358
0.9919193739762346 -0.07494665451302987 -0.10236676466460941 55.010746002197266 0.12584113152937848 0.683753396480442 0.7187804271242126 -24.23314666748047 0.016123434683734367 -0.7258541807958154 0.6876596127992651 -0.6475366353988647
0.9892308968224014 -0.09359740372762446 -0.11252448083592895 55.05631637573242 0.1459591396628752 0.6879509178637704 0.7109285928694027 -24.13487434387207 0.010870249344912125 -0.7196965059147111 0.6942036999709347 -0.6067785620689392
0.9868004220171807 -0.10918211005952805 -0.11960014192994646 55.10484313964844 0.16184108442839173 0.6908537281241786 0.704647848026208 -24.03363037109375 0.005691265040077373 -0.7147030104734922 0.699404901557296 -0.5634002685546875
0.9849265108017371 -0.12125385811194792 -0.12335830013778287 55.155784606933594 0.17297254839321866 0.6925536478255481 0.700321313673861 -23.92892837524414 0.0005155795489970236 -0.7111026274571725 0.7030880367359655 -0.5179027915000916
0.9838412686208918 -0.12948786104500704 -0.12364971492253006 55.208152770996094 0.17898101475579575 0.6931347075959916 0.6982335379246722 -23.819826126098633 -0.004706858338598005 -0.7090819211965624 0.7051103988148042 -0.47132688760757446
0.9836043079967474 -0.13399516318107857 -0.12069739655152374 55.26000213623047 0.18006441300836645 0.6927186709466396 0.6983678472623677 -23.704233169555664 -0.009968573528448446 -0.7086509289953674 0.7054888293770573 -0.42674437165260315
0.9841733730015358 -0.1350043032328476 -0.11478941581606353 55.31708908081055 0.1765535113996984 0.6913792507898855 0.7005880310065631 -23.583492279052734 -0.015219378673795053 -0.7097665599940799 0.7042725330629853 -0.38868772983551025
0.9854448089081963 -0.132754740830642 -0.10618242501881872 55.39448165893555 0.1687696476846651 0.6891316215598674 0.7047087442246345 -23.466171264648438 -0.02037975996625093 -0.7123719442491094 0.7015061499591156 -0.36161375045776367
0.9872686717416337 -0.12749382977874194 -0.09510990046183382 55.494110107421875 0.1570291720259603 0.6859422924274978 0.7105103873921554 -23.359195709228516 -0.02534578723086204 -0.7163996753402799 0.6972295864648814 -0.34153318405151367
0.989462601002838 -0.1194741820298066 -0.08179047038015916 55.60915756225586 0.14164824132199544 0.6817429928535929 0.7177480528886248 -23.261260986328125 -0.02999228145848197 -0.7217703315621494 0.6914825026922811 -0.3235424757003784
0.9918242558091472 -0.10895591304872669 -0.06643233098687515 55.7336311340332 0.12294812173686605 0.6764419443400365 0.7261611772181489 -23.16794204711914 -0.03418193894453895 -0.7283919995093229 0.6843074529046154 -0.3049798607826233
0.9941429323236832 -0.09620336165623923 -0.04924168271807038 55.86432647705078 0.10125932841802064 0.6699326550903572 0.7354840488086166 -23.07556915283203 -0.037767426695496605 -0.7361624486820982 0.6757503019837853 -0.28545042872428894
0.9962099369243644 -0.08148633544757439 -0.03042595452042538 55.999149322509766 0.07692525726772514 0.6621066671882243 0.7454510487343861 -22.98128318786621 -0.040598846873376955 -0.7449662666189839 0.6658655984748911 -0.2651861608028412
0.9978280670994321 -0.06507778953240688 -0.010199500879312772 56.13705825805664 0.050304722092727426 0.6528587611683009 0.7558074310966815 -22.883548736572266 -0.042527443419335814 -0.7546789511278073 0.6547145158623322 -0.24433410167694092
0.9988200290698607 -0.04725239163486516 0.01121432181045066 56.2761116027832 0.02177274681985581 0.6420992998747714 0.7663122317934428 -22.779693603515625 -0.043410793874352066 -0.7651638390469808 0.6423704557263549 -0.22318725287914276
0.9990357432636601 -0.028283629840462454 0.0335800530772932 56.41532897949219 -0.008279424206631943 0.6297567656990029 0.7767482650068409 -22.668642044067383 -0.04311652602463194 -0.7762773037641759 0.6289153463258694 -0.20188964903354645
0.998358367369531 -0.008441416474668562 0.056650796915366036 56.55311584472656 -0.039446628519785955 0.6157854805917462 0.7869257940815094 -22.548818588256836 -0.04152750656693538 -0.7878686339614577 0.6144416016335807 -0.18069030344486237
0.9967091024351675 0.012009923796461392 0.08016686880056159 56.68678283691406 -0.07131062088213319 0.6001696474772679 0.7966876361513445 -22.41788101196289 -0.03854556358762882 -0.7997825679379463 0.5990509857685712 -0.15997985005378723
0.9940504808953051 0.03281789964301066 0.1038586871418748 56.81159210205078 -0.10344694235606425 0.5829261440281381 0.8059130478691032 -22.27245330810547 -0.03409357049347678 -0.8118621164160251 0.5828529251702343 -0.14040404558181763
0.9903884748013434 0.05374277631527234 0.12744560790625703 56.91879653930664 -0.13542538629072015 0.5641059713782749 0.8145209744404267 -22.108245849609375 -0.028118209912404372 -0.8239515562515187 0.5659621888624915 -0.12311340123414993
0.9857725858733879 0.07456462168594447 0.1506403867936026 56.996883392333984 -0.16681856827499147 0.543796924943297 0.8224697378632823 -21.923198699951172 -0.020590634258716364 -0.8358977339453949 0.5484988643249662 -0.11012572795152664
0.9802950189303873 0.0950825742697329 0.17315016584026793 57.04661560058594 -0.19720347302633348 0.5221197175926089 0.8297600802204012 -21.723644256591797 -0.011509391236018268 -0.8475554876061243 0.5305819723116506 -0.10414306074380875
0.9740878256608677 0.11512134092828938 0.19467918420354002 57.074363708496094 -0.2261683012666785 0.49922984059373865 0.8364313873611484 -21.515226364135742 -0.0008985551893275351 -0.8587878918124214 0.5123305080462697 -0.10754333436489105
0.9673189213385162 0.1345322844175384 0.2149306140825174 57.08953857421875 -0.2533156640725357 0.4753113388279582 0.8425617517529881 -21.30150604248047 0.011192799291495803 -0.869471216102622 0.4938567865414505 -0.12254699319601059
0.9601733956366353 0.153210702649476 0.23365258591607208 57.1030158996582 -0.27831263553584507 0.45058172080189296 0.848244180516611 -21.084619522094727 0.024680502683403036 -0.8794899621217169 0.4752770553208262 -0.15152648091316223
0.9527974883156483 0.17113943523263653 0.2507752778238845 57.12956237792969 -0.30103700549358453 0.42529892593120766 0.8535206763314037 -20.867877960205078 0.039416590198136134 -0.8887249953219586 0.4567430515148937 -0.1991778463125229
0.9453207236679072 0.1883308890299073 0.2662709252644553 57.18393325805664 -0.32143177249103677 0.3997356028579416 0.8584247570061504 -20.65445327758789 0.05522992881812151 -0.8970746479780837 0.43841388084519234 -0.26745665073394775
0.9378668816715896 0.20480841912364445 0.2801057366775669 57.27018737792969 -0.3394555059532909 0.3741702603409261 0.8629985954533176 -20.44913101196289 0.07194214162508746 -0.9044612361690673 0.42044524081730156 -0.35261473059654236
0.9359325198839679 0.21518292810756046 0.2787949527425181 57.379920959472656 -0.34065154792224905 0.352256096162001 0.8717064675766052 -20.249073028564453 0.08936912846068315 -0.9108303630027733 0.4029903332716733 -0.4476403594017029
0.9342649375149443 0.22578787173334447 0.27598707127023975 57.50825500488281 -0.3400445847452418 0.3311905956026607 0.8801604795546043 -20.049840927124023 0.10732523894980929 -0.9161509844793498 0.386197704190334 -0.5416766405105591
0.9322481973965773 0.2371528539828862 0.2732614541032163 57.64747619628906 -0.3393105816102868 0.3108021350170603 0.8878459112234093 -19.843975067138672 0.12562494839052168 -0.9204132532273798 0.3702132029321346 -0.6262750029563904
0.9298870956536491 0.24913367610375467 0.27063333269915374 57.79132080078125 -0.3384511901005429 0.2912809186930209 0.8947660131704132 -19.62538719177246 0.14408602033628215 -0.9236275428095349 0.35517795667421886 -0.6928961277008057
0.9271977522823615 0.2615871877232038 0.2680978764958833 57.930599212646484 -0.3374723426031472 0.2728141754036564 0.9009355380252058 -19.38810920715332 0.16253229260820934 -0.9258210242362659 0.34123113126095495 -0.727520763874054
0.924207100038769 0.27437425915515556 0.2656313275029667 58.05453109741211 -0.33638385600810594 0.2555842281879627 0.9063788411689018 -19.13155746459961 0.18079584523723616 -0.9270358505552108 0.3285078296332226 -0.7185870409011841
0.9209519635376174 0.2873628909856777 0.26319203966032195 58.1666145324707 -0.33519906631693785 0.23976969425438588 0.9111268186467851 -18.863874435424805 0.1987185617813798 -0.9273257586207297 0.3171401434729261 -0.6786901950836182
0.917477431736401 0.300432245763303 0.26072136076661656 58.26604461669922 -0.3339344646616446 0.2255467987471685 0.9152138629227845 -18.600379943847656 0.21615488790568393 -0.9267519124774023 0.3072587788069833 -0.6183013916015625
0.9138353684992576 0.31347372221210823 0.25814558830689366 58.35960006713867 -0.332608831305951 0.213088672544136 0.9186754502927938 -18.34233856201172 0.2329727121727257 -0.9253796210830796 0.29899209398748383 -0.5491399765014648
0.9100822439142782 0.32639370711163834 0.25537708838083806 58.4526252746582 -0.33124284214779914 0.20256778106091772 0.9215446129200171 -18.08969497680664 0.24905519235262 -0.9232732217680626 0.2924689199354716 -0.4796990752220154
0.906277084417016 0.3391140287138606 0.2523163129685595 58.549461364746094 -0.32985786693057556 0.1941538802429263 0.9238495864644993 -17.84239959716797 0.26430216398017603 -0.9204922304485088 0.2878166426725977 -0.41644591093063354
0.9024791888718597 0.35157255151677225 0.24885348033165408 58.6552734375 -0.32847554027210657 0.18801538090298087 0.9256100885291035 -17.601238250732422 0.278630818640254 -0.9170861233078896 0.28516295225707067 -0.36683225631713867
0.8987457828752777 0.36372369184492087 0.2448695443590419 58.772430419921875 -0.3271167001603044 0.18431950982302714 0.9268338485267098 -17.368650436401367 0.29197719472612454 -0.9130889301099316 0.284636476001518 -0.3301183879375458
0.8951298306932669 0.37553773473801294 0.24023737425905486 58.9018440246582 -0.3258005934280129 0.18323217810670683 0.9275127720027508 -17.147037506103516 0.30429682799036545 -0.9085138296658527 0.2863670053984713 -0.3033953905105591
0.8916777609992685 0.38699969605031626 0.23482335019391526 59.045223236083984 -0.32454415882416465 0.1849152723824678 0.9276192273841855 -16.939329147338867 0.3155659352852375 -0.9033479823947583 0.290483326872426 -0.28474608063697815
0.8884273692014297 0.3981084232626081 0.22848740223737946 59.205989837646484 -0.3233610874146988 0.18952569116919216 0.9271017309512603 -16.750804901123047 0.3257827754805484 -0.8975464866591588 0.29711258385667627 -0.2725933790206909
0.891243729144437 0.40513696603491445 0.20383486947218396 59.3845100402832 -0.3057237877312343 0.2047164834782068 0.9298516693578522 -16.58576202392578 0.33498892649755585 -0.8910416377164099 0.30631228995858695 -0.26648804545402527
0.8944628644373743 0.41089959917758534 0.17634540974515608 59.57894515991211 -0.2864658649472911 0.2237809654452484 0.9315897099712904 -16.448579788208008 0.34332709238055725 -0.8837893407934339 0.31787247244362016 -0.2620013356208801
0.8978910266598402 0.41520660409273275 0.14627091358680533 59.78473663330078 -0.2657421865086205 0.24632740012460663 0.9320428650322201 -16.339445114135742 0.3509598190012006 -0.8757432773739302 0.33151307301675426 -0.25799131393432617
0.9013386419028679 0.41787346261081915 0.11388775991447635 59.99701690673828 -0.24370629612837713 0.27194602694798004 0.9309417810231723 -16.256824493408203 0.3580445416984887 -0.8668489647411782 0.34695385642339577 -0.25407469272613525
0.9046243939538192 0.418729690537666 0.07949938443734059 60.2103385925293 -0.2205151723160384 0.3002060201177312 0.9280352386970553 -16.19328498840332 0.36472971450392344 -0.8570541358323306 0.3639099388730454 -0.24987365305423737
0.9075792544762884 0.41762830542499085 0.043433804255615716 60.42223358154297 -0.19633257994761874 0.3306614058611904 0.9231015939348243 -16.144681930541992 0.371151471633047 -0.8463153272756861 0.3820954748788211 -0.24499328434467316
0.910049928757775 0.41445461940914224 0.00604116035144267 60.6312370300293 -0.17133044518487311 0.36285225582768704 0.915960762802377 -16.107770919799805 0.37743212067962895 -0.8346050616256663 0.40122236401788 -0.23893554508686066
0.911903030604697 0.409131741495951 -0.03231224031941951 60.836429595947266 -0.145689203515286 0.39631460944343827 0.9064818731341389 -16.080535888671875 0.38367632029231513 -0.8219160227433127 0.42100657097575517 -0.23043639957904816
0.9130275903031169 0.40162743712974946 -0.07124620052938371 61.037010192871094 -0.11959884591230749 0.4305815373849081 0.8945924523042286 -16.059246063232422 0.38997017245134036 -0.8082666276717345 0.4411670014749899 -0.2188391089439392
0.9133378576468515 0.3919581388758263 -0.11037560943459274 61.232704162597656 -0.09325644712736386 0.46519359533564597 0.8802829965004868 -16.04341697692871 0.3963801115826076 -0.7937025489613181 0.4614315452091088 -0.20373961329460144
0.9127758412923236 0.38019050075933347 -0.14931659882765316 61.4232292175293 -0.06686409853992689 0.49970566325052 0.8636107007453073 -16.030214309692383 0.4029509348289616 -0.778299064144192 0.48154035227874814 -0.18575377762317657
0.9113125667127191 0.36644244092337275 -0.1876948141041635 61.60832977294922 -0.040625264630570174 0.5336944894002638 0.8447010002702068 -16.013124465942383 0.4097059843658281 -0.762161485168276 0.5012493161101725 -0.16654051840305328
0.908948710997532 0.35088282469096044 -0.22515213548358431 61.78642272949219 -0.014743231574295274 0.5667674979195401 0.8237458591245065 -15.978439331054688 0.41664718635636105 -0.745423266767893 0.5203357334091239 -0.15056395530700684
0.905714946315047 0.3337279823504419 -0.2613542994056821 61.95417022705078 0.01058387466216884 0.5985688937758791 0.8010014113602149 -15.920863151550293 0.4237551387519298 -0.7282450914357226 0.5386006583556218 -0.1408831775188446
0.901670906288614 0.31523867941042494 -0.2959968779501581 62.11083984375 0.03516578966329606 0.6287853670395789 0.7767833220623748 -15.847609519958496 0.43099065417944543 -0.7108118859448493 0.5558718546657136 -0.13786010444164276
0.8969038893079855 0.2957141910500135 -0.3288107822986418 62.26247024536133 0.05882386930650743 0.657150926608521 0.7514601866082946 -15.775615692138672 0.4382957514555892 -0.6933294865135899 0.5720061690111236 -0.1396472156047821
0.89152664085941 0.2754871018070279 -0.3595651615158244 62.41276168823242 0.0813932014193877 0.6834485001580988 0.7254469618065459 -15.71388053894043 0.4455955513698938 -0.6760214525957068 0.586889768380529 -0.14383362233638763
0.8856741650513552 0.254916224243587 -0.38807085948055675 62.56007766723633 0.10272489678941905 0.7075125077861368 0.6991949991996331 -15.65939998626709 0.45280113619577855 -0.6591234861113393 0.6004393067715064 -0.1486486792564392
0.8795008133633666 0.2343798205885228 -0.41417921120460405 62.70361328125 0.12268684701917919 0.7292259805381966 0.6731845266170322 -15.610508918762207 0.45981110998068403 -0.6428806802268965 0.6125995218161159 -0.1536138951778412
0.8731763600225759 0.21426815120209128 -0.437780999676965 62.8427619934082 0.14116404328868717 0.7485181266727132 0.6479145984809741 -15.565775871276855 0.46651447692447306 -0.6275426466964696 0.623341374687318 -0.158477783203125
0.8668690961063032 0.19493019710189327 -0.45884658489919844 62.977108001708984 0.15809063676661508 0.765401490536892 0.6238332380136776 -15.524130821228027 0.47280579605432765 -0.6133211039428862 0.6326862592752529 -0.16312682628631592
0.8606953478113432 0.17652189284062178 -0.4775390451092717 63.106571197509766 0.17354283777023835 0.7800732841054884 0.6011393805795214 -15.48540210723877 0.47862971252792463 -0.6002713492853394 0.6407713363693747 -0.16755126416683197
0.8547425522388836 0.1591230913927924 -0.49405972430239714 63.23097610473633 0.1876281751843462 0.7927641295186671 0.5799316363378554 -15.44904899597168 0.48395334203738266 -0.5883917714704304 0.6477532601205008 -0.1716894507408142
0.84908156401692 0.14279059900506497 -0.508597426735877 63.350242614746094 0.2004496562886805 0.8036834961005633 0.5602791923579938 -15.414777755737305 0.4887539595137117 -0.577670912311976 0.6537705133518324 -0.17556151747703552
0.8437678600973525 0.12755840138424898 -0.5213296965481918 63.46431350708008 0.2121051335269367 0.8130242912558838 0.5422203557220888 -15.3823823928833 0.49301846882064704 -0.5680848141467636 0.658947974682055 -0.17915038764476776
0.8388439426721327 0.11344220184086562 -0.5324206106864834 63.573211669921875 0.22268634058910858 0.8209609365800825 0.5257698491969512 -15.351950645446777 0.496741012558157 -0.5596016506864946 0.6633960800243297 -0.18245117366313934
0.834340380271463 0.10044120663376883 -0.54202185736225 63.68425750732422 0.2322789830418116 0.827651372092908 0.5109204246355676 -15.321027755737305 0.49992259789444654 -0.552181827193434 0.6672125791918105 -0.1856725960969925
0.831707211796756 0.08698343799803163 -0.5483584551726257 63.7974853515625 0.24137750920918868 0.8327848074236358 0.4982031338443645 -15.28999137878418 0.500000011893234 -0.5467205374214694 0.6716372846025938 -0.18873779475688934
0.8292777601961526 0.07490409502080622 -0.5537939806400627 63.91288757324219 0.24959648930415926 0.8369974893979912 0.4869669344714259 -15.258501052856445 0.49999998897109066 -0.542055882073586 0.6754076041460708 -0.19170531630516052
0.8270191910100376 0.06418923662875452 -0.5584970900569858 64.03048706054688 0.2569810564271801 0.8404225370012628 0.47712754682362635 -15.226541519165039 0.4999999943386736 -0.5381168099970294 0.678550148817276 -0.19454406201839447
0.8249380197564045 0.05477107730309072 -0.5625632343580951 64.15032196044922 0.2635857642857952 0.8431647945198202 0.46861036496029684 -15.194225311279297 0.49999980842621866 -0.5348581665950407 0.6811218196478046 -0.19713622331619263
0.8230366771097685 0.0465772271047528 -0.5660752512231416 64.27235412597656 0.26946350673847363 0.8453157078898478 0.4613358565415115 -15.161351203918457 0.5000000466683131 -0.5322329526719647 0.683174968380551 -0.19967345893383026
0.821315371159834 0.03953130062526228 -0.5691030990668208 64.39678192138672 0.2746653411737672 0.8469546309907499 0.45522170796351646 -15.127961158752441 0.5000000114544824 -0.5301934829043056 0.6847589789344275 -0.20187987387180328
0.8197709858171865 0.03355371015015701 -0.5717076869760256 64.52360534667969 0.2792410135155649 0.8481514830456868 0.45018165020156276 -15.093978881835938 0.499999987183118 -0.5286900891283677 0.6859204053491341 -0.20395995676517487
0.8183982948317016 0.02856314117371242 -0.5739410927811791 64.65282440185547 0.283238731774311 0.848967319306736 0.4461281335804935 -15.059365272521973 0.5000000518394406 -0.5276728510312287 0.6867032186069405 -0.20576171576976776
0.8171901552389358 0.024475874221194488 -0.5758482280615894 64.784423828125 0.28670616967525564 0.8494559362768542 0.44297199075579985 -15.02410888671875 0.499999822450676 -0.5270915896740539 0.6871496442873061 -0.20723509788513184
0.8161371193060512 0.0212067158936195 -0.5774690274740526 64.91844177246094 0.2896898196051382 0.849666135407629 0.4406214551728132 -14.98814868927002 0.5000000109079632 -0.5268944235256929 0.6873007024218474 -0.20842711627483368
0.8152289052979145 0.01866963956329648 -0.578837867217877 65.05484008789062 0.29223593453875524 0.8496408228235298 0.4389859117967405 -14.951409339904785 0.4999999905310243 -0.5270312293880998 0.6871958183215638 -0.20905333757400513
0.814453455452687 0.01677776551659696 -0.5799862718077453 65.19361877441406 0.29439016327962964 0.84941974102101 0.4379732130256291 -14.913825035095215 0.5000000006653709 -0.5274510500018652 0.6868736340743898 -0.20915526151657104
0.8137978075969379 0.015442691928091723 -0.5809428987572111 65.33477020263672 0.2961981118659036 0.8490400368297801 0.4374902220474867 -14.875307083129883 0.4999998068774535 -0.528102773261133 0.6863728243428708 -0.20851744711399078
0.814995118511338 0.01488129266875629 -0.5792767075683234 65.47756958007812 0.29663391755554436 0.8480431098952885 0.4391254976823574 -14.834101676940918 0.497786375625469 -0.5297182561396524 0.6867366987092105 -0.2069598287343979
0.816271390704744 0.014357431203250365 -0.5774901565275269 65.62207794189453 0.2970983967765696 0.8469077818135413 0.4409985847329439 -14.78972053527832 0.4954125143249165 -0.5315459277173624 0.6870410230672936 -0.204986572265625
0.8176099313405885 0.013866069996186864 -0.5756055353070358 65.76774597167969 0.2975856193316352 0.8456534561381281 0.443072264183447 -14.740517616271973 0.49290648133316883 -0.5335522132130088 0.6872883211835151 -0.20264464616775513
0.8189945921883715 0.013402775429654068 -0.5736446840832621 65.9128646850586 0.2980896640777626 0.8442993883563414 0.44531011103624685 -14.682353973388672 0.490296247320138 -0.5357041239638632 0.687481404426258 -0.20038451254367828
0.8204096370511335 0.01296341433171952 -0.5716292306403618 66.05626678466797 0.2986045977173315 0.8428652239080995 0.44767567339360786 -14.61396598815918 0.4876098047165359 -0.5379685531843045 0.6876238173078999 -0.19884642958641052
0.8218390264493849 0.012545059289759075 -0.569581632509462 66.19678497314453 0.29912491273524083 0.8413705721083311 0.45013314360446105 -14.534573554992676 0.48487617098168684 -0.5403130406324802 0.6877186320993651 -0.1985308825969696
0.8232676175819453 0.012144636142404824 -0.5675235128643716 66.33366394042969 0.29964483660628416 0.8398359009821783 0.45264625406231546 -14.444300651550293 0.4821238448118297 -0.5427044934717434 0.6877706238488508 -0.19980163872241974
0.8246804174682005 0.011759923315197318 -0.5654767132677482 66.46696472167969 0.30015906586143026 0.8382816467607803 0.45517954247222914 -14.344353675842285 0.4793816269170815 -0.5451106171298217 0.6877846108097192 -0.20276427268981934
0.8260625955321899 0.011389727216550655 -0.5634632750912473 66.59691619873047 0.3006621626393271 0.836728763992426 0.45769775995164114 -14.235897064208984 0.47667898235569905 -0.5474990864116942 0.6877658745232244 -0.207427978515625
0.8274000433190771 0.011032906039483953 -0.5615046244688583 66.7225341796875 0.3011488698164212 0.8351986252599928 0.4601658555044156 -14.11871337890625 0.4740448570798778 -0.5498377318338042 0.6877208315355702 -0.2142651379108429
0.8286788076544521 0.010688157205046761 -0.5596223700317525 66.84285736083984 0.3016143683893645 0.8337133663267295 0.46254815488685874 -14.001835823059082 0.4715084373852501 -0.5520940011480951 0.6876568965485672 -0.22180114686489105
0.829885335177515 0.010355586061857908 -0.5578378727682615 66.95780944824219 0.3020534746990986 0.832295205359211 0.4648100575055037 -13.885211944580078 0.46909916742572094 -0.554235918155242 0.6875816447136378 -0.2300836145877838
0.8310064259061032 0.010034994501497474 -0.5561722925390292 67.06781768798828 0.3024615560915851 0.8309666753516028 0.4669169000387125 -13.76941967010498 0.4668461493783808 -0.5562316813527067 0.6875034468787191 -0.23912718892097473
0.832029101693154 0.009726655984894028 -0.5546467038566397 67.17427825927734 0.3028337792975047 0.82975081045009 0.468833973463751 -13.655754089355469 0.46477873881243065 -0.5580492672880868 0.6874312614561227 -0.24830688536167145
0.832940553720879 0.009431105738968437 -0.5532821054504617 67.27650451660156 0.3031655148488393 0.8286706676107455 0.4705269336052929 -13.543665885925293 0.46292624096457713 -0.559657018973319 0.6873742187049967 -0.25817441940307617
0.8337282785796009 0.009147964780064688 -0.5520991507302638 67.3757095336914 0.30345217681108194 0.8277501049359914 0.47196031630537694 -13.434199333190918 0.4613176063031973 -0.5610223511758139 0.6873427002564663 -0.2679937779903412
0.8343795626160301 0.00887788498504849 -0.5511187972178725 67.47154235839844 0.30368928355419283 0.8270122717112864 0.4730999064608641 -13.32707691192627 0.4599821350259413 -0.5621137657068447 0.6873460190179668 -0.27828001976013184
0.8348818368426271 0.008621148031809855 -0.5503616940857115 67.5644302368164 0.3038721104246308 0.8264804951261351 0.47391110103281936 -13.222660064697266 0.4589488631823393 -0.5628993400090924 0.6873938274388025 -0.2885778844356537
0.8352225491071525 0.008376709892491424 -0.5498482737940777 67.65455627441406 0.30399610667916754 0.8261783266823829 0.4743582397768651 -13.121098518371582 0.4582462881321116 -0.5633464327140758 0.6874962808346434 -0.29899901151657104
0.8353886352749367 0.008144019534863656 -0.5495994022916098 67.74913024902344 0.3040565392869049 0.8261285270898931 0.4744062369374528 -13.014140129089355 0.457903318365733 -0.5634228710960352 0.6876621404116637 -0.3105706572532654
0.8354432041686346 0.008119598515690912 -0.5495168102327614 67.84840393066406 0.3038531402055864 0.8263418657329661 0.4741649397880072 -12.901988983154297 0.45793877516066384 -0.5631102849859024 0.6878945305404356 -0.32290709018707275
0.8353011734056487 0.008054448640529649 -0.5497336405608115 67.95254516601562 0.30365401941946746 0.826793049088858 0.473505533725585 -12.784865379333496 0.4583297788683909 -0.5624485575014363 0.6881754383636526 -0.3368475139141083
0.8349978675772874 0.008018053825475518 -0.5501947582031608 68.06156158447266 0.30340964208358423 0.8274433648392048 0.472525202581075 -12.662736892700195 0.45904373455270475 -0.5614919311944085 0.688480690340317 -0.3517248332500458
0.8345685540247201 0.008079003118125677 -0.5508448586868224 68.17605590820312 0.3030704369798284 0.8282543140114015 0.47132059317449604 -12.536277770996094 0.4600474311002551 -0.5602941379580196 0.68878649820386 -0.3684753477573395
0.834048083498582 0.008306796352886475 -0.5516292156391774 68.29618835449219 0.3025865503217383 0.8291874260535931 0.46998892757064736 -12.405613899230957 0.46130811176125286 -0.5589089457227973 0.6890686587084763 -0.386788934469223
0.8334717410628567 0.008770509123964348 -0.5524924750793956 68.42217254638672 0.3019085961976351 0.8302040349809686 0.4686282746946579 -12.271048545837402 0.46279159066649367 -0.5573906515820165 0.6893037103754421 -0.4069317579269409
0.8328737962441799 0.00953996064266946 -0.5533807266979439 68.55485534667969 0.3009873671375509 0.8312663002146892 0.4673360064781947 -12.13349437713623 0.46446511640102023 -0.5557925217905675 0.6894685115132294 -0.42943480610847473
0.8322889051872049 0.0106853548565356 -0.5542391194185716 68.6937026977539 0.2997741495900257 0.832335599921569 0.46621122717152425 -11.992432594299316 0.4662945823616877 -0.5541689925417982 0.6895404920418725 -0.4536822438240051
0.8317508790228068 0.012276148362150185 -0.5550133074316133 68.8390884399414 0.29822065894534827 0.8333744710882226 0.4653508671063449 -11.848294258117676 0.46824663781279857 -0.5525724270354206 0.6894989478289246 -0.4797528088092804
0.8312929567515334 0.014383806477059363 -0.5556483835723127 68.9913558959961 0.296278935283929 0.834343529780941 0.46485445767433664 -11.701464653015137 0.47028801022598365 -0.5510571480562708 0.6893222809497561 -0.5074560642242432
0.8309476145715349 0.0170793951386764 -0.5560884426955598 69.15078735351562 0.2939012403283979 0.8352029596680256 0.46482047835180385 -11.552217483520508 0.4723855657948338 -0.5496765507309435 0.6889902516039159 -0.536228597164154
0.8307458557807991 0.020433560401421302 -0.5562767231444695 69.3176040649414 0.2910403332183813 0.8359117953640912 0.4653461021769869 -11.400678634643555 0.4745069520493466 -0.548483308752876 0.6884832695689387 -0.5649969577789307
0.8307174103195463 0.02451754639224568 -0.5561541819593654 69.4919204711914 0.28764850836562933 0.8364266455075086 0.466528458210306 -11.246743202209473 0.4766203099187185 -0.5475302335067542 0.687781741229748 -0.591984212398529
0.8308897555724754 0.029402055649649178 -0.5556597278985469 69.6736831665039 0.28367813166851774 0.8367013712946277 0.468462947186593 -11.09002685546875 0.4786950299488928 -0.5468695771363264 0.6868658776682419 -0.614133894443512
0.8312881370623997 0.03515774926496425 -0.5547287317653079 69.86177062988281 0.27908079540257813 0.8366857689695822 0.4712439215960703 -10.928892135620117 0.4807015111446909 -0.5465536173793023 0.6857151015639147 -0.6251965165138245
0.8319346812427981 0.04185357254626748 -0.5532928380257219 70.0526123046875 0.2738073962579664 0.8363256467998395 0.47496202191255554 -10.760125160217285 0.4826118480724198 -0.5466330496502606 0.6843084926626142 -0.6213976740837097
0.8328481339100146 0.04955752668391575 -0.55127854791528 70.24327850341797 0.2678078414240861 0.8355604198071126 0.479705894193029 -10.581740379333496 0.4843995725786494 -0.5471588767448947 0.6826230421578859 -0.6030529737472534
0.834042989434255 0.05833528160644402 -0.5486066775892066 70.4315185546875 0.26103019036321534 0.8343235100683816 0.4855589771244256 -10.392520904541016 0.4860406685602701 -0.5481799663131368 0.6806344048300921 -0.572221040725708
0.8355287818183694 0.0682504760582644 -0.5451912758573199 70.61898803710938 0.2534208108672115 0.8325397426114001 0.4926007202511472 -10.194082260131836 0.4875136381400185 -0.549744894919784 0.6783148259747233 -0.5344530940055847
0.8373094802411976 0.07936221748200827 -0.5409385110477478 70.80658721923828 0.24492403061425944 0.8301254396554729 0.5009031579701544 -9.987201690673828 0.4887996046703406 -0.5518998032914548 0.6756341862287407 -0.4920446574687958
0.8393729273682139 0.09169772677055167 -0.5357654484066966 70.9949951171875 0.23550184415076536 0.8270001830150431 0.5104993425017061 -9.772377014160156 0.48988975311074234 -0.5546730786672442 0.6725665807924873 -0.4464977979660034
0.8416638403673452 0.1051630572593705 -0.5296628278499015 71.18408966064453 0.22519542507563658 0.8231370181522357 0.5212796465165787 -9.549434661865234 0.4908044420572163 -0.5580198748568982 0.6691224244647584 -0.39875364303588867
0.8441173531315842 0.11963388066532034 -0.5226410132577468 71.3680191040039 0.21406609148656414 0.8185230382436314 0.5331001259989353 -9.32545280456543 0.49157054693888474 -0.5618787862709987 0.6653199432760414 -0.3511736989021301
0.8466695284165557 0.13498384279424314 -0.514713582330393 71.54639434814453 0.2021764560067984 0.813148418428088 0.5458152894930942 -9.100071907043457 0.4922147806470447 -0.5661881416917861 0.6611774330088586 -0.30451780557632446
0.8492587421543433 0.15108542936414826 -0.5058979955566869 71.71832275390625 0.18959049777040843 0.807007804200802 0.5592797574686292 -8.872541427612305 0.4927626528356135 -0.5708866761388385 0.6567140709453069 -0.25971129536628723
0.8518265059482061 0.16780995989638545 -0.4962171108735009 71.8819808959961 0.17637416811505272 0.8001022914001775 0.5733484770346117 -8.641475677490234 0.4932380323796958 -0.5759133100178871 0.6519509972064212 -0.2181597799062729
0.8543180529372816 0.18502967811912407 -0.4857001983122774 72.03429412841797 0.1625956456347939 0.7924394570202653 0.5878795480181562 -8.40487289428711 0.4936631649678319 -0.5812088481540525 0.6469103140168526 -0.1822167932987213
0.8566831132828195 0.20261738210019 -0.474384063694093 72.17194366455078 0.14832521943092494 0.7840359278655336 0.6027331856607862 -8.161177635192871 0.4940583697265169 -0.5867144623127142 0.6416170719488993 -0.1551513671875
0.8588768311330095 0.22044726391152347 -0.46231330586177527 72.2948226928711 0.1336355964735289 0.774917575463459 0.6177736467291226 -7.91157341003418 0.4944412162209825 -0.5923729864466794 0.6360991499995564 -0.13899047672748566
0.8608599782473819 0.23839615171834172 -0.4495412914269417 72.40570068359375 0.11860170634623012 0.7651203562630656 0.6328700306410805 -7.658602714538574 0.4948269728942429 -0.5981288450474237 0.6303873028690816 -0.1336566060781479
0.8625999126548678 0.25634449806394494 -0.43612944064825326 72.5091323852539 0.10330041052450939 0.7546898808247693 0.6478983014070674 -7.405140399932861 0.4952276404576808 -0.6039293684637628 0.6245149333952538 -0.13785704970359802
0.864070418651452 0.27417693507516216 -0.42214845716204463 72.61151885986328 0.08781048315617992 0.7436825925272708 0.6627409151544782 -7.154051303863525 0.4956527319196199 -0.6097238800020114 0.6185185199296055 -0.14684630930423737
0.8652527606004742 0.29178283577580844 -0.407676878201212 72.71701049804688 0.07221187637788347 0.7321652727096989 0.6772883125729523 -6.906991958618164 0.49610795718597733 -0.6154646945069713 0.6124378373616352 -0.15752257406711578
0.8661349559749183 0.3090570943967915 -0.39280268639781313 72.82652282714844 0.05658572545972987 0.7202161333109017 0.6914381946297798 -6.6643595695495605 0.4965967113388108 -0.6211058152373925 0.6063161490227451 -0.1680743396282196
0.8667127948300158 0.3259005159435207 -0.37762121892935213 72.93916320800781 0.041013751951282595 0.7079233881652736 0.705097403653905 -6.425796985626221 0.49711850038881206 -0.6266046043529734 0.6001998553605559 -0.17786864936351776
0.8669892740746628 0.3422218303398509 -0.36223447858856817 73.05350494384766 0.025577775651583035 0.6953831548395091 0.7181838520589062 -6.190676212310791 0.4976699468846866 -0.6319228487753027 0.5941364634185479 -0.18697142601013184
0.8669745933774138 0.35793628440027647 -0.3467515980464872 73.17008972167969 0.010359446810856543 0.6827015055774703 0.7306239361970209 -5.959265232086182 0.4982446550639969 -0.6370245447327597 0.5881768382962552 -0.19510741531848907
0.8666861374047531 0.3729664096921675 -0.33128718126689405 73.28759002685547 -0.004560443125400215 0.6699926385732983 0.7423537341564934 -5.730935096740723 0.498832979652438 -0.6418768740957443 0.5823742241137965 -0.20253661274909973
0.8661476929830725 0.38724267672686796 -0.3159608888161818 73.40584564208984 -0.01910158981638696 0.6573769079131812 0.7533198060644571 -5.505599021911621 0.49942297024324755 -0.6464508568049975 0.5767824429795839 -0.20931945741176605
0.8653893446945075 0.4007023014761595 -0.3008969054026978 73.52428436279297 -0.03318554199345919 0.6449827204527124 0.7634762669003003 -5.2829766273498535 0.5000000018918114 -0.6507187994127166 0.5714586968443663 -0.21560119092464447
0.8647628644752444 0.4128738133447302 -0.285867805950147 73.6435546875 -0.04674621867672207 0.6329637036183753 0.7727688793818872 -5.06336784362793 0.4999999792639977 -0.654898590742025 0.5666637950143907 -0.2211431860923767
0.8639671970363997 0.4241407388476822 -0.2714135517891632 73.76178741455078 -0.05967138175351361 0.6214409022628367 0.7811853372883912 -4.8457932472229 0.500000008644693 -0.6587228845610977 0.5622136183967916 -0.22669677436351776
0.863039702865439 0.43445919285139933 -0.25769687818218834 73.88101196289062 -0.07185054559768922 0.6105489975716962 0.7887125082446147 -4.631327152252197 0.49999997037524857 -0.6621745474654759 0.558144155495373 -0.23138122260570526
0.8620220142733945 0.443792625296352 -0.24487987389863503 73.99967193603516 -0.08317475139047137 0.6004217744002098 0.7953462475910958 -4.419101238250732 0.5000000076391728 -0.6652381517612135 0.5544891286600232 -0.23590697348117828
0.8609593741119818 0.45210798397750457 -0.23312513153347691 74.11725616455078 -0.0935358678408365 0.5911949816829427 0.8010864716497004 -4.208846092224121 0.499999997555966 -0.667897345747609 0.5512831740469979 -0.24049438536167145
0.85989921487423 0.4593750507127496 -0.2225935826598369 74.23466491699219 -0.10282689127319106 0.583003146737546 0.8059366980881382 -4.001011848449707 0.4999999706897734 -0.6701357278020463 0.5485600565420778 -0.2447052001953125
0.8588899715625462 0.46556413948745146 -0.21344331512745238 74.35140228271484 -0.1109422931767077 0.5759790948679046 0.8099011605497564 -3.7953333854675293 0.4999998243339506 -0.6719360939095753 0.5463534216672943 -0.2487933337688446
0.8579794295517267 0.47064371465018917 -0.205829522484907 74.4670639038086 -0.11777651306815859 0.5702523373740641 0.8129827579284338 -3.5915679931640625 0.4999999914355993 -0.6732805994380707 0.544695550729683 -0.25299072265625
0.8572139694101281 0.4745765851812539 -0.19990316517211965 74.58171844482422 -0.12322412562193794 0.5659494097624505 0.8151791707681462 -3.3897297382354736 0.5000000255128398 -0.6741500800172271 0.5436190247773944 -0.25726622343063354
0.8566359856111642 0.4773188123642078 -0.19580995766102224 74.69581604003906 -0.12718003058521674 0.5631917043325785 0.8164804614877863 -3.190051555633545 0.5000000279763317 -0.6745234284546291 0.5431557018843491 -0.26127439737319946
0.8562826193848443 0.4788157603747161 -0.19368929592574877 74.80884552001953 -0.12953797703897602 0.562093795292959 0.8168662545348575 -2.9922375679016113 0.49999998824407943 -0.6743782565518697 0.5433359723467432 -0.2654357850551605
0.856183408468038 0.478999826142398 -0.19367275910567594 74.92080688476562 -0.13019193314235197 0.5627632046487425 0.8163011919862269 -2.7962746620178223 0.5000000316087091 -0.6736889059863089 0.5441904320568858 -0.2697637975215912
0.8567954681357554 0.4771979979551141 -0.1954062346233176 75.03173828125 -0.12909979660369716 0.5653873318508832 0.8146596881516991 -2.602146863937378 0.49923418182143353 -0.6727698237362988 0.5460274681468997 -0.2741979956626892
0.8579017652925516 0.47361082618385897 -0.19924192939581412 75.14166259765625 -0.12611286876930627 0.5700008379007737 0.8119079930159525 -2.4098684787750244 0.49809648205814483 -0.6714103291682805 0.548733145023555 -0.2785681188106537
0.8593792895581392 0.4682711513755311 -0.20540050016487899 75.25056457519531 -0.12109718145041382 0.5766445068930859 0.8079706586967101 -2.2194082736968994 0.49679242075872454 -0.6694798290161283 0.5522626632475005 -0.28314757347106934
0.8611960317816268 0.4610403347159485 -0.21397010213715684 75.35844421386719 -0.11392929115903605 0.5853614280151561 0.8027279210343047 -2.0307610034942627 0.49533979393904826 -0.6669286381293454 0.5566369374945916 -0.2879534959793091
0.8632954792249017 0.4517584748107252 -0.22502265660713866 75.46527862548828 -0.10448365147386962 0.5961704893198125 0.7960300963147448 -1.8438985347747803 0.49376520951210584 -0.6636979946488178 0.5618726633095825 -0.2929724156856537
0.865594307130575 0.4402404397214952 -0.23861024851620335 75.57080078125 -0.09263180961963194 0.6090617686475417 0.787694807535584 -1.6586583852767944 0.49210348841451224 -0.6597212420452695 0.567980668231336 -0.2980322241783142
0.8679771600558569 0.4262760185699668 -0.2547634306832648 75.67538452148438 -0.0782428209566397 0.6239914814195173 0.7775041428086561 -1.4752378463745117 0.4904015809416977 -0.6549224283134708 0.5749633921406389 -0.3033697307109833
0.8702937719188025 0.40962863335742744 -0.2734833327518697 75.779052734375 -0.061188065611072706 0.6408766306465745 0.7652013884709498 -1.2936471700668335 0.4887174758345753 -0.6492160865419315 0.5828153239140688 -0.3089990019798279
0.8723487765086448 0.3901174363103842 -0.2946455463951273 75.8818130493164 -0.041430631240221144 0.6595142513987676 0.7505494354117918 -1.1139042377471924 0.48712535852581784 -0.6425335307114609 0.5914892619418859 -0.31492307782173157
0.8739038268737419 0.36787712442318987 -0.3177397090411489 75.98282623291016 -0.01929032135406486 0.6793831636879345 0.7335300950877409 -0.9355888366699219 0.4857159508164066 -0.6349054561298858 0.6008120146094084 -0.32090574502944946
0.8747368622922946 0.34315806405157223 -0.3421665746729334 76.08295440673828 0.004807818490840693 0.6999028044943617 0.7142219186935433 -0.7592724561691284 0.48457435613989125 -0.6264013149230326 0.6105809414273471 -0.3270959258079529
0.8746648696706278 0.31625693160273083 -0.3673457757716689 76.18218231201172 0.03042310864465933 0.7205276796639956 0.6927584696692013 -0.585023045539856 0.4837724674105161 -0.6171072970328937 0.6205987300376121 -0.33343687653541565
0.8735552768891011 0.2875237418397965 -0.39272289988953824 76.28035736083984 0.05710101523161014 0.7407566720995744 0.6693422344357803 -0.4128234386444092 0.4833638921958545 -0.6071323172245123 0.6306740022411489 -0.3398565649986267
0.8713331479386625 0.2573620896927901 -0.41778379587085634 76.37603759765625 0.08437819349324138 0.7601500425871199 0.6442454758999997 -0.24196669459342957 0.48338273217619 -0.5966042805275203 0.6406281813112202 -0.3461456298828125
0.8679873440510167 0.22622576074773948 -0.4420632033333794 76.47075653076172 0.11178906170411229 0.7783391365594039 0.6178117789288872 -0.07335221767425537 0.4838400316742884 -0.5856706358304712 0.6502989543858698 -0.35241392254829407
0.863572024028942 0.1946152139742564 -0.4651540366419615 76.5644302368164 0.1388727570010676 0.7950333587319035 0.5904543300428842 0.09298375993967056 0.48472437186248357 -0.574497064390431 0.65954181545168 -0.3586065471172333
0.8582067262003055 0.1630682200934291 -0.4867134379695254 76.6551742553711 0.165180427124587 0.8100261409296919 0.5626482715742491 0.2580013573169708 0.4860006600813347 -0.5632640647210791 0.6682342042984594 -0.3645501732826233
0.8520725660277856 0.13215173501462196 -0.5064664462286221 76.7433853149414 0.1902817085920262 0.8231952158202144 0.5349228991415581 0.4214414358139038 0.48761174472947627 -0.5521644280314836 0.676276001953744 -0.3702203333377838
0.8454058512765802 0.10245157148302977 -0.5242066597516466 76.83040618896484 0.2137697301224926 0.8345006849943897 0.507849494660821 0.5825342535972595 0.4894807954462337 -0.5413984505376352 0.6835907172020187 -0.3756549060344696
0.8384898726910315 0.07456338388714284 -0.5397916590480777 76.9095687866211 0.23526418058654247 0.8439767386497606 0.4820311503949265 0.7425791025161743 0.4915134776661982 -0.5311718802811497 0.6901238547326614 -0.38054564595222473
0.8316442668298942 0.04908320181710074 -0.5531352933490591 76.9844970703125 0.25441161896838316 0.8517213321998057 0.45808896560567197 0.899768054485321 0.493601602087001 -0.5216911074334794 0.6958418260222476 -0.38499999046325684
0.8252124963064853 0.026602470496912597 -0.5641955729204899 77.03697204589844 0.2708827147859651 0.8578793551152742 0.4366526845184704 1.0605050325393677 0.49562777441322287 -0.5131620802733404 0.700726614736256 -0.38844358921051025
0.8195480881126985 0.007701419411310445 -0.5729586541888267 76.92670440673828 0.28436727709497767 0.862624037909377 0.41834796633724625 1.0357327461242676 0.49746978098012007 -0.5057869683572054 0.7047718493609252 -0.3873846232891083
0.8149997344289377 -0.007051971829481696 -0.5794184175309559 76.81409454345703 0.2945653228552836 0.8661326728768117 0.40378888487232073 0.9246633648872375 0.4990057148489619 -0.49976440716460185 0.7079751647335453 -0.386016845703125
0.8137977081073358 -0.011823864661792638 -0.5810279567316078 76.70921325683594 0.29619806692137957 0.8686264317264062 0.39718361907093924 0.8095915913581848 0.49999999543128537 -0.4953264765088886 0.7103884051967655 -0.3838665783405304
0.8137977858824994 -0.013908696491010675 -0.5809816794483823 76.6095962524414 0.2961981248721143 0.8700459480305441 0.39406435913169763 0.6941924691200256 0.49999983451495794 -0.4927743869942442 0.7121611959433496 -0.38175901770591736
0.8137977072217148 -0.014593311470662756 -0.5809649963474568 76.51377868652344 0.29619808291431826 0.8705098002013641 0.3930386538640492 0.5799034237861633 0.4999999873985628 -0.491934673522513 0.7127413903988851 -0.37980344891548157
0.8137977812942129 -0.013754845078105538 -0.5809853486943484 76.42000579833984 0.2961981315699739 0.8699415610165963 0.39429474669397263 0.4682515263557434 0.4999998380150465 -0.4929629647883144 0.7120306716230995 -0.37789487838745117
0.8185726779468211 1.9442402518721202e-05 -0.5744029687779849 76.32907104492188 0.28512259804869 0.8680911442720155 0.4063531337623321 0.3576611876487732 0.4986420309209151 -0.4964048396807747 0.7105901492003456 -0.3748413026332855
0.8250479086281425 0.01984715337267899 -0.5647141214555644 76.2400894165039 0.26935923907824677 0.8647156834052285 0.42392497826409886 0.24938060343265533 0.4967308615251487 -0.5018693827840369 0.7080858520211046 -0.37128233909606934
0.8327120608759929 0.04500152187229764 -0.5518745207932991 76.15278625488281 0.24926422864386302 0.8595202762619018 0.44619753362523623 0.14368580281734467 0.49442690864296246 -0.5091166445165989 0.7045156309734529 -0.36722227931022644
0.8410209205872148 0.0747244442132094 -0.5358171969726809 76.06727600097656 0.22520063574790383 0.8521733755485966 0.47231897237444365 0.04053549841046333 0.4919029221232313 -0.5178965103600695 0.6998676444610715 -0.36270871758461
0.8494246383720687 0.10822573983463521 -0.5164929553863503 75.98470306396484 0.19755747881240118 0.8423535248911825 0.5014095947114374 -0.06095371022820473 0.4893350858989863 -0.5279467097545416 0.6941350339577925 -0.3579852283000946
0.8573939517072741 0.1446881131597492 -0.49390379780485205 75.90412902832031 0.1667642903841771 0.8297881886189753 0.5325797907178808 -0.15996666252613068 0.48689350275850507 -0.5389962077220131 0.6873265636019331 -0.3529077172279358
0.8644437820852309 0.18327787314974728 -0.46813050405617335 75.82563018798828 0.13329893865494427 0.8142869100293834 0.5649497509586708 -0.25650882720947266 0.48473533043058376 -0.5507685987495147 0.6794745102384996 -0.34753233194351196
0.8701560513260567 0.2231572841289608 -0.43935096777044996 75.74934387207031 0.09768963080946313 0.795768573387449 0.5976697362600976 -0.3505903482437134 0.48299604798896184 -0.562985971538448 0.6706426868891915 -0.34192442893981934
0.8741979267683058 0.26350311960657774 -0.4078530259684214 75.67532348632812 0.06051116091458303 0.7742805985170945 0.6299428181706492 -0.4422053396701813 0.4817845828155625 -0.57537436571124 0.6609296142885586 -0.3361560106277466
0.8763381428091274 0.3035261120122948 -0.374036574126849 75.60408782958984 0.022376027036077994 0.7500093171958414 0.6610486650266445 -0.531643271446228 0.4811764467136048 -0.5876716119110468 0.6504700636324026 -0.3304504454135895
0.8764567095789613 0.34249297950586177 -0.3384112811701432 75.53538513183594 -0.016078913025845326 0.7232833775875902 0.6903641244020395 -0.6186068058013916 0.4812121203688948 -0.5996329833278726 0.639433484043014 -0.32476621866226196
0.8745514164369499 0.37974480627259455 -0.3015853148233756 75.46917724609375 -0.05420806027043695 0.6945694725402382 0.717380466709885 -0.7029682993888855 0.48189345939724226 -0.6110377483627057 0.6280219453697405 -0.31915283203125
0.8707369062674222 0.4147162659304937 -0.26424923620799057 75.40553283691406 -0.09137369102811474 0.6644571803559367 0.7417192892606589 -0.784654438495636 0.4831853564127715 -0.6216969311860131 0.6164615455177693 -0.313690185546875
0.8652401951140429 0.44694214245982566 -0.2271610134957889 75.3444595336914 -0.12695996980860144 0.6336493392017315 0.7631314965295353 -0.8635770082473755 0.4850160521314858 -0.6314516895397699 0.6050026387976816 -0.30845457315444946
0.8583889064617681 0.47606860040244914 -0.1911208334384895 75.2859878540039 -0.16038863724987326 0.6029328463458623 0.7815033383411776 -0.9396379590034485 0.48728222859498815 -0.6401801859696454 0.5939068607007094 -0.30351805686950684
0.8505965775681055 0.5018480319380267 -0.15695227003568776 75.23011779785156 -0.19112731890001206 0.5731588025121976 0.7968433566723618 -1.0127304792404175 0.48985284545414165 -0.6477943654762004 0.5834437846594716 -0.29894834756851196
0.8423431132766046 0.5241294522623043 -0.125484647613539 75.17697143554688 -0.21869268512036408 0.5452177971749765 0.8092657555577843 -1.0828620195388794 0.49257648034627327 -0.6542368614767003 0.5738837339520911 -0.29486143589019775
0.8341529885505816 0.5428399660263101 -0.09753749523484684 75.12644958496094 -0.24264900188654365 0.5200172990158776 0.8189648775177698 -1.1498521566390991 0.4952880511132865 -0.6594746242341596 0.5654935600125051 -0.2912786900997162
0.8265697679472452 0.5579607315868483 -0.07390697343759989 75.07845306396484 -0.26260182306704527 0.49845715726472445 0.8261844496802357 -1.213529348373413 0.49781793985100753 -0.6634909828917335 0.5585311221264755 -0.28822386264801025
0.8201309190797297 0.5694913692792645 -0.055361140575915846 75.03294372558594 -0.27818207371078163 0.4814131878445991 0.8311775240195503 -1.2737840414047241 0.5000000094354069 -0.6662739098041655 0.5532441302705919 -0.2857409715652466
0.8162117210108487 0.5762640336724417 -0.04145105523476322 74.98992156982422 -0.2894795690434506 0.4699939601821994 0.8338508598656424 -1.3304777145385742 0.5000000055909265 -0.6685996117915565 0.5504312432277563 -0.2838208079338074
0.8137976938251169 0.5801817854261714 -0.03350237879049281 74.94930267333984 -0.296198084933175 0.46368328681208626 0.8350236547625824 -1.3836748600006104 0.5000000080068412 -0.6696169840967603 0.5491931232292682 -0.2824987769126892
0.8137976808238813 0.5801724454517299 -0.03366404943306131 74.91104888916016 -0.2961981199708233 0.46391598067940043 0.8348943864920999 -1.4331960678100586 0.5000000084114218 -0.6694638873074705 0.5493797367757101 -0.28204283118247986
0.8137976920576185 0.5800975238725886 -0.0349310635192393 74.87511444091797 -0.29619814732813465 0.465738334734126 0.8338791645547117 -1.4796605110168457 0.4999999739210736 -0.6682624232709593 0.5508405937500895 -0.28161314129829407
0.815005453781774 0.5780300285917428 -0.04058813068119249 74.84150695800781 -0.2928584843210449 0.4713370345532385 0.831910637039664 -1.5227950811386108 0.5000000184671445 -0.6661251278136776 0.5534232517956459 -0.28162717819213867
0.8179330109189938 0.572950881582688 -0.0520852852791418 74.81023406982422 -0.28457961913054186 0.48161232429522505 0.8288932437066107 -1.562487006187439 0.5000000300245038 -0.6631567359083156 0.5569767621677979 -0.28228452801704407
0.8218282842232941 0.5657343121693938 -0.06740147835781704 74.77947235107422 -0.2731271485978428 0.49503497534087804 0.8248284269398503 -1.6012892723083496 0.49999983194938 -0.6594581572954261 0.561351143961703 -0.2833441197872162
0.8264749678231894 0.5563541865694666 -0.08607640006578468 74.7492446899414 -0.2587259226210141 0.5111508209408432 0.8196253627209243 -1.639258861541748 0.5000000245255622 -0.6551296492589304 0.5663966085141293 -0.2847760021686554
0.8316424045596414 0.5447799499214477 -0.10763696902942876 74.71961975097656 -0.24160071193024893 0.5294877279016271 0.813186228361234 -1.6765087842941284 0.5000000069330541 -0.6502749819615984 0.5719636709632776 -0.28657835721969604
0.8374968356284509 0.5304734928296898 -0.1311370417441257 74.69056701660156 -0.22208697988186984 0.54970073858885 0.8052989950085762 -1.7130342721939087 0.49927589935754113 -0.6453115305028586 0.5781838850407167 -0.28868773579597473
0.8435167748105794 0.5138247980057207 -0.1564082081207337 74.66207885742188 -0.20032114866534692 0.5711633940487457 0.7960174713510458 -1.7489066123962402 0.4983481594332965 -0.640122218215473 0.5847158777871079 -0.29108214378356934
0.8492773342817643 0.49514260468751836 -0.18319882777605404 74.63414001464844 -0.17649566000872965 0.5933141949531378 0.7853836948047704 -1.784196138381958 0.4975713933430491 -0.6346747726909979 0.5912788186940969 -0.2937390208244324
0.8545348414620718 0.47456951783106704 -0.21107813120496494 74.60674285888672 -0.15086855364904625 0.6156664516911665 0.7734296993145876 -1.8189632892608643 0.49699988354851427 -0.6290775731240122 0.5977060504505256 -0.2966241240501404
0.8590749737669201 0.45229337689386323 -0.23962656502423021 74.57988739013672 -0.12371724511052712 0.6377601598793222 0.7602341887424976 -1.8532661199569702 0.49667316487769664 -0.6234522272705804 0.6038402831889615 -0.2997052073478699
0.8627192452690376 0.4285500974510752 -0.268440529386111 74.55354309082031 -0.09533607017226378 0.6591665867889918 0.7459292490478298 -1.887157678604126 0.4966150798823277 -0.61793545361601 0.609531982424093 -0.3029431104660034
0.865330659213439 0.4036229944413078 -0.2971385679838063 74.5277099609375 -0.06603365414332543 0.6794965071837679 0.7307010696896094 -1.920686960220337 0.49683237288416976 -0.612676892891589 0.6146418617137899 -0.30630064010620117
0.8668176527525916 0.37784047556745054 -0.325367072549529 74.50233459472656 -0.03612869294687998 0.6984057747053586 0.7147895434350995 -1.9538967609405518 0.4973146633897273 -0.6078371071933424 0.6190413368236337 -0.3097381591796875
0.8671368352854049 0.35157189050855303 -0.3528043575346746 74.47740173339844 -0.0059456885934418 0.7155992016911291 0.6984858132604903 -1.9868241548538208 0.49803449446635956 -0.6035851127581433 0.6226127640663793 -0.3132147192955017
0.8662937951526829 0.3252214228848621 -0.37916498595823334 74.45285034179688 0.024190583116251968 0.730833229777745 0.6821272652087187 -2.0194995403289795 0.49894877108622815 -0.6000948394623766 0.6252489963863734 -0.3166888356208801
0.8643426710533955 0.29922044549034466 -0.4042015239912404 74.42864227294922 0.05396048386482398 0.7439157082426098 0.6660913489987468 -2.0519468784332275 0.5000000131773555 -0.5975420855726028 0.6268520102800886 -0.3201220631599426
0.86202601906972 0.27321068768101836 -0.4269274675910136 74.40471649169922 0.08313317826900007 0.7546759238704962 0.6508095916634203 -2.0841875076293945 0.5000000171177053 -0.5965066387451846 0.6278374095378647 -0.3234851062297821
0.8588203161707393 0.24820539768050393 -0.44813139266810376 74.38106536865234 0.11147942531425518 0.7632667673779956 0.6363931014301994 -2.1162025928497314 0.5000000022639947 -0.5965047546990784 0.6278392113888696 -0.3267480432987213
0.8548285302342049 0.22442325580940964 -0.46787005263163967 74.35769653320312 0.1388098665222411 0.7698840188735108 0.6229048229378621 -2.1479673385620117 0.5000000048537065 -0.5974217938233221 0.6269666621210551 -0.3298889100551605
0.8501732076903311 0.202058927021492 -0.4861869053527217 74.33456420898438 0.1649409329935639 0.7747286755890712 0.6104014808658446 -2.1794564723968506 0.5000000055487456 -0.5991391067447748 0.6253257752726393 -0.33288389444351196
0.8449943369438333 0.18128059679772834 -0.5031122297832868 74.31169891357422 0.18969606403038392 0.7780078966695635 0.5989316455249147 -2.2106447219848633 0.49999997382423117 -0.6015322584404439 0.6230240510857561 -0.3357110619544983
0.8394467230441925 0.1622324268848349 -0.5186615841157154 74.28907012939453 0.21290697705482542 0.7799291765988767 0.5885415011799713 -2.2415053844451904 0.4999998182917096 -0.6044759045295807 0.6201685759141643 -0.33834898471832275
0.8336966758579069 0.14503611042907905 -0.532836165566002 74.2667236328125 0.2344138572420666 0.7806977568539856 0.5792764072323773 -2.272033452987671 0.49999999619637187 -0.6078449959609431 0.6168666506538255 -0.3407885730266571
0.827919361403622 0.12978987276167836 -0.5456226900904377 74.2446060180664 0.254066051384691 0.7805146691842544 0.5711806130480842 -2.302185297012329 0.49999997254680933 -0.6115156908180698 0.6132280059949061 -0.3430010974407196
0.8222941359649335 0.11657304101432162 -0.5569946858510919 74.22271728515625 0.27172107997413875 0.7795727880905247 0.5642994974004969 -2.3319344520568848 0.5000000086553709 -0.6153673652197027 0.6093627796043912 -0.3449670374393463
0.8170011224838357 0.10544699952272003 -0.5669127764937106 74.2010498046875 0.2872440376771453 0.7780544603688392 0.5586789055612223 -2.3612582683563232 0.5000000286790823 -0.6192836078823739 0.6053823455710505 -0.34667113423347473
0.8137977020164555 0.10056911090599939 -0.5723802530873278 74.17922973632812 0.2961980953765958 0.7756072775271236 0.5574047356654235 -2.3902010917663574 0.49999998848801347 -0.6231526337732518 0.6013990410147377 -0.3475579619407654
0.8137976891113982 0.10411400333427766 -0.5717460935648427 74.15703582763672 0.29619810368247296 0.7721383662760218 0.5622001660436456 -2.418774366378784 0.5000000045718548 -0.6268673046461314 0.5975260477952733 -0.347329705953598
0.8137976797557928 0.10743155214890218 -0.5711320320442255 74.13524627685547 0.2961980772525149 0.7688615149548397 0.5666733361057871 -2.446826219558716 0.5000000354560004 -0.6303256558511853 0.5938766977410141 -0.3471057116985321
0.8137978193594 0.11042268607000784 -0.5705610743881588 74.11605072021484 0.2961980880161134 0.7658815235591124 0.570694475640313 -2.471564769744873 0.4999998018614451 -0.6334290191267349 0.5905657252725207 -0.34690794348716736
0.8137976927226026 0.11299143969284826 -0.5700581109637032 74.09942626953125 0.29619808849164886 0.763303441865928 0.5741380914113965 -2.4929776191711426 0.5000000076932617 -0.6360823768913624 0.5877067313847724 -0.34673643112182617
0.8137976984638848 0.11504121617181146 -0.5696479830181044 74.08540344238281 0.2961980913514663 0.7612333095699138 0.5768800040571559 -2.5110507011413574 0.49999999665463235 -0.6381922649037249 0.5854149266651998 -0.34659239649772644
0.8137977960143465 0.11647666978946535 -0.5693560683763262 74.07400512695312 0.2961980905177215 0.7597767180323644 0.5787970541646051 -2.525771379470825 0.4999998383758216 -0.6396659472964971 0.5838044514162489 -0.3464739918708801
0.8137976775924756 0.11720182089610817 -0.5692074078257677 74.06523895263672 0.2961981012569571 0.759038970845985 0.5797641982296262 -2.537126064300537 0.500000024756866 -0.6404089114899203 0.5829891948633602 -0.3463830351829529
0.8137977007077528 0.11711949345241991 -0.5692243200849938 74.05912780761719 0.2961980878723751 0.7591228029817891 0.5796544338947306 -2.54510235786438 0.49999999506352366 -0.6403246006882138 0.5830818216082164 -0.3463183641433716
0.8137976789115866 0.11613065913584208 -0.5694269117338846 74.05567932128906 0.296198074189842 0.7601284769893984 0.5783350234215515 -2.549687385559082 0.5000000386443417 -0.6393108543411824 0.5841931126581383 -0.34627988934516907
0.819995324822955 0.12980932389035477 -0.5574560132419647 74.05341339111328 0.2792094410584226 0.7594840282674993 0.5875594428059305 -2.5512027740478516 0.4996496325349792 -0.637442978028389 0.5865293636894567 -0.34414488077163696
0.8269143864210741 0.1457932868512553 -0.5430993601901646 74.0502700805664 0.2586636234719317 0.7589458649681616 0.597573680762548 -2.553739309310913 0.49930524473735427 -0.634622321981221 0.5898718344021303 -0.3415564000606537
0.8342155415351022 0.1638555612062313 -0.52653184644719 74.0462646484375 0.23486826231424734 0.7583190332986364 0.6081029050206123 -2.557321310043335 0.49892016357207103 -0.6309545140490024 0.5941170520885638 -0.3385540843009949
0.8415625589132143 0.1837616712071419 -0.5079410473968418 74.04143524169922 0.20814373052559118 0.7574138781100778 0.6188702648286973 -2.5619728565216064 0.4984462326854648 -0.6265427881967921 0.5991623216460269 -0.33517637848854065
0.8486327718278078 0.20527131908258445 -0.48753061867122527 74.03581237792969 0.17882767799700772 0.756049826516354 0.629610452110501 -2.567716598510742 0.49783840768069554 -0.6214920316357135 0.6049004665655853 -0.3314666748046875
0.8551270659847692 0.22813388959363723 -0.4655240374450696 74.02943420410156 0.14727720140672063 0.7540670295507237 0.6400721372551319 -2.5745718479156494 0.4970584743931891 -0.6159040861720486 0.6112242057301799 -0.3274688720703125
0.8607787545539073 0.25209143128829525 -0.4421649533597646 74.0223159790039 0.11386972076200234 0.7513290626582007 0.6500294810996906 -2.58255672454834 0.4960782422181078 -0.6098807669341345 0.6180225139277888 -0.3232318162918091
0.8653607490215014 0.27687935788650964 -0.41771832043770757 74.0145034790039 0.07900176917199682 0.7477299714305461 0.6592864402459438 -2.5916833877563477 0.49488331404548264 -0.6035210940810835 0.6251822090227228 -0.31880247592926025
0.868692949729608 0.30222735897270187 -0.3924680656798188 74.00599670410156 0.04308651331691593 0.743198605166783 0.6676820992421014 -2.6019608974456787 0.49347351647303644 -0.5969208128106557 0.6325894654301494 -0.3142339885234833
0.8706464220920642 0.327863220345063 -0.366715852456983 73.996826171875 0.006549947873829842 0.7377018452757679 0.6750948715992272 -2.613393545150757 0.4918657396903521 -0.590170904248669 0.6401299851570548 -0.3095800578594208
0.8711469865826145 0.3535167053944189 -0.3407768577458064 73.98699188232422 -0.030173983542738425 0.7312451191772396 0.6814470679345733 -2.625981330871582 0.4900943363120946 -0.5833579644493937 0.6476889892751514 -0.3048937916755676
0.8701771395314493 0.3789210634957094 -0.31497709992338396 73.97649383544922 -0.06664821756811198 0.7238756275367622 0.6867037869076102 -2.6397175788879395 0.4882107751083117 -0.5765612747120115 0.6551544364274748 -0.3002307116985321
0.8677752612287863 0.4038192204420867 -0.2896482922457113 73.96534729003906 -0.10243847105924914 0.7156786414411092 0.690876574962599 -2.6545920372009277 0.48628433621324363 -0.5698544721124453 0.6624148435588466 -0.295645147562027
0.8640339716333391 0.4279663815117368 -0.2651227492299918 73.95352172851562 -0.13711987694079167 0.7067770737059574 0.6940203941033621 -2.670588254928589 0.4844000776334173 -0.5633035987630423 0.6693620996212327 -0.29118895530700684
0.8590962031911243 0.45113030578522695 -0.2417336568720252 73.94102478027344 -0.1702774760458802 0.6973304363568533 0.6962297348446167 -2.6876883506774902 0.48265856960592657 -0.5569665247862641 0.6758912600806972 -0.2869146764278412
0.8531496938264708 0.47309725755906706 -0.21980578885436325 73.9278335571289 -0.20151513985329148 0.6875273375641304 0.6976373044153292 -2.705866575241089 0.4811727842820161 -0.5508948583823126 0.6818999975613905 -0.28287291526794434
0.8464200490906572 0.4936696357190387 -0.19965818607410316 73.91393280029297 -0.2304535530963399 0.6775845188905218 0.6984055982200977 -2.725097179412842 0.48006693321102845 -0.5451325623450977 0.687289043349613 -0.27910947799682617
0.8391620238138008 0.5126685105225692 -0.181598722757888 73.8992919921875 -0.2567340502490206 0.66773857196713 0.6987222817042771 -2.7453505992889404 0.4794733832356697 -0.5397186283850763 0.691960314572066 -0.2756701707839966
0.8316502967356703 0.5299303352782392 -0.16592656113885074 73.8838882446289 -0.28001550025441396 0.6582428001486802 0.6987901943142126 -2.766594886779785 0.4795300861851549 -0.5346870634346016 0.6958165280006938 -0.2725970447063446
0.8241683655238491 0.5453062075579044 -0.1529301973730593 73.86769104003906 -0.2999727479596639 0.6493578646736335 0.6988209456420345 -2.7887966632843018 0.4803778260403733 -0.5300712250116157 0.6987572115287326 -0.2699316442012787
0.8232721629532604 0.5454926174838303 -0.1570374158501714 73.85106658935547 -0.2996465565438025 0.6525855385465229 0.6959483141953763 -2.8105194568634033 0.4821150141384333 -0.5258991530232618 0.7007104922803097 -0.26979246735572815
0.821947148686768 0.5462785902748039 -0.16119114917719612 73.83352661132812 -0.2991642950880332 0.6549037902200077 0.6939753238408036 -2.833390474319458 0.48466855613931914 -0.5221884021718991 0.7017233524167388 -0.2696649134159088
0.8202506329443306 0.5475944730632325 -0.16531543250715036 73.81510162353516 -0.29854679987928145 0.6563675330817118 0.6928574671590605 -2.857402801513672 0.48791260225194605 -0.5189623826317559 0.7018684620189923 -0.2695465087890625
0.8182455717241963 0.5493695558330339 -0.16931413253936567 73.79576873779297 -0.29781700348801865 0.6570195502305651 0.6925534947195368 -2.8825511932373047 0.49171050099337965 -0.5162542026353304 0.7012149324381209 -0.2694323658943176
0.8159999893397003 0.5515327445162317 -0.17307700345222643 73.77554321289062 -0.29699969565793893 0.6568934602757783 0.6930239264455493 -2.9088311195373535 0.4959185398598247 -0.5141036992410262 0.6998301138490626 -0.2693212926387787
0.8137977853589334 0.5537962919599941 -0.17618976007775275 73.7546157836914 -0.29619819446602585 0.6560946183321523 0.6941228143424286 -2.936352252960205 0.49999979413991913 -0.5126885202605459 0.6979618091651506 -0.2692590355873108
0.8137976861461135 0.5539680804269986 -0.17564934355487422 73.73295593261719 -0.2961981276824543 0.6554168162742933 0.694762884804793 -2.9649016857147217 0.49999999518064026 -0.5133694213847334 0.6974609967635924 -0.26909178495407104
0.813797685455226 0.5543179440263353 -0.1745420982976123 73.71043395996094 -0.2961981054760883 0.6540272643203929 0.6960711313062472 -2.994580030441284 0.5000000094600927 -0.5147620367276508 0.69643379878055 -0.2689184546470642
0.8137976700929409 0.5548431364755473 -0.1728653986698273 73.68702697753906 -0.2961981234453187 0.651919794274767 0.6980453090596753 -3.0253872871398926 0.5000000238187723 -0.5168652394374408 0.6948743054988467 -0.2687390148639679
0.8137976962350288 0.5555378757493672 -0.17061939576273485 73.66275787353516 -0.29619813629501746 0.6490906136088529 0.7006768437591194 -3.057323455810547 0.4999999736579176 -0.5196720542156984 0.6927777294409212 -0.2685534656047821
0.8137976832350916 0.5563935933566079 -0.16780792601340094 73.63761901855469 -0.2961981492774248 0.6455390666639687 0.7039502608673716 -3.0903899669647217 0.49999998712582555 -0.523168694287353 0.6901409495109244 -0.26836180686950684
0.8137976795123067 0.5573982288799684 -0.16444011451546545 73.61161804199219 -0.29619810992474993 0.6412701350653152 0.7078412912159888 -3.1245851516723633 0.5000000164973905 -0.5273327491392763 0.6869644497263468 -0.2681640684604645
0.8137976948337219 0.5585366168921506 -0.1605308676672238 73.58474731445312 -0.2961981100074164 0.6362951866145884 0.7123167238800032 -3.1599087715148926 0.4999999915113551 -0.532132768284173 0.6832530463941363 -0.26796019077301025
0.8137976985299683 0.5597908750640943 -0.15610087143351387 73.55702209472656 -0.2961981050740109 0.6306319510108803 0.7173353643274363 -3.196356773376465 0.4999999884178919 -0.5375290862448154 0.6790158267838252 -0.26775023341178894
0.8137976803477782 0.5611405854422311 -0.1511773092435685 73.52845764160156 -0.2961981080392968 0.6243060851757886 0.7228475584840984 -3.2339272499084473 0.5000000162545162 -0.5434732333629976 0.6742676236951114 -0.26753416657447815
0.8137976772217326 0.5625636932097937 -0.14579242652027524 73.49903869628906 -0.29619809278451686 0.6173496603787768 0.7287976994070602 -3.272616386413574 0.5000000303793265 -0.5499104362642757 0.669028012648429 -0.26731202006340027
0.8137976904344859 0.5640374334034447 -0.13998247305699202 73.46879577636719 -0.29619810336076746 0.6098001467917432 0.7351261555258748 -3.3124184608459473 0.5000000026089808 -0.5567814245217089 0.6633207690843066 -0.2670837342739105
0.8137976930855071 0.5655392548022988 -0.13378589614143774 73.4377212524414 -0.2961980876888332 0.6016982368260941 0.741772151438599 -3.3533294200897217 0.5000000075781852 -0.5640253390389746 0.6571722828481013 -0.2668493688106537
