5.537464141845703125e+01 -2.644031524658203125e+01 -9.904650449752807617e-01 -0.000000000000000000e+00 -0.000000000000000000e+00 -9.267807006835937500e-01 3.756028413772583008e-01
5.546181488037109375e+01 -2.635989952087402344e+01 -9.215728640556335449e-01 -1.814369228668510914e-03 9.656664915382862091e-03 -9.243932366371154785e-01 3.813143968582153320e-01
5.545050048828125000e+01 -2.623954772949218750e+01 -8.790765404701232910e-01 -3.931165672838687897e-03 2.041957899928092957e-02 -9.216459393501281738e-01 3.874742686748504639e-01
5.540086746215820312e+01 -2.613121795654296875e+01 -8.568188548088073730e-01 -6.296406500041484833e-03 3.209116309881210327e-02 -9.185391068458557129e-01 3.939750492572784424e-01
5.534600448608398438e+01 -2.603485298156738281e+01 -8.418639898300170898e-01 -8.856108412146568298e-03 4.447248578071594238e-02 -9.150805473327636719e-01 4.007135033607482910e-01
5.529302597045898438e+01 -2.594802474975585938e+01 -8.306152224540710449e-01 -1.155611220747232437e-02 5.736450105905532837e-02 -9.112883210182189941e-01 4.075898826122283936e-01
5.524384689331054688e+01 -2.586985206604003906e+01 -8.219048976898193359e-01 -1.434208266437053680e-02 7.056771218776702881e-02 -9.071919322013854980e-01 4.145083427429199219e-01
5.519930648803710938e+01 -2.579992866516113281e+01 -8.149816989898681641e-01 -1.715992391109466553e-02 8.388315141201019287e-02 -9.028338789939880371e-01 4.213789105415344238e-01
5.515976333618164062e+01 -2.573805046081542969e+01 -8.096539378166198730e-01 -1.995553821325302124e-02 9.711267054080963135e-02 -8.982686996459960938e-01 4.281171262264251709e-01
5.512551498413085938e+01 -2.568404960632324219e+01 -8.055968880653381348e-01 -2.267543412744998932e-02 1.100595146417617798e-01 -8.935642242431640625e-01 4.346443116664886475e-01
5.509631347656250000e+01 -2.563805580139160156e+01 -8.021819591522216797e-01 -2.526613511145114899e-02 1.225284263491630554e-01 -8.888005018234252930e-01 4.408878982067108154e-01
5.507247924804687500e+01 -2.559986305236816406e+01 -7.997478842735290527e-01 -2.767501398921012878e-02 1.343262046575546265e-01 -8.840683698654174805e-01 4.467816650867462158e-01
5.505361175537109375e+01 -2.556965065002441406e+01 -7.977410554885864258e-01 -2.984962984919548035e-02 1.452618986368179321e-01 -8.794687986373901367e-01 4.522638916969299316e-01
5.503947067260742188e+01 -2.554750251770019531e+01 -7.958770394325256348e-01 -3.173823282122612000e-02 1.551469862461090088e-01 -8.751108646392822266e-01 4.572778940200805664e-01
5.503009033203125000e+01 -2.553335952758789062e+01 -7.942248582839965820e-01 -3.328918665647506714e-02 1.637943089008331299e-01 -8.711091876029968262e-01 4.617705643177032471e-01
5.502559280395507812e+01 -2.552709007263183594e+01 -7.929888963699340820e-01 -3.445184975862503052e-02 1.710191518068313599e-01 -8.675813078880310059e-01 4.656911194324493408e-01
5.501895904541015625e+01 -2.551646614074707031e+01 -7.923284769058227539e-01 -3.517490997910499573e-02 1.766366511583328247e-01 -8.646451830863952637e-01 4.689893126487731934e-01
5.501001739501953125e+01 -2.550126647949218750e+01 -7.928655743598937988e-01 -3.422277420759201050e-02 1.782959550619125366e-01 -8.628658652305603027e-01 4.717010259628295898e-01
5.499896240234375000e+01 -2.548170280456542969e+01 -7.937945127487182617e-01 -3.323940932750701904e-02 1.789310574531555176e-01 -8.617081642150878906e-01 4.736431837081909180e-01
5.498587799072265625e+01 -2.545780754089355469e+01 -7.949041724205017090e-01 -3.269901499152183533e-02 1.792833358049392700e-01 -8.610622286796569824e-01 4.747210741043090820e-01
5.497128677368164062e+01 -2.542929840087890625e+01 -7.963610887527465820e-01 -3.264346346259117126e-02 1.793219149112701416e-01 -8.609772324562072754e-01 4.748644232749938965e-01
5.495521926879882812e+01 -2.539561271667480469e+01 -7.995812892913818359e-01 -3.041461855173110962e-02 1.741711646318435669e-01 -8.624801635742187500e-01 4.742016494274139404e-01
5.493718719482421875e+01 -2.535735321044921875e+01 -8.035870194435119629e-01 -2.756755799055099487e-02 1.667104512453079224e-01 -8.648892045021057129e-01 4.726672172546386719e-01
5.491894531250000000e+01 -2.531380081176757812e+01 -8.082006573677062988e-01 -2.418444678187370300e-02 1.571789532899856567e-01 -8.680484294891357422e-01 4.703210294246673584e-01
5.489980316162109375e+01 -2.526534461975097656e+01 -8.134253025054931641e-01 -2.034821733832359314e-02 1.458169072866439819e-01 -8.717963695526123047e-01 4.672200381755828857e-01
5.488148498535156250e+01 -2.521145439147949219e+01 -8.185400366783142090e-01 -1.614174619317054749e-02 1.328654289245605469e-01 -8.759715557098388672e-01 4.634219408035278320e-01
5.486334991455078125e+01 -2.515244483947753906e+01 -8.236809968948364258e-01 -1.164888590574264526e-02 1.185685172677040100e-01 -8.804175853729248047e-01 4.589887559413909912e-01
5.484906005859375000e+01 -2.508752632141113281e+01 -8.270141482353210449e-01 -6.954211741685867310e-03 1.031740158796310425e-01 -8.849870562553405762e-01 4.539874494075775146e-01
5.483721542358398438e+01 -2.501748275756835938e+01 -8.288446068763732910e-01 -2.142563462257385254e-03 8.693249523639678955e-02 -8.895462751388549805e-01 4.484927058219909668e-01
5.482950973510742188e+01 -2.494219589233398438e+01 -8.281604051589965820e-01 2.700177952647209167e-03 7.009898871183395386e-02 -8.939765691757202148e-01 4.425887763500213623e-01
5.482991027832031250e+01 -2.486237907409667969e+01 -8.222790360450744629e-01 7.488204166293144226e-03 5.293094366788864136e-02 -8.981782793998718262e-01 4.363691508769989014e-01
5.483660888671875000e+01 -2.477902030944824219e+01 -8.119146823883056641e-01 1.213553175330162048e-02 3.568788990378379822e-02 -9.020713567733764648e-01 4.299376308917999268e-01
5.485010147094726562e+01 -2.469276046752929688e+01 -7.965453863143920898e-01 1.655628904700279236e-02 1.863135397434234619e-02 -9.055961370468139648e-01 4.234080016613006592e-01
5.487088394165039062e+01 -2.460438346862792969e+01 -7.756133675575256348e-01 2.066542394459247589e-02 2.022425178438425064e-03 -9.087139368057250977e-01 4.169026315212249756e-01
5.489915084838867188e+01 -2.451486587524414062e+01 -7.490929961204528809e-01 2.437828853726387024e-02 -1.387783139944076538e-02 -9.114047288894653320e-01 4.105538427829742432e-01
5.493202972412109375e+01 -2.442315292358398438e+01 -7.188403010368347168e-01 2.761098369956016541e-02 -2.881001308560371399e-02 -9.136668443679809570e-01 4.045000970363616943e-01
5.496931457519531250e+01 -2.432925796508789062e+01 -6.849389672279357910e-01 3.028062731027603149e-02 -4.251655191183090210e-02 -9.155135154724121094e-01 3.988863527774810791e-01
5.501074600219726562e+01 -2.423314666748046875e+01 -6.475366353988647461e-01 3.230483457446098328e-02 -5.474221706390380859e-02 -9.169694781303405762e-01 3.938611149787902832e-01
5.505631637573242188e+01 -2.413487434387207031e+01 -6.067785620689392090e-01 3.360179066658020020e-02 -6.523397564888000488e-02 -9.180666804313659668e-01 3.895755112171173096e-01
5.510484313964843750e+01 -2.403363037109375000e+01 -5.634002685546875000e-01 3.408960625529289246e-02 -7.374068349599838257e-02 -9.188388586044311523e-01 3.861806094646453857e-01
5.515578460693359375e+01 -2.392892837524414062e+01 -5.179027915000915527e-01 3.368642181158065796e-02 -8.001230657100677490e-02 -9.193160533905029297e-01 3.838244378566741943e-01
5.520815277099609375e+01 -2.381982612609863281e+01 -4.713268876075744629e-01 3.233821690082550049e-02 -8.386660367250442505e-02 -9.195225834846496582e-01 3.826213181018829346e-01
5.526000213623046875e+01 -2.370423316955566406e+01 -4.267443716526031494e-01 3.010620176792144775e-02 -8.539006114006042480e-02 -9.194851517677307129e-01 3.825561404228210449e-01
5.531708908081054688e+01 -2.358349227905273438e+01 -3.886877298355102539e-01 2.708018012344837189e-02 -8.473474532365798950e-02 -9.192150235176086426e-01 3.835757970809936523e-01
5.539448165893554688e+01 -2.346617126464843750e+01 -3.616137504577636719e-01 2.334878407418727875e-02 -8.205138891935348511e-02 -9.187059998512268066e-01 3.856186866760253906e-01
5.549411010742187500e+01 -2.335919570922851562e+01 -3.415331840515136719e-01 1.900022663176059723e-02 -7.748971879482269287e-02 -9.179380536079406738e-01 3.886183500289916992e-01
5.560915756225585938e+01 -2.326126098632812500e+01 -3.235424757003784180e-01 1.412346493452787399e-02 -7.119850069284439087e-02 -9.168816208839416504e-01 3.925038278102874756e-01
5.573363113403320312e+01 -2.316794204711914062e+01 -3.049798607826232910e-01 8.806753903627395630e-03 -6.332703679800033569e-02 -9.155017733573913574e-01 3.972011208534240723e-01
5.586432647705078125e+01 -2.307556915283203125e+01 -2.854504287242889404e-01 3.139298409223556519e-03 -5.402479320764541626e-02 -9.137594699859619141e-01 4.026350378990173340e-01
5.599914932250976562e+01 -2.298128318786621094e+01 -2.651861608028411865e-01 -2.789793536067008972e-03 -4.344247654080390930e-02 -9.116170406341552734e-01 4.087290465831756592e-01
5.613705825805664062e+01 -2.288354873657226562e+01 -2.443341016769409180e-01 -8.890699595212936401e-03 -3.173203021287918091e-02 -9.090380668640136719e-01 4.154078364372253418e-01
5.627611160278320312e+01 -2.277969360351562500e+01 -2.231872528791427612e-01 -1.507328078150749207e-02 -1.904683001339435577e-02 -9.059925675392150879e-01 4.225962460041046143e-01
5.641532897949218750e+01 -2.266864204406738281e+01 -2.018896490335464478e-01 -2.124662324786186218e-02 -5.541600752621889114e-03 -9.024560451507568359e-01 4.302219152450561523e-01
5.655311584472656250e+01 -2.254881858825683594e+01 -1.806903034448623657e-01 -2.731991559267044067e-02 8.627769537270069122e-03 -8.984131813049316406e-01 4.382154643535614014e-01
5.668678283691406250e+01 -2.241788101196289062e+01 -1.599798500537872314e-01 -3.320225700736045837e-02 2.330362610518932343e-02 -8.938581943511962891e-01 4.465110599994659424e-01
5.681159210205078125e+01 -2.227245330810546875e+01 -1.404040455818176270e-01 -3.880314901471138000e-02 3.832851350307464600e-02 -8.887954354286193848e-01 4.550470709800720215e-01
5.691879653930664062e+01 -2.210824584960937500e+01 -1.231134012341499329e-01 -4.403211176395416260e-02 5.354377254843711853e-02 -8.832406997680664062e-01 4.637672603130340576e-01
5.699688339233398438e+01 -2.192319869995117188e+01 -1.101257279515266418e-01 -4.879926890134811401e-02 6.879199296236038208e-02 -8.772212266921997070e-01 4.726195037364959717e-01
5.704661560058593750e+01 -2.172364425659179688e+01 -1.041430607438087463e-01 -5.301586166024208069e-02 8.391548693180084229e-02 -8.707750439643859863e-01 4.815582334995269775e-01
5.707436370849609375e+01 -2.151522636413574219e+01 -1.075433343648910522e-01 -5.659396573901176453e-02 9.875834733247756958e-02 -8.639514446258544922e-01 4.905424416065216064e-01
5.708953857421875000e+01 -2.130150604248046875e+01 -1.225469931960105896e-01 -5.944668129086494446e-02 1.131663918495178223e-01 -8.568090796470642090e-01 4.995374977588653564e-01
5.710301589965820312e+01 -2.108461952209472656e+01 -1.515264809131622314e-01 -6.150460615754127502e-02 1.270058304071426392e-01 -8.494161963462829590e-01 5.085062384605407715e-01
5.712956237792968750e+01 -2.086787796020507812e+01 -1.991778463125228882e-01 -6.276620179414749146e-02 1.402200311422348022e-01 -8.418490290641784668e-01 5.173865556716918945e-01
5.718393325805664062e+01 -2.065445327758789062e+01 -2.674566507339477539e-01 -6.324752420186996460e-02 1.527723371982574463e-01 -8.341867327690124512e-01 5.261110067367553711e-01
5.727018737792968750e+01 -2.044913101196289062e+01 -3.526147305965423584e-01 -6.296454370021820068e-02 1.646269112825393677e-01 -8.265110254287719727e-01 5.346146225929260254e-01
5.737992095947265625e+01 -2.024907302856445312e+01 -4.476403594017028809e-01 -5.773482844233512878e-02 1.694120019674301147e-01 -8.202406167984008789e-01 5.432968735694885254e-01
5.750825500488281250e+01 -2.004984092712402344e+01 -5.416766405105590820e-01 -5.178791657090187073e-02 1.737398654222488403e-01 -8.141948580741882324e-01 5.515606403350830078e-01
5.764747619628906250e+01 -1.984397506713867188e+01 -6.262750029563903809e-01 -4.566380754113197327e-02 1.782995015382766724e-01 -8.082795143127441406e-01 5.592925548553466797e-01
5.779132080078125000e+01 -1.962538719177246094e+01 -6.928961277008056641e-01 -3.942038118839263916e-02 1.830368340015411377e-01 -8.025499582290649414e-01 5.664424300193786621e-01
5.793059921264648438e+01 -1.938810920715332031e+01 -7.275207638740539551e-01 -3.311076760292053223e-02 1.878957152366638184e-01 -7.970638275146484375e-01 5.729643106460571289e-01
5.805453109741210938e+01 -1.913155746459960938e+01 -7.185870409011840820e-01 -2.678291499614715576e-02 1.928188800811767578e-01 -7.918804883956909180e-01 5.788166522979736328e-01
5.816661453247070312e+01 -1.886387443542480469e+01 -6.786901950836181641e-01 -2.047917991876602173e-02 1.977488845586776733e-01 -7.870612740516662598e-01 5.839610695838928223e-01
5.826604461669921875e+01 -1.860037994384765625e+01 -6.183013916015625000e-01 -1.423541456460952759e-02 2.026292979717254639e-01 -7.826689481735229492e-01 5.883603692054748535e-01
5.835960006713867188e+01 -1.834233856201171875e+01 -5.491399765014648438e-01 -8.080996572971343994e-03 2.074054181575775146e-01 -7.787675857543945312e-01 5.919785499572753906e-01
5.845262527465820312e+01 -1.808969497680664062e+01 -4.796990752220153809e-01 -2.038210630416870117e-03 2.120252847671508789e-01 -7.754222750663757324e-01 5.947784185409545898e-01
5.854946136474609375e+01 -1.784239959716796875e+01 -4.164459109306335449e-01 3.877922892570495605e-03 2.164403200149536133e-01 -7.726977467536926270e-01 5.967215299606323242e-01
5.865527343750000000e+01 -1.760123825073242188e+01 -3.668322563171386719e-01 9.659707546234130859e-03 2.206062078475952148e-01 -7.706584334373474121e-01 5.977668762207031250e-01
5.877243041992187500e+01 -1.736865043640136719e+01 -3.301183879375457764e-01 1.530727744102478027e-02 2.244834005832672119e-01 -7.693669199943542480e-01 5.978690981864929199e-01
5.890184402465820312e+01 -1.714703750610351562e+01 -3.033953905105590820e-01 2.082871645689010620e-02 2.280378043651580811e-01 -7.688837051391601562e-01 5.969778895378112793e-01
5.904522323608398438e+01 -1.693932914733886719e+01 -2.847460806369781494e-01 2.624016255140304565e-02 2.312413752079010010e-01 -7.692652940750122070e-01 5.950376391410827637e-01
5.920598983764648438e+01 -1.675080490112304688e+01 -2.725933790206909180e-01 3.156635165214538574e-02 2.340723872184753418e-01 -7.705624103546142578e-01 5.919858813285827637e-01
5.938451004028320312e+01 -1.658576202392578125e+01 -2.664880454540252686e-01 4.230976104736328125e-02 2.293207645416259766e-01 -7.749632596969604492e-01 5.874127149581909180e-01
5.957894515991210938e+01 -1.644857978820800781e+01 -2.620013356208801270e-01 5.349212139844894409e-02 2.233991026878356934e-01 -7.804031372070312500e-01 5.815516710281372070e-01
5.978473663330078125e+01 -1.633944511413574219e+01 -2.579913139343261719e-01 6.504479050636291504e-02 2.163877487182617188e-01 -7.867228388786315918e-01 5.744672417640686035e-01
5.999701690673828125e+01 -1.625682449340820312e+01 -2.540746927261352539e-01 7.689851522445678711e-02 2.083681672811508179e-01 -7.937629222869873047e-01 5.662240386009216309e-01
6.021033859252929688e+01 -1.619328498840332031e+01 -2.498736530542373657e-01 8.898270130157470703e-02 1.994238644838333130e-01 -8.013644814491271973e-01 5.568905472755432129e-01
6.042223358154296875e+01 -1.614468193054199219e+01 -2.449932843446731567e-01 1.012258231639862061e-01 1.896409690380096436e-01 -8.093725442886352539e-01 5.465396046638488770e-01
6.063123703002929688e+01 -1.610777091979980469e+01 -2.389355450868606567e-01 1.135561168193817139e-01 1.791090369224548340e-01 -8.176375627517700195e-01 5.352512001991271973e-01
6.083642959594726562e+01 -1.608053588867187500e+01 -2.304363995790481567e-01 1.259017586708068848e-01 1.679203212261199951e-01 -8.260182142257690430e-01 5.231113433837890625e-01
6.103701019287109375e+01 -1.605924606323242188e+01 -2.188391089439392090e-01 1.381909400224685669e-01 1.561712771654129028e-01 -8.343824148178100586e-01 5.102154016494750977e-01
6.123270416259765625e+01 -1.604341697692871094e+01 -2.037396132946014404e-01 1.503530740737915039e-01 1.439618766307830811e-01 -8.426094651222229004e-01 4.966670572757720947e-01
6.142322921752929688e+01 -1.603021430969238281e+01 -1.857537776231765747e-01 1.623187214136123657e-01 1.313952505588531494e-01 -8.505912423133850098e-01 4.825789630413055420e-01
6.160832977294921875e+01 -1.601312446594238281e+01 -1.665405184030532837e-01 1.740205436944961548e-01 1.185772493481636047e-01 -8.582330942153930664e-01 4.680728316307067871e-01
6.178642272949218750e+01 -1.597843933105468750e+01 -1.505639553070068359e-01 1.853935420513153076e-01 1.056166738271713257e-01 -8.654553890228271484e-01 4.532784819602966309e-01
6.195417022705078125e+01 -1.592086315155029297e+01 -1.408831775188446045e-01 1.963754743337631226e-01 9.262400120496749878e-02 -8.721933364868164062e-01 4.383336305618286133e-01
6.211083984375000000e+01 -1.584760951995849609e+01 -1.378601044416427612e-01 2.069073319435119629e-01 7.971131801605224609e-02 -8.783973455429077148e-01 4.233832657337188721e-01
6.226247024536132812e+01 -1.577561569213867188e+01 -1.396472156047821045e-01 2.169336676597595215e-01 6.699132919311523438e-02 -8.840335011482238770e-01 4.085788726806640625e-01
6.241276168823242188e+01 -1.571388053894042969e+01 -1.438336223363876343e-01 2.264023572206497192e-01 5.457707494497299194e-02 -8.890817165374755859e-01 3.940775394439697266e-01
6.256007766723632812e+01 -1.565939998626708984e+01 -1.486486792564392090e-01 2.352652847766876221e-01 4.258119687438011169e-02 -8.935359120368957520e-01 3.800402283668518066e-01
6.270361328125000000e+01 -1.561050891876220703e+01 -1.536138951778411865e-01 2.434777319431304932e-01 3.111562132835388184e-02 -8.974026441574096680e-01 3.666317164897918701e-01
6.284276199340820312e+01 -1.556577587127685547e+01 -1.584777832031250000e-01 2.509981989860534668e-01 2.029093354940414429e-02 -9.006991386413574219e-01 3.540186583995819092e-01
6.297710800170898438e+01 -1.552413082122802734e+01 -1.631268262863159180e-01 2.578013539314270020e-01 1.019402593374252319e-02 -9.034596085548400879e-01 3.423380553722381592e-01
6.310657119750976562e+01 -1.548540210723876953e+01 -1.675512641668319702e-01 2.639159858226776123e-01 8.222609758377075195e-04 -9.057510495185852051e-01 3.316062092781066895e-01
6.323097610473632812e+01 -1.544904899597167969e+01 -1.716894507408142090e-01 2.693827748298645020e-01 -7.851406931877136230e-03 -9.076425433158874512e-01 3.218016326427459717e-01
6.335024261474609375e+01 -1.541477775573730469e+01 -1.755615174770355225e-01 2.742404937744140625e-01 -1.585444062948226929e-02 -9.091940522193908691e-01 3.129007518291473389e-01
6.346431350708007812e+01 -1.538238239288330078e+01 -1.791503876447677612e-01 2.785266637802124023e-01 -2.321542054414749146e-02 -9.104586243629455566e-01 3.048751950263977051e-01
6.357321166992187500e+01 -1.535195064544677734e+01 -1.824511736631393433e-01 2.822768688201904297e-01 -2.996331453323364258e-02 -9.114824533462524414e-01 2.976940274238586426e-01
6.368425750732421875e+01 -1.532102775573730469e+01 -1.856725960969924927e-01 2.855251133441925049e-01 -3.612764179706573486e-02 -9.123052954673767090e-01 2.913230061531066895e-01
6.379748535156250000e+01 -1.528999137878417969e+01 -1.887377947568893433e-01 2.869844436645507812e-01 -4.226483404636383057e-02 -9.132536649703979492e-01 2.860441803932189941e-01
6.391288757324218750e+01 -1.525850105285644531e+01 -1.917053163051605225e-01 2.882325947284698486e-01 -4.778167605400085449e-02 -9.140135049819946289e-01 2.814572155475616455e-01
6.403048706054687500e+01 -1.522654151916503906e+01 -1.945440620183944702e-01 2.893325090408325195e-01 -5.269824713468551636e-02 -9.146026372909545898e-01 2.775096893310546875e-01
6.415032196044921875e+01 -1.519422531127929688e+01 -1.971362233161926270e-01 2.903037071228027344e-01 -5.705042928457260132e-02 -9.150443673133850098e-01 2.741584479808807373e-01
6.427235412597656250e+01 -1.516135120391845703e+01 -1.996734589338302612e-01 2.911632061004638672e-01 -6.087401509284973145e-02 -9.153588414192199707e-01 2.713604569435119629e-01
6.439678192138671875e+01 -1.512796115875244141e+01 -2.018798738718032837e-01 2.919247448444366455e-01 -6.420470029115676880e-02 -9.155638217926025391e-01 2.690732777118682861e-01
6.452360534667968750e+01 -1.509397888183593750e+01 -2.039599567651748657e-01 2.926004230976104736e-01 -6.707818806171417236e-02 -9.156749248504638672e-01 2.672541141510009766e-01
6.465282440185546875e+01 -1.505936527252197266e+01 -2.057617157697677612e-01 2.932003438472747803e-01 -6.952985376119613647e-02 -9.157058000564575195e-01 2.658607363700866699e-01
6.478442382812500000e+01 -1.502410888671875000e+01 -2.072350978851318359e-01 2.937329411506652832e-01 -7.159531116485595703e-02 -9.156686067581176758e-01 2.648511826992034912e-01
6.491844177246093750e+01 -1.498814868927001953e+01 -2.084271162748336792e-01 2.942058444023132324e-01 -7.331003993749618530e-02 -9.155741333961486816e-01 2.641828358173370361e-01
6.505484008789062500e+01 -1.495140933990478516e+01 -2.090533375740051270e-01 2.946252226829528809e-01 -7.470958679914474487e-02 -9.154323339462280273e-01 2.638144493103027344e-01
6.519361877441406250e+01 -1.491382503509521484e+01 -2.091552615165710449e-01 2.949968874454498291e-01 -7.582947611808776855e-02 -9.152522683143615723e-01 2.637044191360473633e-01
6.533477020263671875e+01 -1.487530708312988281e+01 -2.085174471139907837e-01 2.953258454799652100e-01 -7.670557498931884766e-02 -9.150424599647521973e-01 2.638109922409057617e-01
6.547756958007812500e+01 -1.483410167694091797e+01 -2.069598287343978882e-01 2.942411005496978760e-01 -7.697153836488723755e-02 -9.151195287704467773e-01 2.646768391132354736e-01
6.562207794189453125e+01 -1.478972053527832031e+01 -2.049865722656250000e-01 2.930850386619567871e-01 -7.723640650510787964e-02 -9.151803255081176758e-01 2.656701803207397461e-01
6.576774597167968750e+01 -1.474051761627197266e+01 -2.026446461677551270e-01 2.918711900711059570e-01 -7.749988883733749390e-02 -9.152255654335021973e-01 2.667714953422546387e-01
6.591286468505859375e+01 -1.468235397338867188e+01 -2.003845125436782837e-01 2.906128764152526855e-01 -7.776153087615966797e-02 -9.152561426162719727e-01 2.679616510868072510e-01
6.605626678466796875e+01 -1.461396598815917969e+01 -1.988464295864105225e-01 2.893232703208923340e-01 -7.802076637744903564e-02 -9.152730703353881836e-01 2.692213952541351318e-01
6.619678497314453125e+01 -1.453457355499267578e+01 -1.985308825969696045e-01 2.880159914493560791e-01 -7.827679812908172607e-02 -9.152769446372985840e-01 2.705317735671997070e-01
6.633366394042968750e+01 -1.444430065155029297e+01 -1.998016387224197388e-01 2.867043912410736084e-01 -7.852882146835327148e-02 -9.152696132659912109e-01 2.718736231327056885e-01
6.646696472167968750e+01 -1.434435367584228516e+01 -2.027642726898193359e-01 2.854017317295074463e-01 -7.877586036920547485e-02 -9.152522087097167969e-01 2.732279896736145020e-01
6.659691619873046875e+01 -1.423589706420898438e+01 -2.074279785156250000e-01 2.841215729713439941e-01 -7.901663333177566528e-02 -9.152263402938842773e-01 2.745760083198547363e-01
6.672253417968750000e+01 -1.411871337890625000e+01 -2.142651379108428955e-01 2.828770577907562256e-01 -7.924985885620117188e-02 -9.151938557624816895e-01 2.758987843990325928e-01
6.684285736083984375e+01 -1.400183582305908203e+01 -2.218011468648910522e-01 2.816813886165618896e-01 -7.947439700365066528e-02 -9.151569008827209473e-01 2.771770656108856201e-01
6.695780944824218750e+01 -1.388521194458007812e+01 -2.300836145877838135e-01 2.805477678775787354e-01 -7.968861609697341919e-02 -9.151177406311035156e-01 2.783920168876647949e-01
6.706781768798828125e+01 -1.376941967010498047e+01 -2.391271889209747314e-01 2.794891595840454102e-01 -7.989108562469482422e-02 -9.150786995887756348e-01 2.795247137546539307e-01
6.717427825927734375e+01 -1.365575408935546875e+01 -2.483068853616714478e-01 2.785185873508453369e-01 -8.008018881082534790e-02 -9.150424599647521973e-01 2.805561423301696777e-01
6.727650451660156250e+01 -1.354366588592529297e+01 -2.581744194030761719e-01 2.776489853858947754e-01 -8.025427162647247314e-02 -9.150115847587585449e-01 2.814674079418182373e-01
6.737570953369140625e+01 -1.343419933319091797e+01 -2.679937779903411865e-01 2.768931090831756592e-01 -8.041194081306457520e-02 -9.149892926216125488e-01 2.822390496730804443e-01
6.747154235839843750e+01 -1.332707691192626953e+01 -2.782800197601318359e-01 2.762637734413146973e-01 -8.055151253938674927e-02 -9.149778485298156738e-01 2.828521132469177246e-01
6.756443023681640625e+01 -1.322266006469726562e+01 -2.885778844356536865e-01 2.757738530635833740e-01 -8.067139983177185059e-02 -9.149804115295410156e-01 2.832876443862915039e-01
6.765455627441406250e+01 -1.312109851837158203e+01 -2.989990115165710449e-01 2.754358053207397461e-01 -8.077036589384078979e-02 -9.149996638298034668e-01 2.835260033607482910e-01
6.774913024902343750e+01 -1.301414012908935547e+01 -3.105706572532653809e-01 2.752624750137329102e-01 -8.084703981876373291e-02 -9.150381088256835938e-01 2.835480272769927979e-01
6.784840393066406250e+01 -1.290198898315429688e+01 -3.229070901870727539e-01 2.752290666103363037e-01 -8.079211413860321045e-02 -9.151065349578857422e-01 2.833755612373352051e-01
6.795254516601562500e+01 -1.278486537933349609e+01 -3.368475139141082764e-01 2.753708660602569580e-01 -8.074840158224105835e-02 -9.151871204376220703e-01 2.829897105693817139e-01
6.806156158447265625e+01 -1.266273689270019531e+01 -3.517248332500457764e-01 2.756650149822235107e-01 -8.068373054265975952e-02 -9.152761697769165039e-01 2.824330925941467285e-01
6.817605590820312500e+01 -1.253627777099609375e+01 -3.684753477573394775e-01 2.760884165763854980e-01 -8.056616783142089844e-02 -9.153700470924377441e-01 2.817479968070983887e-01
6.829618835449218750e+01 -1.240561389923095703e+01 -3.867889344692230225e-01 2.766182422637939453e-01 -8.036345988512039185e-02 -9.154648184776306152e-01 2.809768319129943848e-01
6.842217254638671875e+01 -1.227104854583740234e+01 -4.069317579269409180e-01 2.772312164306640625e-01 -8.004363626241683960e-02 -9.155571460723876953e-01 2.801624536514282227e-01
6.855485534667968750e+01 -1.213349437713623047e+01 -4.294348061084747314e-01 2.779046595096588135e-01 -7.957451790571212769e-02 -9.156430363655090332e-01 2.793470025062561035e-01
6.869370269775390625e+01 -1.199243259429931641e+01 -4.536822438240051270e-01 2.786154150962829590e-01 -7.892399281263351440e-02 -9.157189726829528809e-01 2.785735130310058594e-01
6.883908843994140625e+01 -1.184829425811767578e+01 -4.797528088092803955e-01 2.793405652046203613e-01 -7.806022465229034424e-02 -9.157816171646118164e-01 2.778837084770202637e-01
6.899135589599609375e+01 -1.170146465301513672e+01 -5.074560642242431641e-01 2.800572514533996582e-01 -7.695094496011734009e-02 -9.158272743225097656e-01 2.773207128047943115e-01
6.915078735351562500e+01 -1.155221748352050781e+01 -5.362285971641540527e-01 2.807423472404479980e-01 -7.556400448083877563e-02 -9.158521294593811035e-01 2.769270539283752441e-01
6.931760406494140625e+01 -1.140067863464355469e+01 -5.649969577789306641e-01 2.813728451728820801e-01 -7.386748492717742920e-02 -9.158522486686706543e-01 2.767448425292968750e-01
6.949192047119140625e+01 -1.124674320220947266e+01 -5.919842123985290527e-01 2.819252908229827881e-01 -7.182911038398742676e-02 -9.158228039741516113e-01 2.768162786960601807e-01
6.967368316650390625e+01 -1.109002685546875000e+01 -6.141338944435119629e-01 2.823764085769653320e-01 -6.941676884889602661e-02 -9.157588481903076172e-01 2.771833837032318115e-01
6.986177062988281250e+01 -1.092889213562011719e+01 -6.251965165138244629e-01 2.827023565769195557e-01 -6.659803539514541626e-02 -9.156539440155029297e-01 2.778881192207336426e-01
7.005261230468750000e+01 -1.076012516021728516e+01 -6.213976740837097168e-01 2.828791737556457520e-01 -6.334067881107330322e-02 -9.155011177062988281e-01 2.789715826511383057e-01
7.024327850341796875e+01 -1.058174037933349609e+01 -6.030529737472534180e-01 2.828821241855621338e-01 -5.961225926876068115e-02 -9.152910709381103516e-01 2.804748713970184326e-01
7.043151855468750000e+01 -1.039252090454101562e+01 -5.722210407257080078e-01 2.826862931251525879e-01 -5.538029223680496216e-02 -9.150138497352600098e-01 2.824380993843078613e-01
7.061898803710937500e+01 -1.019408226013183594e+01 -5.344530940055847168e-01 2.822659015655517578e-01 -5.061201006174087524e-02 -9.146561622619628906e-01 2.849009633064270020e-01
7.080658721923828125e+01 -9.987201690673828125e+00 -4.920446574687957764e-01 2.815944552421569824e-01 -4.527489840984344482e-02 -9.142030477523803711e-01 2.879018187522888184e-01
7.099499511718750000e+01 -9.772377014160156250e+00 -4.464977979660034180e-01 2.806513309478759766e-01 -3.934930264949798584e-02 -9.136382937431335449e-01 2.914644777774810791e-01
7.118408966064453125e+01 -9.549434661865234375e+00 -3.987536430358886719e-01 2.794417440891265869e-01 -3.286930918693542480e-02 -9.129517078399658203e-01 2.955521941184997559e-01
7.136801910400390625e+01 -9.325452804565429688e+00 -3.511736989021301270e-01 2.779773771762847900e-01 -2.588219195604324341e-02 -9.121348261833190918e-01 3.001142740249633789e-01
7.154639434814453125e+01 -9.100071907043457031e+00 -3.045178055763244629e-01 2.762704491615295410e-01 -1.843560487031936646e-02 -9.111799001693725586e-01 3.050998449325561523e-01
7.171832275390625000e+01 -8.872541427612304688e+00 -2.597112953662872314e-01 2.743332684040069580e-01 -1.057738810777664185e-02 -9.100797176361083984e-01 3.104580640792846680e-01
7.188198089599609375e+01 -8.641475677490234375e+00 -2.181597799062728882e-01 2.721786201000213623e-01 -2.355836331844329834e-03 -9.088289141654968262e-01 3.161381185054779053e-01
7.203429412841796875e+01 -8.404872894287109375e+00 -1.822167932987213135e-01 2.698198556900024414e-01 6.180696189403533936e-03 -9.074231386184692383e-01 3.220901191234588623e-01
7.217194366455078125e+01 -8.161177635192871094e+00 -1.551513671875000000e-01 2.672712504863739014e-01 1.498357951641082764e-02 -9.058608412742614746e-01 3.282643854618072510e-01
7.229482269287109375e+01 -7.911573410034179688e+00 -1.389904767274856567e-01 2.645475268363952637e-01 2.400387078523635864e-02 -9.041423201560974121e-01 3.346117436885833740e-01
7.240570068359375000e+01 -7.658602714538574219e+00 -1.336566060781478882e-01 2.616643905639648438e-01 3.319249674677848816e-02 -9.022703170776367188e-01 3.410836458206176758e-01
7.250913238525390625e+01 -7.405140399932861328e+00 -1.378570497035980225e-01 2.586382925510406494e-01 4.250041395425796509e-02 -9.002506732940673828e-01 3.476331233978271484e-01
7.261151885986328125e+01 -7.154051303863525391e+00 -1.468463093042373657e-01 2.554866075515747070e-01 5.187848210334777832e-02 -8.980911970138549805e-01 3.542136549949645996e-01
7.271701049804687500e+01 -6.906991958618164062e+00 -1.575225740671157837e-01 2.522274255752563477e-01 6.127765774726867676e-02 -8.958035707473754883e-01 3.607802987098693848e-01
7.282652282714843750e+01 -6.664359569549560547e+00 -1.680743396282196045e-01 2.488799840211868286e-01 7.064887881278991699e-02 -8.934017419815063477e-01 3.672882318496704102e-01
7.293916320800781250e+01 -6.425796985626220703e+00 -1.778686493635177612e-01 2.454642206430435181e-01 7.994321733713150024e-02 -8.909034729003906250e-01 3.736942410469055176e-01
7.305350494384765625e+01 -6.190676212310791016e+00 -1.869714260101318359e-01 2.420007437467575073e-01 8.911234140396118164e-02 -8.883283734321594238e-01 3.799571394920349121e-01
7.317008972167968750e+01 -5.959265232086181641e+00 -1.951074153184890747e-01 2.385110557079315186e-01 9.810803085565567017e-02 -8.856993317604064941e-01 3.860363662242889404e-01
7.328759002685546875e+01 -5.730935096740722656e+00 -2.025366127490997314e-01 2.350171506404876709e-01 1.068824604153633118e-01 -8.830419778823852539e-01 3.918925821781158447e-01
7.340584564208984375e+01 -5.505599021911621094e+00 -2.093194574117660522e-01 2.315419912338256836e-01 1.153883039951324463e-01 -8.803844451904296875e-01 3.974884748458862305e-01
7.352428436279296875e+01 -5.282976627349853516e+00 -2.156011909246444702e-01 2.281088829040527344e-01 1.235785409808158875e-01 -8.777571320533752441e-01 4.027864933013916016e-01
7.364355468750000000e+01 -5.063367843627929688e+00 -2.211431860923767090e-01 2.244643867015838623e-01 1.312794983386993408e-01 -8.752700090408325195e-01 4.077791571617126465e-01
7.376178741455078125e+01 -4.845793247222900391e+00 -2.266967743635177612e-01 2.209412157535552979e-01 1.385690420866012573e-01 -8.728719353675842285e-01 4.124053418636322021e-01
7.388101196289062500e+01 -4.631327152252197266e+00 -2.313812226057052612e-01 2.175805270671844482e-01 1.453921049833297729e-01 -8.705936074256896973e-01 4.166373014450073242e-01
7.399967193603515625e+01 -4.419101238250732422e+00 -2.359069734811782837e-01 2.144239991903305054e-01 1.516948640346527100e-01 -8.684659600257873535e-01 4.204494655132293701e-01
7.411725616455078125e+01 -4.208846092224121094e+00 -2.404943853616714478e-01 2.115138471126556396e-01 1.574236452579498291e-01 -8.665214180946350098e-01 4.238163530826568604e-01
7.423466491699218750e+01 -4.001011848449707031e+00 -2.447052001953125000e-01 2.088922411203384399e-01 1.625251471996307373e-01 -8.647922277450561523e-01 4.267130196094512939e-01
7.435140228271484375e+01 -3.795333385467529297e+00 -2.487933337688446045e-01 2.066009044647216797e-01 1.669463813304901123e-01 -8.633109331130981445e-01 4.291146695613861084e-01
7.446706390380859375e+01 -3.591567993164062500e+00 -2.529907226562500000e-01 2.046810537576675415e-01 1.706339418888092041e-01 -8.621088862419128418e-01 4.309963583946228027e-01
7.458171844482421875e+01 -3.389729738235473633e+00 -2.572662234306335449e-01 2.031725794076919556e-01 1.735335886478424072e-01 -8.612174391746520996e-01 4.323324561119079590e-01
7.469581604003906250e+01 -3.190051555633544922e+00 -2.612743973731994629e-01 2.021138221025466919e-01 1.755904257297515869e-01 -8.606658577919006348e-01 4.330959618091583252e-01
7.480884552001953125e+01 -2.992237567901611328e+00 -2.654357850551605225e-01 2.015410661697387695e-01 1.767480969429016113e-01 -8.604813218116760254e-01 4.332588315010070801e-01
7.492080688476562500e+01 -2.796274662017822266e+00 -2.697637975215911865e-01 2.014878094196319580e-01 1.769490092992782593e-01 -8.606882095336914062e-01 4.327902793884277344e-01
7.503173828125000000e+01 -2.602146863937377930e+00 -2.741979956626892090e-01 2.015963792800903320e-01 1.759578585624694824e-01 -8.614247441291809082e-01 4.316771626472473145e-01
7.514166259765625000e+01 -2.409868478775024414e+00 -2.785681188106536865e-01 2.020927667617797852e-01 1.738034486770629883e-01 -8.626465201377868652e-01 4.298743605613708496e-01
7.525056457519531250e+01 -2.219408273696899414e+00 -2.831475734710693359e-01 2.031025290489196777e-01 1.704691052436828613e-01 -8.643330335617065430e-01 4.273383021354675293e-01
7.535844421386718750e+01 -2.030761003494262695e+00 -2.879534959793090820e-01 2.046512067317962646e-01 1.658911406993865967e-01 -8.664863705635070801e-01 4.240276217460632324e-01
7.546527862548828125e+01 -1.843898534774780273e+00 -2.929724156856536865e-01 2.067621648311614990e-01 1.600052416324615479e-01 -8.690999746322631836e-01 4.198965430259704590e-01
7.557080078125000000e+01 -1.658658385276794434e+00 -2.980322241783142090e-01 2.094557136297225952e-01 1.527453660964965820e-01 -8.721577525138854980e-01 4.148951172828674316e-01
7.567538452148437500e+01 -1.475237846374511719e+00 -3.033697307109832764e-01 2.127503901720046997e-01 1.440440416336059570e-01 -8.756328821182250977e-01 4.089688956737518311e-01
7.577905273437500000e+01 -1.293647170066833496e+00 -3.089990019798278809e-01 2.166607528924942017e-01 1.338328421115875244e-01 -8.794864416122436523e-01 4.020577669143676758e-01
7.588181304931640625e+01 -1.113904237747192383e+00 -3.149230778217315674e-01 2.211765348911285400e-01 1.220924258232116699e-01 -8.836504817008972168e-01 3.941273093223571777e-01
7.598282623291015625e+01 -9.355888366699218750e-01 -3.209057450294494629e-01 2.262008637189865112e-01 1.090011745691299438e-01 -8.879891633987426758e-01 3.852624595165252686e-01
7.608295440673828125e+01 -7.592724561691284180e-01 -3.270959258079528809e-01 2.316166013479232788e-01 9.479092061519622803e-02 -8.923593163490295410e-01 3.755839169025421143e-01
7.618218231201171875e+01 -5.850230455398559570e-01 -3.334368765354156494e-01 2.373099625110626221e-01 7.969658076763153076e-02 -8.966313600540161133e-01 3.652185797691345215e-01
7.628035736083984375e+01 -4.128234386444091797e-01 -3.398565649986267090e-01 2.431704252958297729e-01 6.395712494850158691e-02 -9.006922841072082520e-01 3.543037772178649902e-01
7.637603759765625000e+01 -2.419666945934295654e-01 -3.461456298828125000e-01 2.490927129983901978e-01 4.781472310423851013e-02 -9.044489264488220215e-01 3.429850339889526367e-01
7.647075653076171875e+01 -7.335221767425537109e-02 -3.524139225482940674e-01 2.549768686294555664e-01 3.151378035545349121e-02 -9.078305363655090332e-01 3.314171135425567627e-01
7.656443023681640625e+01 9.298375993967056274e-02 -3.586065471172332764e-01 2.607295215129852295e-01 1.530059427022933960e-02 -9.107891321182250977e-01 3.197643160820007324e-01
7.665517425537109375e+01 2.580013573169708252e-01 -3.645501732826232910e-01 2.662635743618011475e-01 -5.781799554824829102e-04 -9.132998585700988770e-01 3.081989288330078125e-01
7.674338531494140625e+01 4.214414358139038086e-01 -3.702203333377838135e-01 2.714989185333251953e-01 -1.587624102830886841e-02 -9.153611063957214355e-01 2.969012260437011719e-01
7.683040618896484375e+01 5.825342535972595215e-01 -3.756549060344696045e-01 2.763621211051940918e-01 -3.034872561693191528e-02 -9.169919490814208984e-01 2.860569953918457031e-01
7.690956878662109375e+01 7.425791025161743164e-01 -3.805456459522247314e-01 2.807859778404235840e-01 -4.375284165143966675e-02 -9.182307720184326172e-01 2.758574485778808594e-01
7.698449707031250000e+01 8.997680544853210449e-01 -3.849999904632568359e-01 2.847082912921905518e-01 -5.584851652383804321e-02 -9.191310405731201172e-01 2.664963006973266602e-01
7.703697204589843750e+01 1.060505032539367676e+00 -3.884435892105102539e-01 2.880712747573852539e-01 -6.639797240495681763e-02 -9.197579026222229004e-01 2.581697702407836914e-01
7.692670440673828125e+01 1.035732746124267578e+00 -3.873846232891082764e-01 2.908195555210113525e-01 -7.516601681709289551e-02 -9.201825261116027832e-01 2.510737776756286621e-01
7.681409454345703125e+01 9.246633648872375488e-01 -3.860168457031250000e-01 2.928983271121978760e-01 -8.191879093647003174e-02 -9.204763770103454590e-01 2.454036772251129150e-01
7.670921325683593750e+01 8.095915913581848145e-01 -3.838665783405303955e-01 2.934451699256896973e-01 -8.361259102821350098e-02 -9.209793806076049805e-01 2.422719746828079224e-01
7.660959625244140625e+01 6.941924691200256348e-01 -3.817590177059173584e-01 2.932946383953094482e-01 -8.413896709680557251e-02 -9.214126467704772949e-01 2.406193315982818604e-01
7.651377868652343750e+01 5.799034237861633301e-01 -3.798034489154815674e-01 2.932450473308563232e-01 -8.431173861026763916e-02 -9.215541481971740723e-01 2.400762736797332764e-01
7.642000579833984375e+01 4.682515263557434082e-01 -3.778948783874511719e-01 2.933057546615600586e-01 -8.410012722015380859e-02 -9.213806986808776855e-01 2.407413125038146973e-01
7.632907104492187500e+01 3.576611876487731934e-01 -3.748413026332855225e-01 2.910877466201782227e-01 -7.734068483114242554e-02 -9.215820431709289551e-01 2.448935359716415405e-01
7.624008941650390625e+01 2.493806034326553345e-01 -3.712823390960693359e-01 2.879157662391662598e-01 -6.767987459897994995e-02 -9.216628670692443848e-01 2.511206865310668945e-01
7.615278625488281250e+01 1.436858028173446655e-01 -3.672222793102264404e-01 2.838540971279144287e-01 -5.541501194238662720e-02 -9.215134382247924805e-01 2.591699063777923584e-01
7.606727600097656250e+01 4.053549841046333313e-02 -3.627087175846099854e-01 2.789645195007324219e-01 -4.084528237581253052e-02 -9.210132956504821777e-01 2.687842547893524170e-01
7.598470306396484375e+01 -6.095371022820472717e-02 -3.579852283000946045e-01 2.733101844787597656e-01 -2.427380532026290894e-02 -9.200425148010253906e-01 2.797034382820129395e-01
7.590412902832031250e+01 -1.599666625261306763e-01 -3.529077172279357910e-01 2.669586241245269775e-01 -6.008811295032501221e-03 -9.184917211532592773e-01 2.916672527790069580e-01
7.582563018798828125e+01 -2.565088272094726562e-01 -3.475323319435119629e-01 2.599849104881286621e-01 1.363651454448699951e-02 -9.162703156471252441e-01 3.044184446334838867e-01
7.574934387207031250e+01 -3.505903482437133789e-01 -3.419244289398193359e-01 2.524726986885070801e-01 3.434407711029052734e-02 -9.133136868476867676e-01 3.177045881748199463e-01
7.567532348632812500e+01 -4.422053396701812744e-01 -3.361560106277465820e-01 2.445163875818252563e-01 5.579222366213798523e-02 -9.095889329910278320e-01 3.312807381153106689e-01
7.560408782958984375e+01 -5.316432714462280273e-01 -3.304504454135894775e-01 2.362208068370819092e-01 7.765726000070571899e-02 -9.050990343093872070e-01 3.449125587940216064e-01
7.553538513183593750e+01 -6.186068058013916016e-01 -3.247662186622619629e-01 2.277021855115890503e-01 9.961599856615066528e-02 -8.998851180076599121e-01 3.583782017230987549e-01
7.546917724609375000e+01 -7.029682993888854980e-01 -3.191528320312500000e-01 2.190868109464645386e-01 1.213477030396461487e-01 -8.940278291702270508e-01 3.714700639247894287e-01
7.540553283691406250e+01 -7.846544384956359863e-01 -3.136901855468750000e-01 2.105105221271514893e-01 1.425372362136840820e-01 -8.876451253890991211e-01 3.839980959892272949e-01
7.534445953369140625e+01 -8.635770082473754883e-01 -3.084545731544494629e-01 2.021178454160690308e-01 1.628750264644622803e-01 -8.808932900428771973e-01 3.957866132259368896e-01
7.528598785400390625e+01 -9.396379590034484863e-01 -3.035180568695068359e-01 1.940599381923675537e-01 1.820611655712127686e-01 -8.739604949951171875e-01 4.066783189773559570e-01
7.523011779785156250e+01 -1.012730479240417480e+00 -2.989483475685119629e-01 1.864929199218750000e-01 1.998051553964614868e-01 -8.670638799667358398e-01 4.165315032005310059e-01
7.517697143554687500e+01 -1.082862019538879395e+00 -2.948614358901977539e-01 1.795765459537506104e-01 2.158256322145462036e-01 -8.604423999786376953e-01 4.252180457115173340e-01
7.512644958496093750e+01 -1.149852156639099121e+00 -2.912786900997161865e-01 1.734724342823028564e-01 2.298495471477508545e-01 -8.543511629104614258e-01 4.326205253601074219e-01
7.507845306396484375e+01 -1.213529348373413086e+00 -2.882238626480102539e-01 1.683421134948730469e-01 2.416113615036010742e-01 -8.490521311759948730e-01 4.386289715766906738e-01
7.503294372558593750e+01 -1.273784041404724121e+00 -2.857409715652465820e-01 1.643457710742950439e-01 2.508485615253448486e-01 -8.448058962821960449e-01 4.431347250938415527e-01
7.498992156982421875e+01 -1.330477714538574219e+00 -2.838208079338073730e-01 1.607412397861480713e-01 2.570143640041351318e-01 -8.421158790588378906e-01 4.460343122482299805e-01
7.494930267333984375e+01 -1.383674860000610352e+00 -2.824987769126892090e-01 1.586603820323944092e-01 2.606300711631774902e-01 -8.406357765197753906e-01 4.474710226058959961e-01
7.491104888916015625e+01 -1.433196067810058594e+00 -2.820428311824798584e-01 1.586966812610626221e-01 2.606079578399658203e-01 -8.406980633735656738e-01 4.473538398742675781e-01
7.487511444091796875e+01 -1.479660511016845703e+00 -2.816131412982940674e-01 1.589811593294143677e-01 2.604345083236694336e-01 -8.411861062049865723e-01 4.464355111122131348e-01
7.484150695800781250e+01 -1.522795081138610840e+00 -2.816271781921386719e-01 1.603966355323791504e-01 2.583992779254913330e-01 -8.425801992416381836e-01 4.444786608219146729e-01
7.481023406982421875e+01 -1.562487006187438965e+00 -2.822845280170440674e-01 1.633267700672149658e-01 2.536884844303131104e-01 -8.450623750686645508e-01 4.414022564888000488e-01
7.477947235107421875e+01 -1.601289272308349609e+00 -2.833441197872161865e-01 1.672240495681762695e-01 2.472285628318786621e-01 -8.482649922370910645e-01 4.374477267265319824e-01
7.474924468994140625e+01 -1.639258861541748047e+00 -2.847760021686553955e-01 1.719587445259094238e-01 2.391499578952789307e-01 -8.520596027374267578e-01 4.327029883861541748e-01
7.471961975097656250e+01 -1.676508784294128418e+00 -2.865783572196960449e-01 1.773990243673324585e-01 2.295830696821212769e-01 -8.563138842582702637e-01 4.272560775279998779e-01
7.469056701660156250e+01 -1.713034272193908691e+00 -2.886877357959747314e-01 1.830437183380126953e-01 2.185098975896835327e-01 -8.610141277313232422e-01 4.211924076080322266e-01
7.466207885742187500e+01 -1.748906612396240234e+00 -2.910821437835693359e-01 1.890309154987335205e-01 2.061769366264343262e-01 -8.659382462501525879e-01 4.146195650100708008e-01
7.463414001464843750e+01 -1.784196138381958008e+00 -2.937390208244323730e-01 1.954213678836822510e-01 1.927999556064605713e-01 -8.709004521369934082e-01 4.076408743858337402e-01
7.460674285888671875e+01 -1.818963289260864258e+00 -2.966241240501403809e-01 2.021296322345733643e-01 1.785390377044677734e-01 -8.757721185684204102e-01 4.003630578517913818e-01
7.457988739013671875e+01 -1.853266119956970215e+00 -2.997052073478698730e-01 2.090723067522048950e-01 1.635582149028778076e-01 -8.804367780685424805e-01 3.928977549076080322e-01
7.455354309082031250e+01 -1.887157678604125977e+00 -3.029431104660034180e-01 2.161685526371002197e-01 1.480254679918289185e-01 -8.847906589508056641e-01 3.853636980056762695e-01
7.452770996093750000e+01 -1.920686960220336914e+00 -3.063006401062011719e-01 2.233405411243438721e-01 1.321123540401458740e-01 -8.887447714805603027e-01 3.778863251209259033e-01
7.450233459472656250e+01 -1.953896760940551758e+00 -3.097381591796875000e-01 2.305139750242233276e-01 1.159934327006340027e-01 -8.922253847122192383e-01 3.705976605415344238e-01
7.447740173339843750e+01 -1.986824154853820801e+00 -3.132147192955017090e-01 2.376181632280349731e-01 9.984578192234039307e-02 -8.951743245124816895e-01 3.636360764503479004e-01
7.445285034179687500e+01 -2.019499540328979492e+00 -3.166888356208801270e-01 2.445866167545318604e-01 8.384803682565689087e-02 -8.975489139556884766e-01 3.571454882621765137e-01
7.442864227294921875e+01 -2.051946878433227539e+00 -3.201220631599426270e-01 2.513568401336669922e-01 6.817923486232757568e-02 -8.993206620216369629e-01 3.512744605541229248e-01
7.440471649169921875e+01 -2.084187507629394531e+00 -3.234851062297821045e-01 2.572996914386749268e-01 5.276236310601234436e-02 -9.006302952766418457e-01 3.462342917919158936e-01
7.438106536865234375e+01 -2.116202592849731445e+00 -3.267480432987213135e-01 2.629672884941101074e-01 3.792138770222663879e-02 -9.013774991035461426e-01 3.419481813907623291e-01
7.435769653320312500e+01 -2.147967338562011719e+00 -3.298889100551605225e-01 2.683695256710052490e-01 2.373874932527542114e-02 -9.016206264495849609e-01 3.383702933788299561e-01
7.433456420898437500e+01 -2.179456472396850586e+00 -3.328838944435119629e-01 2.735094428062438965e-01 1.029431819915771484e-02 -9.014193415641784668e-01 3.354544341564178467e-01
7.431169891357421875e+01 -2.210644721984863281e+00 -3.357110619544982910e-01 2.783835232257843018e-01 -2.335458993911743164e-03 -9.008366465568542480e-01 3.331525325775146484e-01
7.428907012939453125e+01 -2.241505384445190430e+00 -3.383489847183227539e-01 2.829813957214355469e-01 -1.407725363969802856e-02 -8.999367356300354004e-01 3.314170241355895996e-01
7.426672363281250000e+01 -2.272033452987670898e+00 -3.407885730266571045e-01 2.872866392135620117e-01 -2.486070245504379272e-02 -8.987854719161987305e-01 3.302015662193298340e-01
7.424460601806640625e+01 -2.302185297012329102e+00 -3.430010974407196045e-01 2.912762165069580078e-01 -3.461927175521850586e-02 -8.974494934082031250e-01 3.294604420661926270e-01
7.422271728515625000e+01 -2.331934452056884766e+00 -3.449670374393463135e-01 2.949219644069671631e-01 -4.328930377960205078e-02 -8.959951996803283691e-01 3.291498720645904541e-01
7.420104980468750000e+01 -2.361258268356323242e+00 -3.466711342334747314e-01 2.981907725334167480e-01 -5.081033706665039062e-02 -8.944883346557617188e-01 3.292279839515686035e-01
7.417922973632812500e+01 -2.390201091766357422e+00 -3.475579619407653809e-01 3.001709878444671631e-01 -5.475869774818420410e-02 -8.931410312652587891e-01 3.304509520530700684e-01
7.415703582763671875e+01 -2.418774366378784180e+00 -3.473297059535980225e-01 3.003392219543457031e-01 -5.382841080427169800e-02 -8.921129107475280762e-01 3.332166075706481934e-01
7.413524627685546875e+01 -2.446826219558715820e+00 -3.471057116985321045e-01 3.004941940307617188e-01 -5.295635014772415161e-02 -8.911418318748474121e-01 3.358047604560852051e-01
7.411605072021484375e+01 -2.471564769744873047e+00 -3.469079434871673584e-01 3.006318211555480957e-01 -5.216891318559646606e-02 -8.902590870857238770e-01 3.381384909152984619e-01
7.409942626953125000e+01 -2.492977619171142578e+00 -3.467364311218261719e-01 3.007486462593078613e-01 -5.149173736572265625e-02 -8.894953131675720215e-01 3.401424288749694824e-01
7.408540344238281250e+01 -2.511050701141357422e+00 -3.465923964977264404e-01 3.008407354354858398e-01 -5.095075070858001709e-02 -8.888820409774780273e-01 3.417416214942932129e-01
7.407400512695312500e+01 -2.525771379470825195e+00 -3.464739918708801270e-01 3.009046614170074463e-01 -5.057157576084136963e-02 -8.884507417678833008e-01 3.428617119789123535e-01
7.406523895263671875e+01 -2.537126064300537109e+00 -3.463830351829528809e-01 3.009368777275085449e-01 -5.037991702556610107e-02 -8.882321119308471680e-01 3.434273600578308105e-01
7.405912780761718750e+01 -2.545102357864379883e+00 -3.463183641433715820e-01 3.009332418441772461e-01 -5.040168017148971558e-02 -8.882570266723632812e-01 3.433631658554077148e-01
7.405567932128906250e+01 -2.549687385559082031e+00 -3.462798893451690674e-01 3.008893728256225586e-01 -5.066299438476562500e-02 -8.885548710823059082e-01 3.425916135311126709e-01
7.405341339111328125e+01 -2.551202774047851562e+00 -3.441448807716369629e-01 2.970518767833709717e-01 -4.198216646909713745e-02 -8.896639943122863770e-01 3.442316949367523193e-01
7.405027008056640625e+01 -2.553739309310913086e+00 -3.415564000606536865e-01 2.924720644950866699e-01 -3.166852891445159912e-02 -8.910291790962219238e-01 3.457226753234863281e-01
7.404626464843750000e+01 -2.557321310043334961e+00 -3.385540843009948730e-01 2.872222363948822021e-01 -1.989018172025680542e-02 -8.925597667694091797e-01 3.470516800880432129e-01
7.404143524169921875e+01 -2.561972856521606445e+00 -3.351763784885406494e-01 2.813756465911865234e-01 -6.816975772380828857e-03 -8.941670656204223633e-01 3.482048213481903076e-01
7.403581237792968750e+01 -2.567716598510742188e+00 -3.314666748046875000e-01 2.750075459480285645e-01 7.380180060863494873e-03 -8.957654833793640137e-01 3.491713404655456543e-01
7.402943420410156250e+01 -2.574571847915649414e+00 -3.274688720703125000e-01 2.681957185268402100e-01 2.252837270498275757e-02 -8.972762227058410645e-01 3.499413728713989258e-01
7.402231597900390625e+01 -2.582556724548339844e+00 -3.232318162918090820e-01 2.610209584236145020e-01 3.845353052020072937e-02 -8.986281156539916992e-01 3.505093157291412354e-01
7.401450347900390625e+01 -2.591683387756347656e+00 -3.188024759292602539e-01 2.535680532455444336e-01 5.498065426945686340e-02 -8.997601270675659180e-01 3.508734107017517090e-01
7.400599670410156250e+01 -2.601960897445678711e+00 -3.142339885234832764e-01 2.459248602390289307e-01 7.193383574485778809e-02 -9.006220698356628418e-01 3.510358929634094238e-01
7.399682617187500000e+01 -2.613393545150756836e+00 -3.095800578594207764e-01 2.381834536790847778e-01 8.913713693618774414e-02 -9.011767506599426270e-01 3.510037660598754883e-01
7.398699188232421875e+01 -2.625981330871582031e+00 -3.048937916755676270e-01 2.304393351078033447e-01 1.064153239130973816e-01 -9.013990759849548340e-01 3.507894277572631836e-01
7.397649383544921875e+01 -2.639717578887939453e+00 -3.002307116985321045e-01 2.227914035320281982e-01 1.235937550663948059e-01 -9.012778401374816895e-01 3.504094183444976807e-01
7.396534729003906250e+01 -2.654592037200927734e+00 -2.956451475620269775e-01 2.153418809175491333e-01 1.404999345541000366e-01 -9.008146524429321289e-01 3.498862981796264648e-01
7.395352172851562500e+01 -2.670588254928588867e+00 -2.911889553070068359e-01 2.081952244043350220e-01 1.569642126560211182e-01 -9.000240564346313477e-01 3.492473363876342773e-01
7.394102478027343750e+01 -2.687688350677490234e+00 -2.869146764278411865e-01 2.014590203762054443e-01 1.728182584047317505e-01 -8.989323377609252930e-01 3.485234677791595459e-01
7.392783355712890625e+01 -2.705866575241088867e+00 -2.828729152679443359e-01 1.952419281005859375e-01 1.878982186317443848e-01 -8.975768685340881348e-01 3.477507531642913818e-01
7.391393280029296875e+01 -2.725097179412841797e+00 -2.791094779968261719e-01 1.896545737981796265e-01 2.020423710346221924e-01 -8.960041403770446777e-01 3.469677567481994629e-01
7.389929199218750000e+01 -2.745350599288940430e+00 -2.756701707839965820e-01 1.848081648349761963e-01 2.150928378105163574e-01 -8.942679762840270996e-01 3.462163805961608887e-01
7.388388824462890625e+01 -2.766594886779785156e+00 -2.725970447063446045e-01 1.808148026466369629e-01 2.268939316272735596e-01 -8.924278020858764648e-01 3.455397784709930420e-01
7.386769104003906250e+01 -2.788796663284301758e+00 -2.699316442012786865e-01 1.777865886688232422e-01 2.372925281524658203e-01 -8.905452489852905273e-01 3.449830710887908936e-01
7.385106658935546875e+01 -2.810519456863403320e+00 -2.697924673557281494e-01 1.793062090873718262e-01 2.370932102203369141e-01 -8.911464214324951172e-01 3.427740037441253662e-01
7.383352661132812500e+01 -2.833390474319458008e+00 -2.696649134159088135e-01 1.811306625604629517e-01 2.371035516262054443e-01 -8.914277553558349609e-01 3.410718142986297607e-01
7.381510162353515625e+01 -2.857402801513671875e+00 -2.695465087890625000e-01 1.831996440887451172e-01 2.373027056455612183e-01 -8.914155364036560059e-01 3.398582935333251953e-01
7.379576873779296875e+01 -2.882551193237304688e+00 -2.694323658943176270e-01 1.854447722434997559e-01 2.376708984375000000e-01 -8.911341428756713867e-01 3.391205966472625732e-01
7.377554321289062500e+01 -2.908831119537353516e+00 -2.693212926387786865e-01 1.877920031547546387e-01 2.381893396377563477e-01 -8.906069993972778320e-01 3.388496637344360352e-01
7.375461578369140625e+01 -2.936352252960205078e+00 -2.692590355873107910e-01 1.899572461843490601e-01 2.387830615043640137e-01 -8.899233341217041016e-01 3.390211462974548340e-01
7.373295593261718750e+01 -2.964901685714721680e+00 -2.690917849540710449e-01 1.898408085107803345e-01 2.388757467269897461e-01 -8.897577524185180664e-01 3.394553959369659424e-01
7.371043395996093750e+01 -2.994580030441284180e+00 -2.689184546470642090e-01 1.896020472049713135e-01 2.390652596950531006e-01 -8.894180655479431152e-01 3.403441309928894043e-01
7.368702697753906250e+01 -3.025387287139892578e+00 -2.687390148639678955e-01 1.892404556274414062e-01 2.393516302108764648e-01 -8.889026045799255371e-01 3.416882753372192383e-01
7.366275787353515625e+01 -3.057323455810546875e+00 -2.685534656047821045e-01 1.887559145689010620e-01 2.397339195013046265e-01 -8.882097005844116211e-01 3.434855639934539795e-01
7.363761901855468750e+01 -3.090389966964721680e+00 -2.683618068695068359e-01 1.881491541862487793e-01 2.402104139328002930e-01 -8.873383402824401855e-01 3.457302451133728027e-01
7.361161804199218750e+01 -3.124585151672363281e+00 -2.681640684604644775e-01 1.874219775199890137e-01 2.407782226800918579e-01 -8.862888813018798828e-01 3.484117686748504639e-01
7.358474731445312500e+01 -3.159908771514892578e+00 -2.679601907730102539e-01 1.865773499011993408e-01 2.414332926273345947e-01 -8.850629329681396484e-01 3.515143692493438721e-01
7.355702209472656250e+01 -3.196356773376464844e+00 -2.677502334117889404e-01 1.856195181608200073e-01 2.421704828739166260e-01 -8.836635947227478027e-01 3.550175726413726807e-01
7.352845764160156250e+01 -3.233927249908447266e+00 -2.675341665744781494e-01 1.845540404319763184e-01 2.429834604263305664e-01 -8.820956945419311523e-01 3.588955104351043701e-01
7.349903869628906250e+01 -3.272616386413574219e+00 -2.673120200634002686e-01 1.833875328302383423e-01 2.438650429248809814e-01 -8.803656697273254395e-01 3.631184101104736328e-01
7.346879577636718750e+01 -3.312418460845947266e+00 -2.670837342739105225e-01 1.821274757385253906e-01 2.448075264692306519e-01 -8.784813880920410156e-01 3.676536083221435547e-01
7.343772125244140625e+01 -3.353329420089721680e+00 -2.668493688106536865e-01 1.807818114757537842e-01 2.458029389381408691e-01 -8.764513731002807617e-01 3.724671602249145508e-01
