1.700519561767578125e+01 5.264543533325195312e+00 4.464320659637451172e+00 -6.319928914308547974e-02 2.897089719772338867e-01 -3.215273320674896240e-01 8.992745280265808105e-01
1.701975059509277344e+01 5.266878128051757812e+00 4.464675903320312500e+00 -6.124001741409301758e-02 2.737922072410583496e-01 -3.223930597305297852e-01 9.040741920471191406e-01
1.703545379638671875e+01 5.269377708435058594e+00 4.464930057525634766e+00 -5.903622508049011230e-02 2.555245161056518555e-01 -3.232320249080657959e-01 9.092540740966796875e-01
1.705233573913574219e+01 5.272051811218261719e+00 4.465115070343017578e+00 -5.668012052774429321e-02 2.351054251194000244e-01 -3.240642547607421875e-01 9.146010875701904297e-01
1.707041931152343750e+01 5.274905681610107422e+00 4.465264797210693359e+00 -5.426519364118576050e-02 2.127406299114227295e-01 -3.249112367630004883e-01 9.199072122573852539e-01
1.708972930908203125e+01 5.277946472167968750e+00 4.465416908264160156e+00 -5.188611522316932678e-02 1.886445432901382446e-01 -3.257982730865478516e-01 9.249738454818725586e-01
1.711027717590332031e+01 5.281180381774902344e+00 4.465607643127441406e+00 -4.963767528533935547e-02 1.630397439002990723e-01 -3.267545998096466064e-01 9.296157956123352051e-01
1.713208198547363281e+01 5.284615516662597656e+00 4.465878009796142578e+00 -4.761625081300735474e-02 1.361580789089202881e-01 -3.278156220912933350e-01 9.336652159690856934e-01
1.715515899658203125e+01 5.287997722625732422e+00 4.466271400451660156e+00 -4.591809958219528198e-02 1.082397177815437317e-01 -3.290224075317382812e-01 9.369737505912780762e-01
1.717971611022949219e+01 5.287216186523437500e+00 4.466885089874267578e+00 -4.464001208543777466e-02 7.953188568353652954e-02 -3.304229974746704102e-01 9.394161105155944824e-01
1.720553398132324219e+01 5.286442279815673828e+00 4.467702388763427734e+00 -4.387901723384857178e-02 5.028806999325752258e-02 -3.320718407630920410e-01 9.408900737762451172e-01
1.723260116577148438e+01 5.285686492919921875e+00 4.468759536743164062e+00 -4.373100399971008301e-02 2.076534368097782135e-02 -3.340306878089904785e-01 9.413182139396667480e-01
1.726089286804199219e+01 5.284965515136718750e+00 4.470095634460449219e+00 -4.429143294692039490e-02 -8.777033537626266479e-03 -3.363674283027648926e-01 9.406477212905883789e-01
1.729038047790527344e+01 5.284295082092285156e+00 4.471743583679199219e+00 -4.565552622079849243e-02 -3.807962313294410706e-02 -3.391568064689636230e-01 9.388493895530700684e-01
1.732103729248046875e+01 5.283693313598632812e+00 4.473733425140380859e+00 -4.791621863842010498e-02 -6.688623875379562378e-02 -3.424789905548095703e-01 9.359158277511596680e-01
1.735282707214355469e+01 5.283185958862304688e+00 4.476092815399169922e+00 -5.116590857505798340e-02 -9.494331479072570801e-02 -3.464191257953643799e-01 9.318592548370361328e-01
1.738571166992187500e+01 5.282797336578369141e+00 4.478847026824951172e+00 -5.549626052379608154e-02 -1.220044642686843872e-01 -3.510669767856597900e-01 9.267076849937438965e-01
1.741958427429199219e+01 5.281751632690429688e+00 4.482040405273437500e+00 -6.099726259708404541e-02 -1.478297710418701172e-01 -3.565149307250976562e-01 9.205013513565063477e-01
1.745424842834472656e+01 5.278253078460693359e+00 4.485747337341308594e+00 -6.775843352079391479e-02 -1.721879988908767700e-01 -3.628569245338439941e-01 9.132879376411437988e-01
1.748988914489746094e+01 5.274868011474609375e+00 4.489906311035156250e+00 -7.586886733770370483e-02 -1.948559135198593140e-01 -3.701887726783752441e-01 9.051162004470825195e-01
1.752648353576660156e+01 5.271646499633789062e+00 4.494531154632568359e+00 -8.541747927665710449e-02 -2.156198173761367798e-01 -3.786041736602783203e-01 8.960306048393249512e-01
1.756194686889648438e+01 5.268912315368652344e+00 4.499351024627685547e+00 -9.643663465976715088e-02 -2.343139797449111938e-01 -3.881499469280242920e-01 8.860793709754943848e-01
1.759631729125976562e+01 5.266668796539306641e+00 4.504314899444580078e+00 -1.087340265512466431e-01 -2.509392499923706055e-01 -3.986955285072326660e-01 8.753560781478881836e-01
1.762965583801269531e+01 5.264904499053955078e+00 4.509366512298583984e+00 -1.220595017075538635e-01 -2.655390501022338867e-01 -4.100633859634399414e-01 8.639667034149169922e-01
1.766202545166015625e+01 5.263598918914794922e+00 4.514455795288085938e+00 -1.361628025770187378e-01 -2.781606614589691162e-01 -4.220769703388214111e-01 8.520196080207824707e-01
1.769349098205566406e+01 5.262724399566650391e+00 4.519540786743164062e+00 -1.507944613695144653e-01 -2.888556420803070068e-01 -4.345625936985015869e-01 8.396301865577697754e-01
1.772388648986816406e+01 5.260932445526123047e+00 4.524711608886718750e+00 -1.657068729400634766e-01 -2.976808547973632812e-01 -4.473524987697601318e-01 8.269239068031311035e-01
1.775343322753906250e+01 5.259108543395996094e+00 4.529849529266357422e+00 -1.806562542915344238e-01 -3.046993613243103027e-01 -4.602854251861572266e-01 8.140386343002319336e-01
1.778225326538085938e+01 5.257619380950927734e+00 4.534892559051513672e+00 -1.954023689031600952e-01 -3.099808394908905029e-01 -4.732087850570678711e-01 8.011262416839599609e-01
1.781039047241210938e+01 5.256402492523193359e+00 4.539823532104492188e+00 -2.097102999687194824e-01 -3.136004507541656494e-01 -4.859798252582550049e-01 7.883526682853698730e-01
1.783789253234863281e+01 5.255359172821044922e+00 4.544660091400146484e+00 -2.215068638324737549e-01 -3.126457631587982178e-01 -4.991785287857055664e-01 7.771795988082885742e-01
1.786478614807128906e+01 5.254386901855468750e+00 4.549423217773437500e+00 -2.300638407468795776e-01 -3.066776394844055176e-01 -5.128777027130126953e-01 7.680988311767578125e-01
1.789106369018554688e+01 5.253450393676757812e+00 4.554058551788330078e+00 -2.382052391767501831e-01 -3.007257878780364990e-01 -5.257865190505981445e-01 7.591908574104309082e-01
1.791672515869140625e+01 5.252475261688232422e+00 4.558553218841552734e+00 -2.458272725343704224e-01 -2.949035763740539551e-01 -5.377545356750488281e-01 7.506136894226074219e-01
1.794175720214843750e+01 5.251387596130371094e+00 4.562893390655517578e+00 -2.528332769870758057e-01 -2.893321514129638672e-01 -5.486415624618530273e-01 7.425326108932495117e-01
1.796614646911621094e+01 5.250115871429443359e+00 4.567062854766845703e+00 -2.591291964054107666e-01 -2.841411530971527100e-01 -5.583165884017944336e-01 7.351179122924804688e-01
1.798987197875976562e+01 5.248587608337402344e+00 4.571044921875000000e+00 -2.646192908287048340e-01 -2.794691920280456543e-01 -5.666564106941223145e-01 7.285423874855041504e-01
1.801290702819824219e+01 5.246732234954833984e+00 4.574818611145019531e+00 -2.692022025585174561e-01 -2.754634320735931396e-01 -5.735448002815246582e-01 7.229774594306945801e-01
1.803511428833007812e+01 5.243985652923583984e+00 4.578500747680664062e+00 -2.727648913860321045e-01 -2.722802460193634033e-01 -5.788695216178894043e-01 7.185908555984497070e-01
1.805656623840332031e+01 5.240677356719970703e+00 4.581949234008789062e+00 -2.751786708831787109e-01 -2.700833678245544434e-01 -5.825193524360656738e-01 7.155436277389526367e-01
1.807728004455566406e+01 5.236860275268554688e+00 4.585095882415771484e+00 -2.762913703918457031e-01 -2.690445482730865479e-01 -5.843765139579772949e-01 7.139902710914611816e-01
1.809731101989746094e+01 5.232223510742187500e+00 4.588170528411865234e+00 -2.686957120895385742e-01 -2.595099806785583496e-01 -5.868536829948425293e-01 7.183730602264404297e-01
1.811660766601562500e+01 5.227000236511230469e+00 4.590949058532714844e+00 -2.583111226558685303e-01 -2.492937296628952026e-01 -5.878298878669738770e-01 7.249717116355895996e-01
1.813517761230468750e+01 5.221247673034667969e+00 4.593419075012207031e+00 -2.453658878803253174e-01 -2.383923977613449097e-01 -5.872624516487121582e-01 7.335444092750549316e-01
1.815304183959960938e+01 5.215025901794433594e+00 4.595563411712646484e+00 -2.300851345062255859e-01 -2.268005609512329102e-01 -5.850955247879028320e-01 7.438316345214843750e-01
1.817022705078125000e+01 5.208400249481201172e+00 4.597362041473388672e+00 -2.126965671777725220e-01 -2.145113795995712280e-01 -5.812687277793884277e-01 7.555605173110961914e-01
1.818676185607910156e+01 5.201441764831542969e+00 4.598794937133789062e+00 -1.934326887130737305e-01 -2.015219777822494507e-01 -5.757218003273010254e-01 7.684510350227355957e-01
1.820268058776855469e+01 5.194221496582031250e+00 4.599843978881835938e+00 -1.725335419178009033e-01 -1.878336071968078613e-01 -5.684006810188293457e-01 7.822220921516418457e-01
1.821801567077636719e+01 5.186819553375244141e+00 4.600497245788574219e+00 -1.502484977245330811e-01 -1.734547466039657593e-01 -5.592626333236694336e-01 7.965953946113586426e-01
1.823279190063476562e+01 5.179315090179443359e+00 4.600748062133789062e+00 -1.268374472856521606e-01 -1.584015786647796631e-01 -5.482802391052246094e-01 8.113013505935668945e-01
1.824703788757324219e+01 5.171788692474365234e+00 4.600597858428955078e+00 -1.025695577263832092e-01 -1.427004188299179077e-01 -5.354444980621337891e-01 8.260841965675354004e-01
1.826076698303222656e+01 5.164322376251220703e+00 4.600056648254394531e+00 -7.772380858659744263e-02 -1.263865828514099121e-01 -5.207679271697998047e-01 8.407057523727416992e-01
1.827399444580078125e+01 5.156994342803955078e+00 4.599143028259277344e+00 -5.258655920624732971e-02 -1.095057725906372070e-01 -5.042853951454162598e-01 8.549499511718750000e-01
1.828672409057617188e+01 5.149878978729248047e+00 4.597886085510253906e+00 -2.744955010712146759e-02 -9.211217612028121948e-02 -4.860561788082122803e-01 8.686260581016540527e-01
1.829895019531250000e+01 5.143042564392089844e+00 4.596321582794189453e+00 -2.608114853501319885e-03 -7.426976412534713745e-02 -4.661631286144256592e-01 8.815719485282897949e-01
1.831065940856933594e+01 5.136544704437255859e+00 4.594495296478271484e+00 2.164299786090850830e-02 -5.604847520589828491e-02 -4.447115957736968994e-01 8.936563730239868164e-01
1.832183647155761719e+01 5.130434513092041016e+00 4.592458724975585938e+00 4.501091316342353821e-02 -3.752581775188446045e-02 -4.218272566795349121e-01 9.047804474830627441e-01
1.833245277404785156e+01 5.124747276306152344e+00 4.590269088745117188e+00 6.720849871635437012e-02 -1.878285594284534454e-02 -3.976539969444274902e-01 9.148778915405273438e-01
1.834248733520507812e+01 5.119510650634765625e+00 4.587987422943115234e+00 8.795645087957382202e-02 9.637884795665740967e-05 -3.723523616790771484e-01 9.239141345024108887e-01
1.835190391540527344e+01 5.114735126495361328e+00 4.585677623748779297e+00 1.069854721426963806e-01 1.902722939848899841e-02 -3.460921347141265869e-01 9.318863749504089355e-01
1.836067581176757812e+01 5.110423564910888672e+00 4.583405971527099609e+00 1.240378767251968384e-01 3.792596608400344849e-02 -3.190521895885467529e-01 9.388194680213928223e-01
1.836876869201660156e+01 5.106570720672607422e+00 4.581225395202636719e+00 1.389216035604476929e-01 5.670551583170890808e-02 -2.914250195026397705e-01 9.447522163391113281e-01
1.837614631652832031e+01 5.103186607360839844e+00 4.579139709472656250e+00 1.516682654619216919e-01 7.525736093521118164e-02 -2.634449303150177002e-01 9.496998786926269531e-01
1.838276481628417969e+01 5.100280761718750000e+00 4.577143669128417969e+00 1.623713672161102295e-01 9.347011148929595947e-02 -2.353585958480834961e-01 9.536799192428588867e-01
1.838857078552246094e+01 5.097860336303710938e+00 4.575232028961181641e+00 1.711321175098419189e-01 1.112366840243339539e-01 -2.074116617441177368e-01 9.567238688468933105e-01
1.839994430541992188e+01 5.094531536102294922e+00 4.574335575103759766e+00 1.780590713024139404e-01 1.284553557634353638e-01 -1.798470914363861084e-01 9.588791131973266602e-01
1.841683006286621094e+01 5.090288162231445312e+00 4.574453353881835938e+00 1.832667589187622070e-01 1.450297087430953979e-01 -1.529054939746856689e-01 9.602081179618835449e-01
1.843917655944824219e+01 5.085118770599365234e+00 4.575585842132568359e+00 1.868750452995300293e-01 1.608693003654479980e-01 -1.268232166767120361e-01 9.607886075973510742e-01
1.846734046936035156e+01 5.078305721282958984e+00 4.579177379608154297e+00 1.832075864076614380e-01 1.765011996030807495e-01 -1.007690727710723877e-01 9.618356823921203613e-01
1.850089836120605469e+01 5.070422172546386719e+00 4.583909988403320312e+00 1.783568561077117920e-01 1.909304708242416382e-01 -7.589185982942581177e-02 9.622758030891418457e-01
1.853973960876464844e+01 5.061617851257324219e+00 4.589501380920410156e+00 1.732099354267120361e-01 2.040827572345733643e-01 -5.259773880243301392e-02 9.620716571807861328e-01
1.858377456665039062e+01 5.051860332489013672e+00 4.595950603485107422e+00 1.679641157388687134e-01 2.159824818372726440e-01 -3.116885945200920105e-02 9.613366127014160156e-01
1.863291549682617188e+01 5.041108608245849609e+00 4.603255748748779297e+00 1.628114283084869385e-01 2.266577780246734619e-01 -1.187851652503013611e-02 9.601966142654418945e-01
1.868707656860351562e+01 5.029313087463378906e+00 4.611416339874267578e+00 1.579372137784957886e-01 2.361357510089874268e-01 5.010437220335006714e-03 9.587860107421875000e-01
1.874617958068847656e+01 5.016422748565673828e+00 4.620431900024414062e+00 1.535198986530303955e-01 2.444363385438919067e-01 1.924559473991394043e-02 9.572418928146362305e-01
1.881015205383300781e+01 5.002386569976806641e+00 4.630300521850585938e+00 1.497299373149871826e-01 2.515673637390136719e-01 3.058528155088424683e-02 9.556983113288879395e-01
1.887888145446777344e+01 4.987524986267089844e+00 4.641774654388427734e+00 1.467293351888656616e-01 2.575173377990722656e-01 3.879888728260993958e-02 9.542797207832336426e-01
1.895232391357421875e+01 4.971661567687988281e+00 4.654559612274169922e+00 1.446695029735565186e-01 2.622492909431457520e-01 4.366753250360488892e-02 9.530944824218750000e-01
1.903044700622558594e+01 4.954594135284423828e+00 4.668281555175781250e+00 1.436886489391326904e-01 2.656939029693603516e-01 4.498532414436340332e-02 9.522272348403930664e-01
1.911319541931152344e+01 4.936319351196289062e+00 4.682936191558837891e+00 1.439064145088195801e-01 2.677431404590606689e-01 4.256166890263557434e-02 9.517315626144409180e-01
1.920058059692382812e+01 4.917997837066650391e+00 4.699501514434814453e+00 1.454167068004608154e-01 2.682445645332336426e-01 3.622491285204887390e-02 9.516230821609497070e-01
1.929382133483886719e+01 4.899606227874755859e+00 4.720282554626464844e+00 1.395522356033325195e-01 2.664154469966888428e-01 2.843429148197174072e-02 9.532782435417175293e-01
1.939179611206054688e+01 4.880177974700927734e+00 4.742414951324462891e+00 1.336229890584945679e-01 2.637541592121124268e-01 1.711970567703247070e-02 9.551363587379455566e-01
1.949463462829589844e+01 4.861101627349853516e+00 4.766900539398193359e+00 1.277603209018707275e-01 2.592577338218688965e-01 2.802629023790359497e-03 9.573164582252502441e-01
1.960237312316894531e+01 4.843295574188232422e+00 4.794417858123779297e+00 1.219180971384048462e-01 2.533901929855346680e-01 -1.426772773265838623e-02 9.595445990562438965e-01
1.971507453918457031e+01 4.824892044067382812e+00 4.823338031768798828e+00 1.160946339368820190e-01 2.462483495473861694e-01 -3.376860916614532471e-02 9.616358280181884766e-01
1.983264923095703125e+01 4.809772968292236328e+00 4.856562614440917969e+00 1.102898120880126953e-01 2.379330992698669434e-01 -5.537145584821701050e-02 9.634096622467041016e-01
1.995530509948730469e+01 4.794615745544433594e+00 4.891421318054199219e+00 1.045063138008117676e-01 2.285509258508682251e-01 -7.874226570129394531e-02 9.646981358528137207e-01
2.008284568786621094e+01 4.783090114593505859e+00 4.930454730987548828e+00 9.875042736530303955e-02 2.182165980339050293e-01 -1.035418286919593811e-01 9.653543829917907715e-01
2.021545219421386719e+01 4.773370265960693359e+00 4.972154140472412109e+00 9.303228557109832764e-02 2.070537954568862915e-01 -1.294264942407608032e-01 9.652577638626098633e-01
2.035314369201660156e+01 4.766226768493652344e+00 5.016936302185058594e+00 8.736662566661834717e-02 1.951958090066909790e-01 -1.560512334108352661e-01 9.643203020095825195e-01
2.049585723876953125e+01 4.762876510620117188e+00 5.065174579620361328e+00 8.177277445793151855e-02 1.827858686447143555e-01 -1.830719709396362305e-01 9.624902009963989258e-01
2.064388465881347656e+01 4.762324333190917969e+00 5.115804672241210938e+00 7.627438753843307495e-02 1.699761301279067993e-01 -2.101475000381469727e-01 9.597542881965637207e-01
2.079760360717773438e+01 4.763824939727783203e+00 5.167779445648193359e+00 7.089949399232864380e-02 1.569270640611648560e-01 -2.369436174631118774e-01 9.561405777931213379e-01
2.095764160156250000e+01 4.765784740447998047e+00 5.219229221343994141e+00 6.567992269992828369e-02 1.438059210777282715e-01 -2.631353139877319336e-01 9.517173171043395996e-01
2.112412261962890625e+01 4.767682552337646484e+00 5.269901752471923828e+00 6.065098568797111511e-02 1.307855844497680664e-01 -2.884090244770050049e-01 9.465922117233276367e-01
2.129673576354980469e+01 4.769525527954101562e+00 5.321043968200683594e+00 5.585085600614547729e-02 1.180426031351089478e-01 -3.124653100967407227e-01 9.409102201461791992e-01
2.147508049011230469e+01 4.771358489990234375e+00 5.374281406402587891e+00 5.132006853818893433e-02 1.057553365826606750e-01 -3.350205123424530029e-01 9.348493218421936035e-01
2.165878868103027344e+01 4.773204803466796875e+00 5.431024551391601562e+00 4.710095375776290894e-02 9.410325437784194946e-02 -3.558060824871063232e-01 9.286161661148071289e-01
2.184752464294433594e+01 4.775065422058105469e+00 5.492399692535400391e+00 4.323671013116836548e-02 8.326458930969238281e-02 -3.745675384998321533e-01 9.224407076835632324e-01
2.204106330871582031e+01 4.776900291442871094e+00 5.559001445770263672e+00 3.977128490805625916e-02 7.341598719358444214e-02 -3.910644650459289551e-01 9.165680408477783203e-01
2.223949432373046875e+01 4.778609275817871094e+00 5.630446434020996094e+00 3.673784807324409485e-02 6.468547880649566650e-02 -4.051401317119598389e-01 9.112231731414794922e-01
2.244319725036621094e+01 4.780142784118652344e+00 5.705425739288330078e+00 3.412678465247154236e-02 5.701405182480812073e-02 -4.169417619705200195e-01 9.065011739730834961e-01
2.265244102478027344e+01 4.781507492065429688e+00 5.783042907714843750e+00 3.191596269607543945e-02 5.029268190264701843e-02 -4.266811013221740723e-01 9.024384617805480957e-01
2.286748886108398438e+01 4.782725334167480469e+00 5.862436771392822266e+00 3.008188493549823761e-02 4.440930858254432678e-02 -4.345614612102508545e-01 8.990435004234313965e-01
2.308859062194824219e+01 4.783833503723144531e+00 5.942816257476806641e+00 2.859990671277046204e-02 3.924980014562606812e-02 -4.407759606838226318e-01 8.963024616241455078e-01
2.331602668762207031e+01 4.784898757934570312e+00 6.023259639739990234e+00 2.744457125663757324e-02 3.469835594296455383e-02 -4.455108046531677246e-01 8.941828608512878418e-01
2.354426765441894531e+01 4.786009788513183594e+00 6.100524902343750000e+00 2.658983692526817322e-02 3.063825517892837524e-02 -4.489448368549346924e-01 8.926380872726440430e-01
2.377372550964355469e+01 4.787280559539794922e+00 6.173065662384033203e+00 2.600929141044616699e-02 2.695207670331001282e-02 -4.512523114681243896e-01 8.916099667549133301e-01
2.400505828857421875e+01 4.788805961608886719e+00 6.238146781921386719e+00 2.567622624337673187e-02 2.352192625403404236e-02 -4.526029229164123535e-01 8.910319805145263672e-01
2.423952293395996094e+01 4.784119606018066406e+00 6.288177490234375000e+00 2.556369826197624207e-02 2.022961154580116272e-02 -4.531634449958801270e-01 8.908311128616333008e-01
2.412812042236328125e+01 4.734716892242431641e+00 6.203081130981445312e+00 2.564465999603271484e-02 1.695677079260349274e-02 -4.530982673168182373e-01 8.909302353858947754e-01
2.390755653381347656e+01 4.700766086578369141e+00 6.116945743560791016e+00 2.589202299714088440e-02 1.358510740101337433e-02 -4.525705575942993164e-01 8.912491202354431152e-01
2.368540191650390625e+01 4.669726371765136719e+00 6.035130500793457031e+00 2.627851441502571106e-02 9.996119886636734009e-03 -4.517421126365661621e-01 8.917054533958435059e-01
2.346189117431640625e+01 4.641182899475097656e+00 5.957657337188720703e+00 2.677690610289573669e-02 6.071466021239757538e-03 -4.507750570774078369e-01 8.922151923179626465e-01
2.323878097534179688e+01 4.612771987915039062e+00 5.880389213562011719e+00 2.735975012183189392e-02 1.692715100944042206e-03 -4.498292505741119385e-01 8.926938176155090332e-01
2.301531028747558594e+01 4.585412979125976562e+00 5.805178165435791016e+00 2.799970284104347229e-02 -3.258139826357364655e-03 -4.490651190280914307e-01 8.930542469024658203e-01
2.279193305969238281e+01 4.558560848236083984e+00 5.730806827545166016e+00 2.866925299167633057e-02 -8.899029344320297241e-03 -4.486418366432189941e-01 8.932073712348937988e-01
2.256893920898437500e+01 4.531873226165771484e+00 5.656495094299316406e+00 2.934064343571662903e-02 -1.534778624773025513e-02 -4.487160444259643555e-01 8.930607438087463379e-01
2.234612655639648438e+01 4.505536556243896484e+00 5.582706928253173828e+00 2.998597361147403717e-02 -2.272175252437591553e-02 -4.494425952434539795e-01 8.925166726112365723e-01
2.212355232238769531e+01 4.479520320892333984e+00 5.509230613708496094e+00 3.057689592242240906e-02 -3.113811835646629333e-02 -4.509719610214233398e-01 8.914705514907836914e-01
2.190130233764648438e+01 4.453761577606201172e+00 5.435782432556152344e+00 3.109192848205566406e-02 -4.066416993737220764e-02 -4.534032642841339111e-01 8.898344039916992188e-01
2.167940139770507812e+01 4.428242683410644531e+00 5.362366676330566406e+00 3.153720870614051819e-02 -5.117199569940567017e-02 -4.566408693790435791e-01 8.876180648803710938e-01
2.145797729492187500e+01 4.402647495269775391e+00 5.288787841796875000e+00 3.192547336220741272e-02 -6.248530000448226929e-02 -4.605427980422973633e-01 8.848597407341003418e-01
2.123696708679199219e+01 4.377200603485107422e+00 5.215240478515625000e+00 3.227002918720245361e-02 -7.442641258239746094e-02 -4.649696648120880127e-01 8.816022872924804688e-01
2.101639175415039062e+01 4.351909160614013672e+00 5.141763687133789062e+00 3.258446231484413147e-02 -8.681771159172058105e-02 -4.697851836681365967e-01 8.778967857360839844e-01
2.079626083374023438e+01 4.326743602752685547e+00 5.068370819091796875e+00 3.288239240646362305e-02 -9.948200732469558716e-02 -4.748576581478118896e-01 8.738033771514892578e-01
2.057688140869140625e+01 4.301165103912353516e+00 4.994440078735351562e+00 3.317805752158164978e-02 -1.122422069311141968e-01 -4.800603389739990234e-01 8.693923354148864746e-01
2.035811042785644531e+01 4.275423526763916016e+00 4.920337200164794922e+00 3.348565101623535156e-02 -1.249229460954666138e-01 -4.852728545665740967e-01 8.647446632385253906e-01
2.013984489440917969e+01 4.249723911285400391e+00 4.846381664276123047e+00 3.382030501961708069e-02 -1.373493075370788574e-01 -4.903802275657653809e-01 8.599526286125183105e-01
1.992208862304687500e+01 4.224042415618896484e+00 4.772594928741455078e+00 3.419721126556396484e-02 -1.493486315011978149e-01 -4.952743053436279297e-01 8.551192879676818848e-01
1.970498275756835938e+01 4.198127746582031250e+00 4.698698997497558594e+00 3.463181108236312866e-02 -1.607502549886703491e-01 -4.998528957366943359e-01 8.503569960594177246e-01
1.948896408081054688e+01 4.171211242675781250e+00 4.623697280883789062e+00 3.514008969068527222e-02 -1.713855862617492676e-01 -5.040189623832702637e-01 8.457878232002258301e-01
1.927346801757812500e+01 4.144234657287597656e+00 4.548944950103759766e+00 3.573811799287796021e-02 -1.810881048440933228e-01 -5.076810717582702637e-01 8.415402173995971680e-01
1.905848693847656250e+01 4.117174625396728516e+00 4.474470615386962891e+00 3.644248843193054199e-02 -1.896928548812866211e-01 -5.107510089874267578e-01 8.377481698989868164e-01
1.884402084350585938e+01 4.090003967285156250e+00 4.400300025939941406e+00 3.726977854967117310e-02 -1.970367282629013062e-01 -5.131430029869079590e-01 8.345487713813781738e-01
1.863072013854980469e+01 4.061660289764404297e+00 4.324983596801757812e+00 3.823640197515487671e-02 -2.029575705528259277e-01 -5.147719979286193848e-01 8.320792317390441895e-01
1.841837882995605469e+01 4.032444953918457031e+00 4.249010086059570312e+00 3.935952484607696533e-02 -2.072923779487609863e-01 -5.155516266822814941e-01 8.304741382598876953e-01
1.820654106140136719e+01 4.003052711486816406e+00 4.173421859741210938e+00 4.065556079149246216e-02 -2.098780721426010132e-01 -5.153914093971252441e-01 8.298614025115966797e-01
1.799520874023437500e+01 3.973461866378784180e+00 4.098241329193115234e+00 4.214119166135787964e-02 -2.105488479137420654e-01 -5.141948461532592773e-01 8.303595781326293945e-01
1.778457069396972656e+01 3.943383693695068359e+00 4.023114204406738281e+00 4.383255541324615479e-02 -2.091360390186309814e-01 -5.118554234504699707e-01 8.320725560188293457e-01
1.757603263854980469e+01 3.910706043243408203e+00 3.945035219192504883e+00 4.573739320039749146e-02 -2.055292725563049316e-01 -5.082932710647583008e-01 8.350471258163452148e-01
1.736802482604980469e+01 3.877814769744873047e+00 3.867377042770385742e+00 4.783142358064651489e-02 -1.998649239540100098e-01 -5.035673975944519043e-01 8.391578793525695801e-01
1.716055297851562500e+01 3.844741106033325195e+00 3.790104627609252930e+00 5.008111894130706787e-02 -1.923403739929199219e-01 -4.977692961692810059e-01 8.442291021347045898e-01
1.695362281799316406e+01 3.811514139175415039e+00 3.713183164596557617e+00 5.245316773653030396e-02 -1.831524372100830078e-01 -4.909867346286773682e-01 8.500799536705017090e-01
1.674998664855957031e+01 3.774404764175415039e+00 3.631155729293823242e+00 5.491361767053604126e-02 -1.724990904331207275e-01 -4.833097159862518311e-01 8.565280437469482422e-01
1.654716682434082031e+01 3.736853599548339844e+00 3.548901081085205078e+00 5.742837488651275635e-02 -1.605815291404724121e-01 -4.748307764530181885e-01 8.633952736854553223e-01
1.634332084655761719e+01 3.698976993560791016e+00 3.466257572174072266e+00 5.996416509151458740e-02 -1.476030051708221436e-01 -4.656491279602050781e-01 8.705105185508728027e-01
1.614001274108886719e+01 3.658916473388671875e+00 3.380479097366333008e+00 6.248778849840164185e-02 -1.337717324495315552e-01 -4.558710157871246338e-01 8.777141571044921875e-01
1.594020748138427734e+01 3.613121271133422852e+00 3.286394834518432617e+00 6.496714055538177490e-02 -1.192990168929100037e-01 -4.456115961074829102e-01 8.848599791526794434e-01
1.573939514160156250e+01 3.567059755325317383e+00 3.191773653030395508e+00 6.737080216407775879e-02 -1.044005081057548523e-01 -4.349957108497619629e-01 8.918185830116271973e-01
1.554130077362060547e+01 3.516832828521728516e+00 3.091272115707397461e+00 6.966892629861831665e-02 -8.929447084665298462e-02 -4.241575598716735840e-01 8.984782099723815918e-01
1.534808540344238281e+01 3.460176944732666016e+00 2.981765270233154297e+00 7.183272391557693481e-02 -7.420226931571960449e-02 -4.132415652275085449e-01 9.047460556030273438e-01
1.515639877319335938e+01 3.401037454605102539e+00 2.868752479553222656e+00 7.383543252944946289e-02 -5.934578925371170044e-02 -4.024008214473724365e-01 9.105492234230041504e-01
1.497655963897705078e+01 3.330252647399902344e+00 2.740692138671875000e+00 7.565110921859741211e-02 -4.494933038949966431e-02 -3.917973637580871582e-01 9.158335924148559570e-01
1.480655956268310547e+01 3.251364707946777344e+00 2.602986335754394531e+00 7.725597918033599854e-02 -3.123579733073711395e-02 -3.815993070602416992e-01 9.205638170242309570e-01
1.465281200408935547e+01 3.160322904586791992e+00 2.451471567153930664e+00 7.862731069326400757e-02 -1.842821389436721802e-02 -3.719813823699951172e-01 9.247204661369323730e-01
1.452950286865234375e+01 3.051057100296020508e+00 2.282402276992797852e+00 7.974366843700408936e-02 -6.748126819729804993e-03 -3.631232678890228271e-01 9.282978773117065430e-01
1.444452571868896484e+01 2.923088312149047852e+00 2.101099729537963867e+00 8.058458566665649414e-02 3.584563732147216797e-03 -3.552055060863494873e-01 9.313013553619384766e-01
1.438467979431152344e+01 2.781469583511352539e+00 1.917734980583190918e+00 8.113009482622146606e-02 1.235150545835494995e-02 -3.484116792678833008e-01 9.337422847747802734e-01
1.431790256500244141e+01 2.633230447769165039e+00 1.740717172622680664e+00 8.136029541492462158e-02 1.933562569320201874e-02 -3.429239988327026367e-01 9.356333017349243164e-01
1.422931385040283203e+01 2.483204364776611328e+00 1.573237895965576172e+00 8.126510679721832275e-02 2.438551001250743866e-02 -3.388750851154327393e-01 9.369979500770568848e-01
1.412170028686523438e+01 2.332766771316528320e+00 1.415691494941711426e+00 8.087372779846191406e-02 2.760713361203670502e-02 -3.362047076225280762e-01 9.379039406776428223e-01
1.400116634368896484e+01 2.182555437088012695e+00 1.265456557273864746e+00 8.022414892911911011e-02 2.917080000042915344e-02 -3.347988128662109375e-01 9.384151101112365723e-01
1.387069320678710938e+01 2.032781839370727539e+00 1.121072411537170410e+00 7.935277372598648071e-02 2.924630232155323029e-02 -3.345369696617126465e-01 9.385801553726196289e-01
1.373303604125976562e+01 1.883414864540100098e+00 9.807391166687011719e-01 7.829514145851135254e-02 2.800330147147178650e-02 -3.352955579757690430e-01 9.384362101554870605e-01
1.358752441406250000e+01 1.732921719551086426e+00 8.481543064117431641e-01 7.708613574504852295e-02 2.561118453741073608e-02 -3.369476795196533203e-01 9.380128979682922363e-01
1.339523696899414062e+01 1.587274193763732910e+00 7.983868122100830078e-01 7.576024532318115234e-02 2.223923243582248688e-02 -3.393650054931640625e-01 9.373351931571960449e-01
1.318056774139404297e+01 1.460425972938537598e+00 8.264397978782653809e-01 7.435186952352523804e-02 1.805663853883743286e-02 -3.424189984798431396e-01 9.364267587661743164e-01
1.296327209472656250e+01 1.341662526130676270e+00 8.769219517707824707e-01 7.289549708366394043e-02 1.323296688497066498e-02 -3.459803164005279541e-01 9.353121519088745117e-01
1.274435234069824219e+01 1.226117491722106934e+00 9.346319437026977539e-01 7.142586261034011841e-02 7.937733083963394165e-03 -3.499215841293334961e-01 9.340183138847351074e-01
1.252332401275634766e+01 1.113978266716003418e+00 9.971539378166198730e-01 6.997811794281005859e-02 2.340808510780334473e-03 -3.541163206100463867e-01 9.325767159461975098e-01
1.229994201660156250e+01 1.005568861961364746e+00 1.063598036766052246e+00 6.858777999877929688e-02 -3.387972712516784668e-03 -3.584397733211517334e-01 9.310236573219299316e-01
1.207402801513671875e+01 9.014025926589965820e-01 1.133670687675476074e+00 6.729087978601455688e-02 -9.078543633222579956e-03 -3.627696335315704346e-01 9.294018149375915527e-01
1.184538269042968750e+01 8.022943139076232910e-01 1.207413315773010254e+00 6.612386554479598999e-02 -1.456103101372718811e-02 -3.669858276844024658e-01 9.277592301368713379e-01
1.161335754394531250e+01 7.113263010978698730e-01 1.285941720008850098e+00 6.512366235256195068e-02 -1.966556534171104431e-02 -3.709706962108612061e-01 9.261494278907775879e-01
1.137792491912841797e+01 6.301702857017517090e-01 1.369465351104736328e+00 6.432748585939407349e-02 -2.422259561717510223e-02 -3.746084272861480713e-01 9.246317148208618164e-01
1.113894367218017578e+01 5.627411007881164551e-01 1.459060668945312500e+00 6.377288699150085449e-02 -2.806250937283039093e-02 -3.777846693992614746e-01 9.232682585716247559e-01
1.089666938781738281e+01 5.168694853782653809e-01 1.556743144989013672e+00 6.349750608205795288e-02 -3.101617470383644104e-02 -3.803865313529968262e-01 9.221237301826477051e-01
1.065279674530029297e+01 4.989123344421386719e-01 1.662997364997863770e+00 6.353894621133804321e-02 -3.291453421115875244e-02 -3.823013007640838623e-01 9.212627410888671875e-01
1.041108894348144531e+01 5.175836086273193359e-01 1.776973247528076172e+00 6.393487006425857544e-02 -3.358817845582962036e-02 -3.834143280982971191e-01 9.207484722137451172e-01
1.017539691925048828e+01 5.731579661369323730e-01 1.894568443298339844e+00 6.470946967601776123e-02 -3.291776776313781738e-02 -3.836486935615539551e-01 9.206207990646362305e-01
9.949459075927734375e+00 6.677312850952148438e-01 2.009183883666992188e+00 6.583445519208908081e-02 -3.098437562584877014e-02 -3.830808103084564209e-01 9.208446741104125977e-01
9.731429100036621094e+00 7.957641482353210449e-01 2.108845233917236328e+00 6.726840883493423462e-02 -2.791811898350715637e-02 -3.818225562572479248e-01 9.213615655899047852e-01
9.512169837951660156e+00 9.422845244407653809e-01 2.180398464202880859e+00 6.896944344043731689e-02 -2.384960651397705078e-02 -3.799845278263092041e-01 9.221096038818359375e-01
9.276494026184082031e+00 1.062029361724853516e+00 2.252121448516845703e+00 7.089559733867645264e-02 -1.890941336750984192e-02 -3.776775300502777100e-01 9.230254292488098145e-01
9.028801918029785156e+00 1.121389746665954590e+00 2.356877326965332031e+00 7.300485670566558838e-02 -1.322817709296941757e-02 -3.750119209289550781e-01 9.240462183952331543e-01
8.781512260437011719e+00 1.147019624710083008e+00 2.480247735977172852e+00 7.525538653135299683e-02 -6.936864927411079407e-03 -3.720988631248474121e-01 9.251112937927246094e-01
8.532938957214355469e+00 1.165439486503601074e+00 2.605658531188964844e+00 7.760545611381530762e-02 -1.666061580181121826e-04 -3.690519034862518311e-01 9.261631369590759277e-01
8.280584335327148438e+00 1.188317894935607910e+00 2.725723266601562500e+00 8.001374453306198120e-02 6.951352581381797791e-03 -3.659853637218475342e-01 9.271484613418579102e-01
8.022135734558105469e+00 1.228912949562072754e+00 2.830124378204345703e+00 8.243916183710098267e-02 1.428545266389846802e-02 -3.630156219005584717e-01 9.280191063880920410e-01
7.759356498718261719e+00 1.308503389358520508e+00 2.897661924362182617e+00 8.484118431806564331e-02 2.170435339212417603e-02 -3.602611720561981201e-01 9.287317991256713867e-01
7.499350547790527344e+00 1.420682907104492188e+00 2.924385309219360352e+00 8.717959374189376831e-02 2.907654643058776855e-02 -3.578431606292724609e-01 9.292483925819396973e-01
7.239041805267333984e+00 1.539539098739624023e+00 2.928909778594970703e+00 8.941465616226196289e-02 3.627082332968711853e-02 -3.558831810951232910e-01 9.295356869697570801e-01
6.967778205871582031e+00 1.634290695190429688e+00 2.939269542694091797e+00 9.150714427232742310e-02 4.315634816884994507e-02 -3.545050919055938721e-01 9.295644760131835938e-01
6.686916351318359375e+00 1.699836969375610352e+00 2.961751937866210938e+00 9.341809153556823730e-02 4.960223287343978882e-02 -3.538342714309692383e-01 9.293084144592285156e-01
6.401022911071777344e+00 1.747978448867797852e+00 2.986382007598876953e+00 9.510869532823562622e-02 5.547822266817092896e-02 -3.539952337741851807e-01 9.287431240081787109e-01
6.111818790435791016e+00 1.787955880165100098e+00 3.005733489990234375e+00 9.654034674167633057e-02 6.065421551465988159e-02 -3.551137745380401611e-01 9.278443455696105957e-01
5.820182800292968750e+00 1.825809836387634277e+00 3.014691352844238281e+00 9.767434746026992798e-02 6.500032544136047363e-02 -3.573145568370819092e-01 9.265856742858886719e-01
5.526102066040039062e+00 1.858132243156433105e+00 3.013666629791259766e+00 9.847155213356018066e-02 6.838677823543548584e-02 -3.607203662395477295e-01 9.249364137649536133e-01
5.229525089263916016e+00 1.879014849662780762e+00 3.004162549972534180e+00 9.889231622219085693e-02 7.068370282649993896e-02 -3.654521107673645020e-01 9.228590726852416992e-01
4.931008338928222656e+00 1.882483482360839844e+00 2.987230539321899414e+00 9.890851378440856934e-02 7.179792970418930054e-02 -3.715846240520477295e-01 9.203189611434936523e-01
4.632005691528320312e+00 1.863370895385742188e+00 2.963675498962402344e+00 9.854088723659515381e-02 7.178410887718200684e-02 -3.790208399295806885e-01 9.173222780227661133e-01
4.337209224700927734e+00 1.833466768264770508e+00 2.934325456619262695e+00 9.782205522060394287e-02 7.073341310024261475e-02 -3.876193761825561523e-01 9.138811826705932617e-01
4.045077800750732422e+00 1.812355279922485352e+00 2.899730682373046875e+00 9.678438305854797363e-02 6.873696297407150269e-02 -3.972364664077758789e-01 9.100061058998107910e-01
3.755507707595825195e+00 1.812271118164062500e+00 2.861350059509277344e+00 9.546023607254028320e-02 6.588632613420486450e-02 -4.077273011207580566e-01 9.057067632675170898e-01
3.470000028610229492e+00 1.836367130279541016e+00 2.820701122283935547e+00 9.388233721256256104e-02 6.227328628301620483e-02 -4.189482033252716064e-01 9.009941816329956055e-01
3.190273284912109375e+00 1.883440494537353516e+00 2.779025316238403320e+00 9.208384156227111816e-02 5.799016356468200684e-02 -4.307554662227630615e-01 8.958836197853088379e-01
2.917634248733520508e+00 1.950311899185180664e+00 2.736006498336791992e+00 9.009861201047897339e-02 5.313044041395187378e-02 -4.430063664913177490e-01 8.903958201408386230e-01
2.652233839035034180e+00 2.031645536422729492e+00 2.691231012344360352e+00 8.796124160289764404e-02 4.778788238763809204e-02 -4.555614888668060303e-01 8.845580220222473145e-01
2.394482374191284180e+00 2.125488281250000000e+00 2.644252300262451172e+00 8.570718765258789062e-02 4.205715656280517578e-02 -4.682842195034027100e-01 8.784049749374389648e-01
2.145131826400756836e+00 2.231288909912109375e+00 2.594517230987548828e+00 8.337275683879852295e-02 3.603351861238479614e-02 -4.810417890548706055e-01 8.719800710678100586e-01
1.905351519584655762e+00 2.349258422851562500e+00 2.541342735290527344e+00 8.099515736103057861e-02 2.981264702975749969e-02 -4.937059283256530762e-01 8.653354644775390625e-01
1.677009224891662598e+00 2.480344772338867188e+00 2.483832836151123047e+00 7.861242443323135376e-02 2.349070832133293152e-02 -5.061524510383605957e-01 8.585324287414550781e-01
1.463156700134277344e+00 2.626300096511840820e+00 2.420783042907714844e+00 7.626333087682723999e-02 1.716388389468193054e-02 -5.182625651359558105e-01 8.516415953636169434e-01
1.266391515731811523e+00 2.785209178924560547e+00 2.346973896026611328e+00 7.398722320795059204e-02 1.092813536524772644e-02 -5.299230813980102539e-01 8.447413444519042969e-01
1.089450716972351074e+00 2.945006608963012695e+00 2.243479013442993164e+00 7.182429730892181396e-02 4.879532381892204285e-03 -5.410261154174804688e-01 8.379190564155578613e-01
1.015026807785034180e+00 3.002935171127319336e+00 2.032149076461791992e+00 6.981499493122100830e-02 -8.865073323249816895e-04 -5.514683127403259277e-01 8.312687277793884277e-01
1.117880821228027344e+00 2.860339403152465820e+00 1.858176231384277344e+00 6.800022721290588379e-02 -6.275001913309097290e-03 -5.611520409584045410e-01 8.248907923698425293e-01
1.242180109024047852e+00 2.691142559051513672e+00 1.729161381721496582e+00 6.642104685306549072e-02 -1.119170710444450378e-02 -5.699833631515502930e-01 8.188906908035278320e-01
1.368268966674804688e+00 2.518481969833374023e+00 1.624183297157287598e+00 6.511884927749633789e-02 -1.554273255169391632e-02 -5.778718590736389160e-01 8.133770227432250977e-01
1.491528272628784180e+00 2.347678184509277344e+00 1.533442378044128418e+00 6.412760913372039795e-02 -1.925084553658962250e-02 -5.847504734992980957e-01 8.084453344345092773e-01
1.611069321632385254e+00 2.180936813354492188e+00 1.451686382293701172e+00 6.345158070325851440e-02 -2.230380848050117493e-02 -5.906385779380798340e-01 8.041284680366516113e-01
1.725859284400939941e+00 2.020300865173339844e+00 1.373901963233947754e+00 6.308735162019729614e-02 -2.470541745424270630e-02 -5.955744981765747070e-01 8.004378676414489746e-01
1.835456490516662598e+00 1.863034605979919434e+00 1.305419325828552246e+00 6.303087621927261353e-02 -2.645966783165931702e-02 -5.995917916297912598e-01 7.973810434341430664e-01
1.940366148948669434e+00 1.712390065193176270e+00 1.239925503730773926e+00 6.327799707651138306e-02 -2.757022157311439514e-02 -6.027223467826843262e-01 7.949600815773010254e-01
2.040576219558715820e+00 1.568374037742614746e+00 1.177424311637878418e+00 6.382388621568679810e-02 -2.804111316800117493e-02 -6.049942970275878906e-01 7.931721806526184082e-01
2.135129451751708984e+00 1.429609298706054688e+00 1.119664907455444336e+00 6.466363370418548584e-02 -2.787590026855468750e-02 -6.064320802688598633e-01 7.920111417770385742e-01
2.224289417266845703e+00 1.296500205993652344e+00 1.066144943237304688e+00 6.579200178384780884e-02 -2.707799151539802551e-02 -6.070581078529357910e-01 7.914661765098571777e-01
2.308825731277465820e+00 1.170156836509704590e+00 1.015463829040527344e+00 6.720327585935592651e-02 -2.565099671483039856e-02 -6.068916320800781250e-01 7.915228605270385742e-01
2.388735294342041016e+00 1.050585269927978516e+00 9.676195979118347168e-01 6.889174133539199829e-02 -2.359804324805736542e-02 -6.059489846229553223e-01 7.921634316444396973e-01
2.464023351669311523e+00 9.377905130386352539e-01 9.226110577583312988e-01 7.085134834051132202e-02 -2.092221379280090332e-02 -6.042443513870239258e-01 7.933669686317443848e-01
2.533439874649047852e+00 8.306689262390136719e-01 8.812005519866943359e-01 7.307562232017517090e-02 -1.762668788433074951e-02 -6.017898321151733398e-01 7.951089739799499512e-01
2.597531795501708984e+00 7.297075986862182617e-01 8.430547714233398438e-01 7.555805891752243042e-02 -1.371441408991813660e-02 -5.985946655273437500e-01 7.973626852035522461e-01
2.657145977020263672e+00 6.356664896011352539e-01 8.076513409614562988e-01 7.829157263040542603e-02 -9.188640862703323364e-03 -5.946672558784484863e-01 8.000980615615844727e-01
2.712280273437500000e+00 5.485522150993347168e-01 7.749859690666198730e-01 8.126899600028991699e-02 -4.052538424730300903e-03 -5.900134444236755371e-01 8.032826185226440430e-01
2.762944221496582031e+00 4.683715701103210449e-01 7.450531125068664551e-01 8.448281884193420410e-02 1.690551638603210449e-03 -5.846382379531860352e-01 8.068816065788269043e-01
2.809145450592041016e+00 3.951342701911926270e-01 7.178490757942199707e-01 8.792509138584136963e-02 8.036918938159942627e-03 -5.785450339317321777e-01 8.108577132225036621e-01
2.850888490676879883e+00 3.288458287715911865e-01 6.933673024177551270e-01 9.158763289451599121e-02 1.498256251215934753e-02 -5.717363953590393066e-01 8.151716589927673340e-01
2.888178586959838867e+00 2.695159912109375000e-01 6.716021299362182617e-01 9.546186774969100952e-02 2.252316102385520935e-02 -5.642141103744506836e-01 8.197818398475646973e-01
2.921008348464965820e+00 2.171417176723480225e-01 6.525481939315795898e-01 9.953876584768295288e-02 3.065370395779609680e-02 -5.559790134429931641e-01 8.246452212333679199e-01
2.948205471038818359e+00 1.709240674972534180e-01 6.364245414733886719e-01 1.038067489862442017e-01 3.935511410236358643e-02 -5.470438599586486816e-01 8.297098278999328613e-01
2.971166849136352539e+00 1.318518072366714478e-01 6.229504346847534180e-01 1.082453206181526184e-01 4.855397343635559082e-02 -5.374685525894165039e-01 8.348969221115112305e-01
2.989890098571777344e+00 9.995178133249282837e-02 6.121148467063903809e-01 1.128319352865219116e-01 5.816273763775825500e-02 -5.273286700248718262e-01 8.401253223419189453e-01
3.004367589950561523e+00 7.525451481342315674e-02 6.039056181907653809e-01 1.175446808338165283e-01 6.809370964765548706e-02 -5.167040824890136719e-01 8.453184366226196289e-01
3.014599561691284180e+00 5.778747424483299255e-02 5.983141660690307617e-01 1.223621219396591187e-01 7.825927436351776123e-02 -5.056787133216857910e-01 8.504068851470947266e-01
3.020573616027832031e+00 4.757873341441154480e-02 5.953320264816284180e-01 1.272636353969573975e-01 8.857178688049316406e-02 -4.943416714668273926e-01 8.553276062011718750e-01
3.022277832031250000e+00 4.465636983513832092e-02 5.949548482894897461e-01 1.322294473648071289e-01 9.894402325153350830e-02 -4.827867448329925537e-01 8.600246906280517578e-01
3.026169300079345703e+00 3.822631761431694031e-02 5.931848287582397461e-01 1.372407823801040649e-01 1.092896312475204468e-01 -4.711120426654815674e-01 8.644502758979797363e-01
3.032233715057373047e+00 2.831542864441871643e-02 5.900207161903381348e-01 1.422800421714782715e-01 1.195228248834609985e-01 -4.594205021858215332e-01 8.685639500617980957e-01
3.040456533432006836e+00 1.494567841291427612e-02 5.854620337486267090e-01 1.473307311534881592e-01 1.295593976974487305e-01 -4.478187263011932373e-01 8.723339438438415527e-01
3.050807952880859375e+00 -1.861572265625000000e-03 5.795122981071472168e-01 1.523775607347488403e-01 1.393159627914428711e-01 -4.364169239997863770e-01 8.757354617118835449e-01
3.063276290893554688e+00 -2.208679169416427612e-02 5.721759200096130371e-01 1.574066877365112305e-01 1.487109214067459106e-01 -4.253288507461547852e-01 8.787512183189392090e-01
3.077831983566284180e+00 -4.571167007088661194e-02 5.634594559669494629e-01 1.624052822589874268e-01 1.576641798019409180e-01 -4.146703779697418213e-01 8.813711404800415039e-01
3.094450712203979492e+00 -7.272094488143920898e-02 5.533703565597534180e-01 1.673621088266372681e-01 1.660970449447631836e-01 -4.045606851577758789e-01 8.835906386375427246e-01
3.113110303878784180e+00 -1.030993610620498657e-01 5.419170856475830078e-01 1.722668409347534180e-01 1.739325225353240967e-01 -3.951196074485778809e-01 8.854106664657592773e-01
3.133786439895629883e+00 -1.368359327316284180e-01 5.291100740432739258e-01 1.771101802587509155e-01 1.810949593782424927e-01 -3.864676952362060547e-01 8.868366479873657227e-01
3.156452655792236328e+00 -1.739172339439392090e-01 5.149590969085693359e-01 1.818839609622955322e-01 1.875096410512924194e-01 -3.787273168563842773e-01 8.878760933876037598e-01
3.181083917617797852e+00 -2.143334895372390747e-01 4.994744658470153809e-01 1.865804642438888550e-01 1.931031942367553711e-01 -3.720190525054931641e-01 8.885385394096374512e-01
3.207661151885986328e+00 -2.580737173557281494e-01 4.826660156250000000e-01 1.911924779415130615e-01 1.978023052215576172e-01 -3.664636015892028809e-01 8.888329863548278809e-01
3.236159563064575195e+00 -3.051281571388244629e-01 4.645440578460693359e-01 1.957131028175354004e-01 2.015338987112045288e-01 -3.621802926063537598e-01 8.887665271759033203e-01
3.266721010208129883e+00 -3.556201159954071045e-01 4.449999928474426270e-01 1.989752948284149170e-01 2.007240355014801025e-01 -3.591759204864501953e-01 8.894444108009338379e-01
3.299167394638061523e+00 -4.094091653823852539e-01 4.241796731948852539e-01 2.024012356996536255e-01 1.996910870075225830e-01 -3.575044572353363037e-01 8.895772695541381836e-01
3.333510637283325195e+00 -4.665087759494781494e-01 4.020940959453582764e-01 2.059299945831298828e-01 1.984442472457885742e-01 -3.571319878101348877e-01 8.891959786415100098e-01
3.369084358215332031e+00 -5.273193120956420898e-01 3.787548840045928955e-01 2.095082849264144897e-01 1.969904750585556030e-01 -3.580209910869598389e-01 8.883253931999206543e-01
3.404699563980102539e+00 -5.925366282463073730e-01 3.541735708713531494e-01 2.130901217460632324e-01 1.953361332416534424e-01 -3.601270318031311035e-01 8.869864344596862793e-01
3.442106962203979492e+00 -6.611779928207397461e-01 3.283489942550659180e-01 2.166374176740646362e-01 1.934868097305297852e-01 -3.634019792079925537e-01 8.851948976516723633e-01
3.481315851211547852e+00 -7.332519292831420898e-01 3.012847900390625000e-01 2.201199233531951904e-01 1.914482116699218750e-01 -3.677915334701538086e-01 8.829632401466369629e-01
3.522343635559082031e+00 -8.087658286094665527e-01 2.729815542697906494e-01 2.235150635242462158e-01 1.892262399196624756e-01 -3.732370138168334961e-01 8.803002834320068359e-01
3.565212249755859375e+00 -8.877221345901489258e-01 2.434399425983428955e-01 2.268075048923492432e-01 1.868271082639694214e-01 -3.796741664409637451e-01 8.772123456001281738e-01
3.610043764114379883e+00 -9.702282547950744629e-01 2.125720232725143433e-01 2.292871773242950439e-01 1.822407841682434082e-01 -3.869405090808868408e-01 8.743526935577392578e-01
3.656901836395263672e+00 -1.056339144706726074e+00 1.803381294012069702e-01 2.305917143821716309e-01 1.746395677328109741e-01 -3.949247300624847412e-01 8.719879388809204102e-01
3.705703020095825195e+00 -1.145972847938537598e+00 1.468151807785034180e-01 2.313461601734161377e-01 1.659961938858032227e-01 -4.036501646041870117e-01 8.694773316383361816e-01
3.753508329391479492e+00 -1.240560293197631836e+00 1.117523163557052612e-01 2.315036207437515259e-01 1.563076227903366089e-01 -4.130440950393676758e-01 8.668152093887329102e-01
3.800600528717041016e+00 -1.339987754821777344e+00 7.516540586948394775e-02 2.310169637203216553e-01 1.455702185630798340e-01 -4.230335652828216553e-01 8.639925718307495117e-01
3.849479913711547852e+00 -1.443072438240051270e+00 3.725463896989822388e-02 2.298387885093688965e-01 1.337815076112747192e-01 -4.335427284240722656e-01 8.609978556632995605e-01
3.900153636932373047e+00 -1.549831509590148926e+00 -1.986084040254354477e-03 2.279214560985565186e-01 1.209397092461585999e-01 -4.444932937622070312e-01 8.578176498413085938e-01
3.952641487121582031e+00 -1.660273432731628418e+00 -4.256225377321243286e-02 2.252175956964492798e-01 1.070442050695419312e-01 -4.558054506778717041e-01 8.544354438781738281e-01
4.006955623626708984e+00 -1.774417638778686523e+00 -8.447998017072677612e-02 2.216800749301910400e-01 9.209565818309783936e-02 -4.673966765403747559e-01 8.508329987525939941e-01
4.056813716888427734e+00 -1.889885187149047852e+00 -1.267895549535751343e-01 2.172622382640838623e-01 7.609617710113525391e-02 -4.791830778121948242e-01 8.469888567924499512e-01
4.100810527801513672e+00 -2.007237434387207031e+00 -1.696569770574569702e-01 2.119182646274566650e-01 5.904995650053024292e-02 -4.910776615142822266e-01 8.428798913955688477e-01
4.144753456115722656e+00 -2.124255418777465820e+00 -2.124267518520355225e-01 2.056229710578918457e-01 4.099714756011962891e-02 -5.029838681221008301e-01 8.384782075881958008e-01
4.188652038574218750e+00 -2.240960597991943359e+00 -2.551019191741943359e-01 1.984329819679260254e-01 2.211728692054748535e-02 -5.147755146026611328e-01 8.337513804435729980e-01
4.232504844665527344e+00 -2.357370615005493164e+00 -2.976800501346588135e-01 1.904295682907104492e-01 2.626702189445495605e-03 -5.263265967369079590e-01 8.286797404289245605e-01
4.271149635314941406e+00 -2.474848508834838867e+00 -3.406927287578582764e-01 1.816993653774261475e-01 -1.725552231073379517e-02 -5.375204086303710938e-01 8.232613801956176758e-01
4.297749042510986328e+00 -2.595196485519409180e+00 -3.848419189453125000e-01 1.723346412181854248e-01 -3.730916976928710938e-02 -5.482522249221801758e-01 8.175134658813476562e-01
4.324352741241455078e+00 -2.715286731719970703e+00 -4.288641214370727539e-01 1.624325960874557495e-01 -5.731386691331863403e-02 -5.584298968315124512e-01 8.114719986915588379e-01
4.350949764251708984e+00 -2.835135459899902344e+00 -4.727447330951690674e-01 1.520950794219970703e-01 -7.705014944076538086e-02 -5.679739117622375488e-01 8.051931858062744141e-01
4.377531528472900391e+00 -2.954754590988159180e+00 -5.164672732353210449e-01 1.414277404546737671e-01 -9.630086272954940796e-02 -5.768195986747741699e-01 7.987512350082397461e-01
4.384648323059082031e+00 -3.076536893844604492e+00 -5.607397556304931641e-01 1.305393725633621216e-01 -1.148521900177001953e-01 -5.849149823188781738e-01 7.922392487525939941e-01
4.390461444854736328e+00 -3.198261737823486328e+00 -6.044134497642517090e-01 1.180587708950042725e-01 -1.313769072294235229e-01 -5.924706459045410156e-01 7.859902381896972656e-01
4.396259784698486328e+00 -3.319741249084472656e+00 -6.478222608566284180e-01 1.054414361715316772e-01 -1.466375887393951416e-01 -5.993026494979858398e-01 7.798818349838256836e-01
4.397648811340332031e+00 -3.440860509872436523e+00 -6.908941268920898438e-01 9.318545460700988770e-02 -1.607351452112197876e-01 -6.053174734115600586e-01 7.739969491958618164e-01
4.380896091461181641e+00 -3.561243772506713867e+00 -7.331304550170898438e-01 8.151074498891830444e-02 -1.735758185386657715e-01 -6.104624271392822266e-01 7.684810161590576172e-01
4.364238262176513672e+00 -3.681440353393554688e+00 -7.752215266227722168e-01 7.064291834831237793e-02 -1.850802749395370483e-01 -6.146834492683410645e-01 7.634914517402648926e-01
4.347687721252441406e+00 -3.801481962203979492e+00 -8.171801567077636719e-01 6.081170588731765747e-02 -1.951788663864135742e-01 -6.179245710372924805e-01 7.591945528984069824e-01
4.311820983886718750e+00 -3.917755126953125000e+00 -8.566412329673767090e-01 5.224819481372833252e-02 -2.038059681653976440e-01 -6.201303005218505859e-01 7.557590007781982422e-01
4.273725509643554688e+00 -4.033492565155029297e+00 -8.957098126411437988e-01 4.518219083547592163e-02 -2.108928561210632324e-01 -6.212450861930847168e-01 7.533506751060485840e-01
4.235827445983886719e+00 -4.149179458618164062e+00 -9.346941709518432617e-01 3.983957320451736450e-02 -2.163577377796173096e-01 -6.212183833122253418e-01 7.521236538887023926e-01
4.181899547576904297e+00 -4.259185791015625000e+00 -9.692553281784057617e-01 3.390705585479736328e-02 -2.180094420909881592e-01 -6.207416057586669922e-01 7.523310780525207520e-01
4.125749588012695312e+00 -4.368256568908691406e+00 -1.002577543258666992e+00 2.780659496784210205e-02 -2.159193307161331177e-01 -6.197118163108825684e-01 7.540310025215148926e-01
4.069101333618164062e+00 -4.476937294006347656e+00 -1.035242915153503418e+00 2.271781116724014282e-02 -2.108792662620544434e-01 -6.177747845649719238e-01 7.572108507156372070e-01
4.000549316406250000e+00 -4.579799652099609375e+00 -1.063039541244506836e+00 1.860912889242172241e-02 -2.030470818281173706e-01 -6.149557828903198242e-01 7.617446184158325195e-01
3.932243585586547852e+00 -4.682595252990722656e+00 -1.090495586395263672e+00 1.542456448078155518e-02 -1.926500499248504639e-01 -6.112833023071289062e-01 7.674508690834045410e-01
3.861774921417236328e+00 -4.784018516540527344e+00 -1.116004586219787598e+00 1.310776919126510620e-02 -1.799130886793136597e-01 -6.067766547203063965e-01 7.741327881813049316e-01
3.787121534347534180e+00 -4.882978439331054688e+00 -1.138230562210083008e+00 1.160200685262680054e-02 -1.650623530149459839e-01 -6.014499068260192871e-01 7.815867066383361816e-01
3.712829589843750000e+00 -4.981857776641845703e+00 -1.160253882408142090e+00 1.085073500871658325e-02 -1.483261138200759888e-01 -5.953178405761718750e-01 7.896063923835754395e-01
3.638127326965332031e+00 -5.080806732177734375e+00 -1.178844571113586426e+00 1.079664751887321472e-02 -1.299375891685485840e-01 -5.883998274803161621e-01 7.979883551597595215e-01
3.563588857650756836e+00 -5.179698467254638672e+00 -1.196326255798339844e+00 1.138196885585784912e-02 -1.101356148719787598e-01 -5.807237625122070312e-01 8.065361976623535156e-01
3.491218090057373047e+00 -5.279955863952636719e+00 -1.212580561637878418e+00 1.254907250404357910e-02 -8.916455507278442383e-02 -5.723282694816589355e-01 8.150659203529357910e-01
3.423298358917236328e+00 -5.383483886718750000e+00 -1.226133346557617188e+00 1.423973031342029572e-02 -6.727503985166549683e-02 -5.632662773132324219e-01 8.234089016914367676e-01
3.355788469314575195e+00 -5.486814975738525391e+00 -1.239738106727600098e+00 1.639607921242713928e-02 -4.472251236438751221e-02 -5.536057949066162109e-01 8.314154744148254395e-01
3.294697284698486328e+00 -5.594136714935302734e+00 -1.250732421875000000e+00 1.896004937589168549e-02 -2.176717668771743774e-02 -5.434309840202331543e-01 8.389573097229003906e-01
3.234055042266845703e+00 -5.701241493225097656e+00 -1.261824965476989746e+00 2.187430858612060547e-02 1.328279264271259308e-03 -5.328434705734252930e-01 8.459300398826599121e-01
3.177692890167236328e+00 -5.811519622802734375e+00 -1.272279024124145508e+00 2.508233115077018738e-02 2.429989539086818695e-02 -5.219606757164001465e-01 8.522543907165527344e-01
3.122590303421020508e+00 -5.923192024230957031e+00 -1.282734990119934082e+00 2.852872572839260101e-02 4.688407853245735168e-02 -5.109168887138366699e-01 8.578764200210571289e-01
3.070302724838256836e+00 -6.036835670471191406e+00 -1.293812274932861328e+00 3.215960413217544556e-02 6.881949305534362793e-02 -4.998604953289031982e-01 8.627682328224182129e-01
3.019929170608520508e+00 -6.151998043060302734e+00 -1.305434584617614746e+00 3.592306375503540039e-02 8.984808623790740967e-02 -4.889540374279022217e-01 8.669260740280151367e-01
2.971008300781250000e+00 -6.268247127532958984e+00 -1.318355679512023926e+00 3.976888209581375122e-02 1.097168698906898499e-01 -4.783700704574584961e-01 8.703693151473999023e-01
2.924077033996582031e+00 -6.385768890380859375e+00 -1.332905292510986328e+00 4.364943131804466248e-02 1.281783282756805420e-01 -4.682919383049011230e-01 8.731366991996765137e-01
2.877426624298095703e+00 -6.503797531127929688e+00 -1.348668217658996582e+00 4.751899093389511108e-02 1.449908465147018433e-01 -4.589082300662994385e-01 8.752844929695129395e-01
2.832412004470825195e+00 -6.622579097747802734e+00 -1.367632389068603516e+00 5.133327841758728027e-02 1.599653959274291992e-01 -4.503827393054962158e-01 8.768873214721679688e-01
2.787014007568359375e+00 -6.741730690002441406e+00 -1.386899352073669434e+00 5.504322424530982971e-02 1.731060445308685303e-01 -4.427573084831237793e-01 8.780492544174194336e-01
2.742429256439208984e+00 -6.860860347747802734e+00 -1.411085128784179688e+00 5.859912186861038208e-02 1.844648569822311401e-01 -4.360359907150268555e-01 8.788694739341735840e-01
2.697509765625000000e+00 -6.980364799499511719e+00 -1.435737252235412598e+00 6.195044517517089844e-02 1.940934211015701294e-01 -4.302152395248413086e-01 8.794342875480651855e-01
2.649836301803588867e+00 -7.105737209320068359e+00 -1.465239167213439941e+00 6.504652649164199829e-02 2.020425945520401001e-01 -4.252842962741851807e-01 8.798187375068664551e-01
2.599404335021972656e+00 -7.237119197845458984e+00 -1.499013662338256836e+00 6.783679127693176270e-02 2.083616703748703003e-01 -4.212265014648437500e-01 8.800862431526184082e-01
2.545947313308715820e+00 -7.374526023864746094e+00 -1.536198735237121582e+00 7.026955485343933105e-02 2.130985409021377563e-01 -4.180196523666381836e-01 8.802901506423950195e-01
2.488923311233520508e+00 -7.516717433929443359e+00 -1.580436348915100098e+00 7.229303568601608276e-02 2.162990719079971313e-01 -4.156368672847747803e-01 8.804739117622375488e-01
2.429081916809082031e+00 -7.665403842926025391e+00 -1.626751065254211426e+00 7.385512441396713257e-02 2.180071622133255005e-01 -4.140468537807464600e-01 8.806721568107604980e-01
2.365632295608520508e+00 -7.818588733673095703e+00 -1.680214166641235352e+00 7.490251213312149048e-02 2.182647287845611572e-01 -4.132139384746551514e-01 8.809110522270202637e-01
2.299314022064208984e+00 -7.978116512298583984e+00 -1.736180424690246582e+00 7.538139820098876953e-02 2.171119898557662964e-01 -4.130984842777252197e-01 8.812093138694763184e-01
2.229589700698852539e+00 -8.142683982849121094e+00 -1.797581195831298828e+00 7.523774355649948120e-02 2.145869433879852295e-01 -4.136580824851989746e-01 8.815773725509643555e-01
2.156835794448852539e+00 -8.313171386718750000e+00 -1.862442016601562500e+00 7.441680133342742920e-02 2.107260078191757202e-01 -4.148465991020202637e-01 8.820198774337768555e-01
2.080734729766845703e+00 -8.488965034484863281e+00 -1.931914687156677246e+00 7.286250591278076172e-02 2.055644989013671875e-01 -4.166148006916046143e-01 8.825340867042541504e-01
2.001508712768554688e+00 -8.670516967773437500e+00 -2.005092620849609375e+00 7.051926106214523315e-02 1.991357654333114624e-01 -4.189099967479705811e-01 8.831117153167724609e-01
1.918847560882568359e+00 -8.857401847839355469e+00 -2.082615375518798828e+00 6.733030080795288086e-02 1.914728432893753052e-01 -4.216770231723785400e-01 8.837382197380065918e-01
1.833039522171020508e+00 -9.050101280212402344e+00 -2.163618803024291992e+00 6.323908269405364990e-02 1.826074570417404175e-01 -4.248573184013366699e-01 8.843933343887329102e-01
1.743481397628784180e+00 -9.247954368591308594e+00 -2.248989105224609375e+00 5.818830430507659912e-02 1.725712567567825317e-01 -4.283895194530487061e-01 8.850511908531188965e-01
1.650651812553405762e+00 -9.451650619506835938e+00 -2.337587833404541016e+00 5.212140083312988281e-02 1.613953560590744019e-01 -4.322091639041900635e-01 8.856806159019470215e-01
1.553796410560607910e+00 -9.660548210144042969e+00 -2.430088996887207031e+00 4.498130083084106445e-02 1.491115093231201172e-01 -4.362481832504272461e-01 8.862448930740356445e-01
1.452795386314392090e+00 -9.874881744384765625e+00 -2.525786161422729492e+00 3.674002736806869507e-02 1.357642412185668945e-01 -4.404382109642028809e-01 8.866974711418151855e-01
1.347255825996398926e+00 -1.009459590911865234e+01 -2.624374866485595703e+00 2.748031914234161377e-02 1.214508861303329468e-01 -4.447160363197326660e-01 8.869735598564147949e-01
1.236137628555297852e+00 -1.031924819946289062e+01 -2.725697040557861328e+00 1.731434091925621033e-02 1.062839552760124207e-01 -4.490227997303009033e-01 8.870075941085815430e-01
1.118295907974243164e+00 -1.054778575897216797e+01 -2.830715179443359375e+00 6.355553865432739258e-03 9.037885069847106934e-02 -4.533019661903381348e-01 8.867404460906982422e-01
9.924682378768920898e-01 -1.077852058410644531e+01 -2.941384315490722656e+00 -5.280958488583564758e-03 7.385336607694625854e-02 -4.575009346008300781e-01 8.861211538314819336e-01
8.566601276397705078e-01 -1.100754642486572266e+01 -3.062604904174804688e+00 -1.747834123671054840e-02 5.682804435491561890e-02 -4.615711271762847900e-01 8.851085305213928223e-01
7.136400938034057617e-01 -1.122512435913085938e+01 -3.199461698532104492e+00 -3.011934459209442139e-02 3.942559659481048584e-02 -4.654696583747863770e-01 8.836721777915954590e-01
5.675243735313415527e-01 -1.142773914337158203e+01 -3.357947826385498047e+00 -4.308540746569633484e-02 2.177084982395172119e-02 -4.691591858863830566e-01 8.817931413650512695e-01
4.192089736461639404e-01 -1.162149143218994141e+01 -3.528372764587402344e+00 -5.625830590724945068e-02 3.989830613136291504e-03 -4.726091921329498291e-01 8.794656395912170410e-01
2.707006633281707764e-01 -1.180963802337646484e+01 -3.688246965408325195e+00 -6.951929628849029541e-02 -1.379024609923362732e-02 -4.757952690124511719e-01 8.766959309577941895e-01
1.191333010792732239e-01 -1.200162315368652344e+01 -3.821310997009277344e+00 -8.275082707405090332e-02 -3.144238144159317017e-02 -4.787003397941589355e-01 8.735042810440063477e-01
-3.549316152930259705e-02 -1.220268058776855469e+01 -3.910242795944213867e+00 -9.583730995655059814e-02 -4.883955791592597961e-02 -4.813144505023956299e-01 8.699231743812561035e-01
-1.885424703359603882e-01 -1.240732192993164062e+01 -3.956206083297729492e+00 -1.086637973785400391e-01 -6.585592031478881836e-02 -4.836343526840209961e-01 8.659982085227966309e-01
-3.364160060882568359e-01 -1.260862064361572266e+01 -3.973904848098754883e+00 -1.211179494857788086e-01 -8.236725628376007080e-02 -4.856638908386230469e-01 8.617869019508361816e-01
-4.775805473327636719e-01 -1.280390548706054688e+01 -3.979136943817138672e+00 -1.330904066562652588e-01 -9.825104475021362305e-02 -4.874134063720703125e-01 8.573574423789978027e-01
-6.080566048622131348e-01 -1.299306869506835938e+01 -4.001574516296386719e+00 -1.444739699363708496e-01 -1.133873909711837769e-01 -4.888986051082611084e-01 8.527887463569641113e-01
-7.304589748382568359e-01 -1.316211605072021484e+01 -4.068762302398681641e+00 -1.551644504070281982e-01 -1.276592612266540527e-01 -4.901413917541503906e-01 8.481677174568176270e-01
-8.826611042022705078e-01 -1.331048583984375000e+01 -4.076869010925292969e+00 -1.650605797767639160e-01 -1.409519314765930176e-01 -4.911672770977020264e-01 8.435888886451721191e-01
-1.030424833297729492e+00 -1.345026302337646484e+01 -4.075772762298583984e+00 -1.740636825561523438e-01 -1.531533002853393555e-01 -4.920061826705932617e-01 8.391517996788024902e-01
-1.169846177101135254e+00 -1.358504581451416016e+01 -4.072292327880859375e+00 -1.820770204067230225e-01 -1.641540676355361938e-01 -4.926898181438446045e-01 8.349599242210388184e-01
-1.299045324325561523e+00 -1.371662521362304688e+01 -4.067215442657470703e+00 -1.890332400798797607e-01 -1.738783717155456543e-01 -4.932508766651153564e-01 8.311055302619934082e-01
-1.416870117187500000e+00 -1.384581470489501953e+01 -4.059997558593750000e+00 -1.949741840362548828e-01 -1.823794990777969360e-01 -4.937185049057006836e-01 8.276261091232299805e-01
-1.520678639411926270e+00 -1.397427749633789062e+01 -4.049725055694580078e+00 -1.999669671058654785e-01 -1.897416859865188599e-01 -4.941148459911346436e-01 8.245373368263244629e-01
-1.607690334320068359e+00 -1.410314464569091797e+01 -4.037304401397705078e+00 -2.040784358978271484e-01 -1.960478127002716064e-01 -4.944580495357513428e-01 8.218445777893066406e-01
-1.671469688415527344e+00 -1.423430919647216797e+01 -4.024257659912109375e+00 -2.073725163936614990e-01 -2.013798356056213379e-01 -4.947602450847625732e-01 8.195457458496093750e-01
-1.712426662445068359e+00 -1.436440658569335938e+01 -4.012772083282470703e+00 -2.099119722843170166e-01 -2.058177143335342407e-01 -4.950298070907592773e-01 8.176317214965820312e-01
-1.730881333351135254e+00 -1.449029731750488281e+01 -4.004356384277343750e+00 -2.117592990398406982e-01 -2.094410508871078491e-01 -4.952720701694488525e-01 8.160870671272277832e-01
-1.733715772628784180e+00 -1.460828304290771484e+01 -3.999169826507568359e+00 -2.129746377468109131e-01 -2.123280167579650879e-01 -4.954892098903656006e-01 8.148919939994812012e-01
-1.727648854255676270e+00 -1.471686935424804688e+01 -3.995610237121582031e+00 -2.136172205209732056e-01 -2.145557403564453125e-01 -4.956811666488647461e-01 8.140231966972351074e-01
-1.718510746955871582e+00 -1.481579780578613281e+01 -3.992021322250366211e+00 -2.137467265129089355e-01 -2.162006646394729614e-01 -4.958462715148925781e-01 8.134530782699584961e-01
-1.709450602531433105e+00 -1.490523433685302734e+01 -3.987778186798095703e+00 -2.134207338094711304e-01 -2.173390686511993408e-01 -4.959807097911834717e-01 8.131534457206726074e-01
-1.701581954956054688e+00 -1.498527526855468750e+01 -3.983049154281616211e+00 -2.126969993114471436e-01 -2.180461585521697998e-01 -4.960805475711822510e-01 8.130928277969360352e-01
-1.695251464843750000e+00 -1.505593967437744141e+01 -3.977883100509643555e+00 -2.116334587335586548e-01 -2.183974683284759521e-01 -4.961404502391815186e-01 8.132395148277282715e-01
-1.690905690193176270e+00 -1.511722087860107422e+01 -3.972366809844970703e+00 -2.102868854999542236e-01 -2.184674441814422607e-01 -4.961552321910858154e-01 8.135609626770019531e-01
-1.687849044799804688e+00 -1.516911792755126953e+01 -3.967148303985595703e+00 -2.087150216102600098e-01 -2.183317393064498901e-01 -4.961189627647399902e-01 8.140241503715515137e-01
-1.685375928878784180e+00 -1.521164035797119141e+01 -3.962903976440429688e+00 -2.069748640060424805e-01 -2.180650532245635986e-01 -4.960264265537261963e-01 8.145961165428161621e-01
-1.684907197952270508e+00 -1.524468708038330078e+01 -3.958565473556518555e+00 -2.051236778497695923e-01 -2.177419811487197876e-01 -4.958718717098236084e-01 8.152446150779724121e-01
-1.684538483619689941e+00 -1.526838111877441406e+01 -3.955560207366943359e+00 -2.032187879085540771e-01 -2.174384295940399170e-01 -4.956498742103576660e-01 8.159373998641967773e-01
-1.684282183647155762e+00 -1.528269767761230469e+01 -3.953886747360229492e+00 -2.013181149959564209e-01 -2.172291278839111328e-01 -4.953561723232269287e-01 8.166424632072448730e-01
-1.684130787849426270e+00 -1.528764820098876953e+01 -3.953543663024902344e+00 -1.994793415069580078e-01 -2.171896249055862427e-01 -4.949857592582702637e-01 8.173284530639648438e-01
-1.683913588523864746e+00 -1.529786586761474609e+01 -3.952460765838623047e+00 -1.977493762969970703e-01 -2.173840552568435669e-01 -4.945406019687652588e-01 8.179662823677062988e-01
-1.683630347251892090e+00 -1.531334400177001953e+01 -3.950646877288818359e+00 -1.961337924003601074e-01 -2.178332209587097168e-01 -4.940506815910339355e-01 8.185316920280456543e-01
-1.683290958404541016e+00 -1.533407402038574219e+01 -3.948104143142700195e+00 -1.946270763874053955e-01 -2.185462117195129395e-01 -4.935522377490997314e-01 8.190017342567443848e-01
-1.683508276939392090e+00 -1.535997295379638672e+01 -3.944432258605957031e+00 -1.932236701250076294e-01 -2.195322662591934204e-01 -4.930809438228607178e-01 8.193542361259460449e-01
-1.684863209724426270e+00 -1.539096355438232422e+01 -3.939262628555297852e+00 -1.919184327125549316e-01 -2.208007574081420898e-01 -4.926730096340179443e-01 8.195655941963195801e-01
-1.686479449272155762e+00 -1.542714595794677734e+01 -3.933177471160888672e+00 -1.907056570053100586e-01 -2.223608642816543579e-01 -4.923642277717590332e-01 8.196124434471130371e-01
-1.688359379768371582e+00 -1.546850776672363281e+01 -3.926182746887207031e+00 -1.895795911550521851e-01 -2.242216616868972778e-01 -4.921900629997253418e-01 8.194712996482849121e-01
-1.691938400268554688e+00 -1.551475811004638672e+01 -3.917426586151123047e+00 -1.885347664356231689e-01 -2.263918071985244751e-01 -4.921858906745910645e-01 8.191181421279907227e-01
-1.697849035263061523e+00 -1.556575870513916016e+01 -3.906540393829345703e+00 -1.875653564929962158e-01 -2.288804203271865845e-01 -4.923866987228393555e-01 8.185281157493591309e-01
-1.704387187957763672e+00 -1.562184810638427734e+01 -3.894550800323486328e+00 -1.866650879383087158e-01 -2.316961437463760376e-01 -4.928271770477294922e-01 8.176761865615844727e-01
-1.713815927505493164e+00 -1.568242168426513672e+01 -3.880361318588256836e+00 -1.858282536268234253e-01 -2.348472177982330322e-01 -4.935412704944610596e-01 8.165363669395446777e-01
-1.725529789924621582e+00 -1.574763393402099609e+01 -3.864274740219116211e+00 -1.850481927394866943e-01 -2.383418828248977661e-01 -4.945630133152008057e-01 8.150814771652221680e-01
-1.739221096038818359e+00 -1.581751441955566406e+01 -3.846574544906616211e+00 -1.843182295560836792e-01 -2.421874105930328369e-01 -4.959248304367065430e-01 8.132838606834411621e-01
-1.756945729255676270e+00 -1.589142513275146484e+01 -3.826509952545166016e+00 -1.836316138505935669e-01 -2.463920712471008301e-01 -4.976590275764465332e-01 8.111140727996826172e-01
-1.776811480522155762e+00 -1.596991443634033203e+01 -3.804902315139770508e+00 -1.829809099435806274e-01 -2.509619891643524170e-01 -4.997966289520263672e-01 8.085414767265319824e-01
-1.801528334617614746e+00 -1.605206108093261719e+01 -3.781099796295166016e+00 -1.823587715625762939e-01 -2.559040784835815430e-01 -5.023677945137023926e-01 8.055339455604553223e-01
-1.829714298248291016e+00 -1.613826370239257812e+01 -3.755692005157470703e+00 -1.817567199468612671e-01 -2.612234055995941162e-01 -5.054013133049011230e-01 8.020576238632202148e-01
-1.862673282623291016e+00 -1.622804450988769531e+01 -3.728527784347534180e+00 -1.811662465333938599e-01 -2.669253051280975342e-01 -5.089244842529296875e-01 7.980761528015136719e-01
-1.902092218399047852e+00 -1.632062530517578125e+01 -3.699971914291381836e+00 -1.805782914161682129e-01 -2.730137705802917480e-01 -5.129629969596862793e-01 7.935514450073242188e-01
-1.947431564331054688e+00 -1.641608619689941406e+01 -3.670307636260986328e+00 -1.799829155206680298e-01 -2.794915437698364258e-01 -5.175407528877258301e-01 7.884429097175598145e-01
-2.000705480575561523e+00 -1.651341819763183594e+01 -3.639980316162109375e+00 -1.793713569641113281e-01 -2.863405942916870117e-01 -5.226600170135498047e-01 7.827270030975341797e-01
-2.065529823303222656e+00 -1.661038017272949219e+01 -3.610274553298950195e+00 -1.787408739328384399e-01 -2.934621572494506836e-01 -5.282446146011352539e-01 7.764593958854675293e-01
