-1.970742106437683105e+00 3.095764160156250000e+00 -1.870332002639770508e+00 2.154866755008697510e-01 -1.501885056495666504e-02 5.535696744918823242e-01 8.043012022972106934e-01
-1.765605449676513672e+00 2.986647844314575195e+00 -1.978193283081054688e+00 2.164926230907440186e-01 -1.654294133186340332e-02 5.540291666984558105e-01 8.036844730377197266e-01
-1.556367158889770508e+00 2.867685556411743164e+00 -2.083193302154541016e+00 2.166342139244079590e-01 -1.662006229162216187e-02 5.545452237129211426e-01 8.032887578010559082e-01
-1.343535184860229492e+00 2.736931085586547852e+00 -2.183183431625366211e+00 2.121639251708984375e-01 -1.771855354309082031e-02 5.550339818000793457e-01 8.041206002235412598e-01
-1.128671884536743164e+00 2.593347072601318359e+00 -2.278915882110595703e+00 2.050464749336242676e-01 -1.855766773223876953e-02 5.554784536361694336e-01 8.056396842002868652e-01
-9.140625000000000000e-01 2.434506893157958984e+00 -2.369999885559082031e+00 1.954859197139739990e-01 -1.911801844835281372e-02 5.558068752288818359e-01 8.077738285064697266e-01
-6.988476514816284180e-01 2.257688045501708984e+00 -2.458046913146972656e+00 1.836849749088287354e-01 -1.938004791736602783e-02 5.559417009353637695e-01 8.104400038719177246e-01
-4.961132705211639404e-01 2.072372913360595703e+00 -2.538574218750000000e+00 1.698463112115859985e-01 -1.932353526353836060e-02 5.558010935783386230e-01 8.135502338409423828e-01
-3.047460913658142090e-01 1.881301283836364746e+00 -2.612656116485595703e+00 1.541745513677597046e-01 -1.892900466918945312e-02 5.553020834922790527e-01 8.170137405395507812e-01
-1.235742196440696716e-01 1.686767578125000000e+00 -2.681201219558715820e+00 1.368770003318786621e-01 -1.817707717418670654e-02 5.543634295463562012e-01 8.207408189773559570e-01
4.845703020691871643e-02 1.490476012229919434e+00 -2.744970560073852539e+00 1.181644499301910400e-01 -1.704860106110572815e-02 5.529073476791381836e-01 8.246452212333679199e-01
2.099414020776748657e-01 1.291584491729736328e+00 -2.803398370742797852e+00 9.825178235769271851e-02 -1.552541553974151611e-02 5.508609414100646973e-01 8.286481499671936035e-01
3.640624880790710449e-01 1.093703627586364746e+00 -2.858388662338256836e+00 7.735794037580490112e-02 -1.358992606401443481e-02 5.481585264205932617e-01 8.326783776283264160e-01
5.114648342132568359e-01 8.975536823272705078e-01 -2.910371065139770508e+00 5.570545792579650879e-02 -1.122507266700267792e-02 5.447427034378051758e-01 8.366757035255432129e-01
6.510937213897705078e-01 7.023730278015136719e-01 -2.958955049514770508e+00 3.352049738168716431e-02 -8.415173739194869995e-03 5.405654907226562500e-01 8.405917286872863770e-01
7.844530940055847168e-01 5.096948146820068359e-01 -3.005038976669311523e+00 1.103155687451362610e-02 -5.145251750946044922e-03 5.355887413024902344e-01 8.443912267684936523e-01
9.126952886581420898e-01 3.204296827316284180e-01 -3.049169778823852539e+00 -1.153129246085882187e-02 -1.401041168719530106e-03 5.297842025756835938e-01 8.480529785156250000e-01
1.034121036529541016e+00 1.334033161401748657e-01 -3.090859413146972656e+00 -3.393756598234176636e-02 2.830480225384235382e-03 5.231344699859619141e-01 8.515694141387939453e-01
1.151093721389770508e+00 -4.956298694014549255e-02 -3.131123065948486328e+00 -5.595716834068298340e-02 7.562234997749328613e-03 5.156319737434387207e-01 8.549475669860839844e-01
1.262988209724426270e+00 -2.289111316204071045e-01 -3.169814348220825195e+00 -7.736182212829589844e-02 1.280618272721767426e-02 5.072777867317199707e-01 8.582077026367187500e-01
1.369335889816284180e+00 -4.048705995082855225e-01 -3.207197189331054688e+00 -9.792584180831909180e-02 1.857403665781021118e-02 4.980821013450622559e-01 8.613824844360351562e-01
1.471328139305114746e+00 -5.766699314117431641e-01 -3.243515491485595703e+00 -1.174271702766418457e-01 2.487798407673835754e-02 4.880614280700683594e-01 8.645160198211669922e-01
1.566894531250000000e+00 -7.455297708511352539e-01 -3.278847694396972656e+00 -1.356477737426757812e-01 3.172971680760383606e-02 4.772378206253051758e-01 8.676617741584777832e-01
1.658828139305114746e+00 -9.098070859909057617e-01 -3.313320159912109375e+00 -1.524118334054946899e-01 3.913025930523872375e-02 4.656525254249572754e-01 8.708657026290893555e-01
1.744062423706054688e+00 -1.071164488792419434e+00 -3.347099542617797852e+00 -1.676997691392898560e-01 4.703326150774955750e-02 4.534107744693756104e-01 8.741186261177062988e-01
1.826015591621398926e+00 -1.227731943130493164e+00 -3.380038976669311523e+00 -1.815318763256072998e-01 5.538030713796615601e-02 4.406328797340393066e-01 8.773949146270751953e-01
1.901874899864196777e+00 -1.380881309509277344e+00 -3.412421703338623047e+00 -1.939298957586288452e-01 6.411336362361907959e-02 4.274380803108215332e-01 8.806686997413635254e-01
1.974121093750000000e+00 -1.529399394989013672e+00 -3.444003820419311523e+00 -2.049176394939422607e-01 7.317423075437545776e-02 4.139455258846282959e-01 8.839136958122253418e-01
2.042011737823486328e+00 -1.673552155494689941e+00 -3.474902153015136719e+00 -2.145198434591293335e-01 8.250539004802703857e-02 4.002744555473327637e-01 8.871045112609863281e-01
2.104960918426513672e+00 -1.813825607299804688e+00 -3.505625009536743164e+00 -2.210866957902908325e-01 9.277731180191040039e-02 3.863683342933654785e-01 8.906359672546386719e-01
2.165429592132568359e+00 -1.949426174163818359e+00 -3.536367177963256836e+00 -2.223136126995086670e-01 1.048171296715736389e-01 3.720178902149200439e-01 8.950936198234558105e-01
2.220624923706054688e+00 -2.080832481384277344e+00 -3.566396474838256836e+00 -2.230754345655441284e-01 1.164304465055465698e-01 3.578195869922637939e-01 8.992476463317871094e-01
2.272460937500000000e+00 -2.207253456115722656e+00 -3.595380783081054688e+00 -2.234352380037307739e-01 1.276011914014816284e-01 3.439296483993530273e-01 9.030542969703674316e-01
2.322011709213256836e+00 -2.328237295150756836e+00 -3.623144388198852539e+00 -2.234596163034439087e-01 1.383150815963745117e-01 3.305042684078216553e-01 9.064775705337524414e-01
2.367480516433715820e+00 -2.444436073303222656e+00 -3.650058507919311523e+00 -2.232178151607513428e-01 1.485587358474731445e-01 3.176998794078826904e-01 9.094893336296081543e-01
2.409433603286743164e+00 -2.555637121200561523e+00 -3.676015615463256836e+00 -2.227811217308044434e-01 1.583179980516433716e-01 3.056730628013610840e-01 9.120679497718811035e-01
2.449355363845825195e+00 -2.661284208297729492e+00 -3.700712919235229492e+00 -2.222220897674560547e-01 1.675766408443450928e-01 2.945798337459564209e-01 9.141981005668640137e-01
2.487285137176513672e+00 -2.761362314224243164e+00 -3.724140644073486328e+00 -2.216141521930694580e-01 1.763147711753845215e-01 2.845755219459533691e-01 9.158695340156555176e-01
2.521699190139770508e+00 -2.856386661529541016e+00 -3.746699094772338867e+00 -2.210311442613601685e-01 1.845072507858276367e-01 2.758137583732604980e-01 9.170763492584228516e-01
2.553339719772338867e+00 -2.946098566055297852e+00 -3.768173694610595703e+00 -2.205466330051422119e-01 1.921210885047912598e-01 2.684461474418640137e-01 9.178154468536376953e-01
2.583261728286743164e+00 -3.030156135559082031e+00 -3.788359403610229492e+00 -2.202334553003311157e-01 1.991142332553863525e-01 2.626215815544128418e-01 9.180853366851806641e-01
2.611542940139770508e+00 -3.108544826507568359e+00 -3.807226419448852539e+00 -2.201623916625976562e-01 2.054325044155120850e-01 2.584846913814544678e-01 9.178842902183532715e-01
2.638164043426513672e+00 -3.181252479553222656e+00 -3.824814319610595703e+00 -2.204012721776962280e-01 2.110081166028976440e-01 2.561752796173095703e-01 9.172093272209167480e-01
2.660917997360229492e+00 -3.246342658996582031e+00 -3.841904163360595703e+00 -2.121075987815856934e-01 2.134650796651840210e-01 2.533978521823883057e-01 9.193652272224426270e-01
2.679414033889770508e+00 -3.303085803985595703e+00 -3.857324123382568359e+00 -2.030311822891235352e-01 2.158017456531524658e-01 2.521978914737701416e-01 9.211971163749694824e-01
2.695175647735595703e+00 -3.350956916809082031e+00 -3.870937347412109375e+00 -1.932560652494430542e-01 2.180679440498352051e-01 2.524655759334564209e-01 9.226915240287780762e-01
2.708222627639770508e+00 -3.389953613281250000e+00 -3.882675647735595703e+00 -1.828769743442535400e-01 2.203161418437957764e-01 2.540813088417053223e-01 9.238286614418029785e-01
2.718515634536743164e+00 -3.420068264007568359e+00 -3.892539024353027344e+00 -1.719976514577865601e-01 2.225980013608932495e-01 2.569146752357482910e-01 9.245873689651489258e-01
2.726015567779541016e+00 -3.441298723220825195e+00 -3.900488138198852539e+00 -1.607325524091720581e-01 2.249607145786285400e-01 2.608255743980407715e-01 9.249473810195922852e-01
2.730683565139770508e+00 -3.453644990921020508e+00 -3.906494140625000000e+00 -1.492047607898712158e-01 2.274438291788101196e-01 2.656653225421905518e-01 9.248940944671630859e-01
2.732558488845825195e+00 -3.457104444503784180e+00 -3.910517454147338867e+00 -1.375443786382675171e-01 2.300760596990585327e-01 2.712782025337219238e-01 9.244212508201599121e-01
2.735839843750000000e+00 -3.464316368103027344e+00 -3.915537118911743164e+00 -1.258865892887115479e-01 2.328729033470153809e-01 2.775045335292816162e-01 9.235334396362304688e-01
2.740527391433715820e+00 -3.475285530090332031e+00 -3.921533107757568359e+00 -1.143682450056076050e-01 2.358350604772567749e-01 2.841836214065551758e-01 9.222480058670043945e-01
2.746601581573486328e+00 -3.490029335021972656e+00 -3.928437471389770508e+00 -1.031245067715644836e-01 2.389480173587799072e-01 2.911574542522430420e-01 9.205957055091857910e-01
2.754042863845825195e+00 -3.508566856384277344e+00 -3.936210870742797852e+00 -9.228612482547760010e-02 2.421820908784866333e-01 2.982738912105560303e-01 9.186205863952636719e-01
2.762812376022338867e+00 -3.530917882919311523e+00 -3.944824218750000000e+00 -8.197528123855590820e-02 2.454941868782043457e-01 3.053897321224212646e-01 9.163786172866821289e-01
2.772871017456054688e+00 -3.557106971740722656e+00 -3.954228401184082031e+00 -7.230501621961593628e-02 2.488290667533874512e-01 3.123729825019836426e-01 9.139360785484313965e-01
2.784218788146972656e+00 -3.587162971496582031e+00 -3.964384794235229492e+00 -6.337635219097137451e-02 2.521227002143859863e-01 3.191044032573699951e-01 9.113670587539672852e-01
2.796875000000000000e+00 -3.621110677719116211e+00 -3.975253820419311523e+00 -5.527834221720695496e-02 2.553044259548187256e-01 3.254775106906890869e-01 9.087509512901306152e-01
2.810859203338623047e+00 -3.659191846847534180e+00 -3.986874818801879883e+00 -4.808832332491874695e-02 2.582999169826507568e-01 3.313981592655181885e-01 9.061698913574218750e-01
2.826113224029541016e+00 -3.701464653015136719e+00 -3.999208927154541016e+00 -4.187326878309249878e-02 2.610336840152740479e-01 3.367834687232971191e-01 9.037062525749206543e-01
2.841523408889770508e+00 -3.748310565948486328e+00 -4.012177467346191406e+00 -3.669171780347824097e-02 2.634312808513641357e-01 3.415594696998596191e-01 9.014403820037841797e-01
2.858164072036743164e+00 -3.799399375915527344e+00 -4.025800704956054688e+00 -3.259613364934921265e-02 2.654210925102233887e-01 3.456583619117736816e-01 8.994494676589965820e-01
2.876113176345825195e+00 -3.854682445526123047e+00 -4.040146350860595703e+00 -2.842484414577484131e-02 2.642287015914916992e-01 3.495496809482574463e-01 8.984376788139343262e-01
2.895292997360229492e+00 -3.914226055145263672e+00 -4.055146217346191406e+00 -2.537469565868377686e-02 2.627988159656524658e-01 3.527330160140991211e-01 8.977039456367492676e-01
2.915742158889770508e+00 -3.978041887283325195e+00 -4.070829868316650391e+00 -2.338885515928268433e-02 2.611568868160247803e-01 3.552390933036804199e-01 8.972487449645996094e-01
2.937421798706054688e+00 -4.046123027801513672e+00 -4.087206840515136719e+00 -2.241025120019912720e-02 2.593263983726501465e-01 3.570969402790069580e-01 8.970671296119689941e-01
2.960351467132568359e+00 -4.118471622467041016e+00 -4.104306697845458984e+00 -2.238167077302932739e-02 2.573297321796417236e-01 3.583338260650634766e-01 8.971496224403381348e-01
2.983574151992797852e+00 -4.195407390594482422e+00 -4.121982097625732422e+00 -2.324581146240234375e-02 2.551879286766052246e-01 3.589753210544586182e-01 8.974828720092773438e-01
3.006659984588623047e+00 -4.277055740356445312e+00 -4.140204906463623047e+00 -2.494528144598007202e-02 2.529212534427642822e-01 3.590460419654846191e-01 8.980503082275390625e-01
3.030878782272338867e+00 -4.363000392913818359e+00 -4.159189224243164062e+00 -2.742250263690948486e-02 2.505490481853485107e-01 3.585694134235382080e-01 8.988332152366638184e-01
3.056249856948852539e+00 -4.453234672546386719e+00 -4.178935527801513672e+00 -3.061999008059501648e-02 2.480905055999755859e-01 3.575679659843444824e-01 8.998103737831115723e-01
3.082714796066284180e+00 -4.547749042510986328e+00 -4.199452877044677734e+00 -3.447999805212020874e-02 2.455641031265258789e-01 3.560636341571807861e-01 9.009595513343811035e-01
3.109706878662109375e+00 -4.646718502044677734e+00 -4.220634460449218750e+00 -3.894487395882606506e-02 2.429881393909454346e-01 3.540787100791931152e-01 9.022573828697204590e-01
3.135058641433715820e+00 -4.750844478607177734e+00 -4.241923809051513672e+00 -4.395671933889389038e-02 2.403808683156967163e-01 3.516348898410797119e-01 9.036801457405090332e-01
3.161367177963256836e+00 -4.859270095825195312e+00 -4.264023303985595703e+00 -4.945762082934379578e-02 2.377606183290481567e-01 3.487540483474731445e-01 9.052041172981262207e-01
3.188671827316284180e+00 -4.971989631652832031e+00 -4.286933422088623047e+00 -5.538942292332649231e-02 2.351458668708801270e-01 3.454578816890716553e-01 9.068061113357543945e-01
3.216913938522338867e+00 -5.089001178741455078e+00 -4.310664176940917969e+00 -6.169407442212104797e-02 2.325554341077804565e-01 3.417689204216003418e-01 9.084634780883789062e-01
3.241425752639770508e+00 -5.211679458618164062e+00 -4.333691120147705078e+00 -6.831324845552444458e-02 2.300080955028533936e-01 3.377098739147186279e-01 9.101547598838806152e-01
3.266738176345825195e+00 -5.338674068450927734e+00 -4.357519626617431641e+00 -7.518888264894485474e-02 2.275235205888748169e-01 3.333046138286590576e-01 9.118595123291015625e-01
3.292851448059082031e+00 -5.469985008239746094e+00 -4.382187366485595703e+00 -8.226270973682403564e-02 2.251213639974594116e-01 3.285770714282989502e-01 9.135590791702270508e-01
3.316015481948852539e+00 -5.606557369232177734e+00 -4.406210899353027344e+00 -8.947654813528060913e-02 2.228220254182815552e-01 3.235521912574768066e-01 9.152366518974304199e-01
3.335937500000000000e+00 -5.742473125457763672e+00 -4.428828239440917969e+00 -9.677241742610931396e-02 2.206464260816574097e-01 3.182557821273803711e-01 9.168770909309387207e-01
3.355624914169311523e+00 -5.876984596252441406e+00 -4.451171875000000000e+00 -1.040932908654212952e-01 2.186126410961151123e-01 3.127252161502838135e-01 9.184640049934387207e-01
3.370527267456054688e+00 -6.010942459106445312e+00 -4.471298694610595703e+00 -1.113868951797485352e-01 2.167275547981262207e-01 3.070435523986816406e-01 9.199708700180053711e-01
3.380956888198852539e+00 -6.144277095794677734e+00 -4.489345550537109375e+00 -1.186017096042633057e-01 2.149955630302429199e-01 3.013059198856353760e-01 9.213713407516479492e-01
3.391249895095825195e+00 -6.276154518127441406e+00 -4.507206916809082031e+00 -1.256872266530990601e-01 2.134219110012054443e-01 2.956086993217468262e-01 9.226425886154174805e-01
3.393007755279541016e+00 -6.407402038574218750e+00 -4.520888805389404297e+00 -1.325929313898086548e-01 2.120125591754913330e-01 2.900492548942565918e-01 9.237647056579589844e-01
3.390917778015136719e+00 -6.537543773651123047e+00 -4.532617092132568359e+00 -1.392690390348434448e-01 2.107742726802825928e-01 2.847258746623992920e-01 9.247213006019592285e-01
3.386738300323486328e+00 -6.666144847869873047e+00 -4.543291091918945312e+00 -1.456668972969055176e-01 2.097141146659851074e-01 2.797377705574035645e-01 9.254987239837646484e-01
3.371582031250000000e+00 -6.792990684509277344e+00 -4.548613071441650391e+00 -1.517371535301208496e-01 2.088401466608047485e-01 2.751844525337219238e-01 9.260858893394470215e-01
3.356679677963256836e+00 -6.918334960937500000e+00 -4.553994178771972656e+00 -1.574316918849945068e-01 2.081603854894638062e-01 2.711660563945770264e-01 9.264736771583557129e-01
3.330351591110229492e+00 -7.040361404418945312e+00 -4.553866863250732422e+00 -1.627026498317718506e-01 2.076835632324218750e-01 2.677829265594482422e-01 9.266541004180908203e-01
3.302910089492797852e+00 -7.160673618316650391e+00 -4.553173542022705078e+00 -1.675024330615997314e-01 2.074178755283355713e-01 2.651353478431701660e-01 9.266197085380554199e-01
3.266249895095825195e+00 -7.276691913604736328e+00 -4.548173904418945312e+00 -1.717833727598190308e-01 2.073721885681152344e-01 2.633234858512878418e-01 9.263626933097839355e-01
3.227812528610229492e+00 -7.390558719635009766e+00 -4.542304515838623047e+00 -1.754979640245437622e-01 2.075545787811279297e-01 2.624470591545104980e-01 9.258742332458496094e-01
3.181562423706054688e+00 -7.499467372894287109e+00 -4.533046722412109375e+00 -1.785977482795715332e-01 2.079727947711944580e-01 2.626047134399414062e-01 9.251427054405212402e-01
3.134667873382568359e+00 -7.606359481811523438e+00 -4.523515701293945312e+00 -1.810350567102432251e-01 2.086336016654968262e-01 2.638947367668151855e-01 9.241525530815124512e-01
3.081679582595825195e+00 -7.708281040191650391e+00 -4.511913776397705078e+00 -1.827600598335266113e-01 2.095428705215454102e-01 2.664133906364440918e-01 9.228837490081787109e-01
3.028906106948852539e+00 -7.808403015136718750e+00 -4.500663757324218750e+00 -1.837227791547775269e-01 2.107047885656356812e-01 2.702555060386657715e-01 9.213095307350158691e-01
2.974277257919311523e+00 -7.905585765838623047e+00 -4.489599704742431641e+00 -1.838717162609100342e-01 2.121220827102661133e-01 2.755136787891387939e-01 9.193952679634094238e-01
2.920664072036743164e+00 -8.001488685607910156e+00 -4.479911804199218750e+00 -1.831537187099456787e-01 2.137948572635650635e-01 2.822773158550262451e-01 9.170964956283569336e-01
2.868085861206054688e+00 -8.096117973327636719e+00 -4.471767425537109375e+00 -1.815139353275299072e-01 2.157210111618041992e-01 2.906324267387390137e-01 9.143576025962829590e-01
2.819277286529541016e+00 -8.191176414489746094e+00 -4.467226505279541016e+00 -1.782711446285247803e-01 2.154104113578796387e-01 3.005183339118957520e-01 9.118697643280029297e-01
2.772480487823486328e+00 -8.285434722900390625e+00 -4.464286804199218750e+00 -1.740688681602478027e-01 2.153328657150268555e-01 3.118768930435180664e-01 9.088809490203857422e-01
2.730019569396972656e+00 -8.380019187927246094e+00 -4.465195178985595703e+00 -1.690241396427154541e-01 2.155572623014450073e-01 3.244570493698120117e-01 9.053692817687988281e-01
2.689160108566284180e+00 -8.473495483398437500e+00 -4.467138767242431641e+00 -1.632673442363739014e-01 2.161444723606109619e-01 3.379985690116882324e-01 9.013225436210632324e-01
2.651113271713256836e+00 -8.566425323486328125e+00 -4.471191406250000000e+00 -1.569412350654602051e-01 2.171411514282226562e-01 3.522320389747619629e-01 8.967451453208923340e-01
2.615117073059082031e+00 -8.658432006835937500e+00 -4.476416110992431641e+00 -1.501984894275665283e-01 2.185746431350708008e-01 3.668806850910186768e-01 8.916636109352111816e-01
2.580585956573486328e+00 -8.749380111694335938e+00 -4.482470512390136719e+00 -1.431985050439834595e-01 2.204483151435852051e-01 3.816649913787841797e-01 8.861311078071594238e-01
2.548222541809082031e+00 -8.839511871337890625e+00 -4.489336013793945312e+00 -1.361001133918762207e-01 2.227401882410049438e-01 3.963075876235961914e-01 8.802293539047241211e-01
2.516738176345825195e+00 -8.928442001342773438e+00 -4.496220588684082031e+00 -1.290567964315414429e-01 2.254023998975753784e-01 4.105387330055236816e-01 8.740686178207397461e-01
2.486542940139770508e+00 -9.016381263732910156e+00 -4.502949237823486328e+00 -1.222103387117385864e-01 2.283631861209869385e-01 4.241005182266235352e-01 8.677865862846374512e-01
2.457011699676513672e+00 -9.103207588195800781e+00 -4.508769512176513672e+00 -1.156859770417213440e-01 2.315307557582855225e-01 4.367514848709106445e-01 8.615441322326660156e-01
2.427949190139770508e+00 -9.188905715942382812e+00 -4.513700962066650391e+00 -1.095893606543540955e-01 2.347980439662933350e-01 4.482695758342742920e-01 8.555199503898620605e-01
2.399023294448852539e+00 -9.273447036743164062e+00 -4.516279220581054688e+00 -1.040060594677925110e-01 2.380481660366058350e-01 4.584515690803527832e-01 8.499045968055725098e-01
2.369687557220458984e+00 -9.356606483459472656e+00 -4.515830039978027344e+00 -9.900267422199249268e-02 2.411598414182662964e-01 4.671114683151245117e-01 8.448948264122009277e-01
2.339999914169311523e+00 -9.438378334045410156e+00 -4.512431621551513672e+00 -9.463047981262207031e-02 2.440122365951538086e-01 4.740763604640960693e-01 8.406869769096374512e-01
2.309882879257202148e+00 -9.518711090087890625e+00 -4.505663871765136719e+00 -9.093075990676879883e-02 2.464888989925384521e-01 4.791809916496276855e-01 8.374726176261901855e-01
2.279257774353027344e+00 -9.597392082214355469e+00 -4.494902133941650391e+00 -8.794192969799041748e-02 2.484808713197708130e-01 4.822612404823303223e-01 8.354325294494628906e-01
2.248242139816284180e+00 -9.674355506896972656e+00 -4.480390548706054688e+00 -8.570696413516998291e-02 2.498894333839416504e-01 4.831456542015075684e-01 8.347333669662475586e-01
2.216972589492797852e+00 -9.749652862548828125e+00 -4.462616920471191406e+00 -8.428196609020233154e-02 2.506286501884460449e-01 4.816481173038482666e-01 8.355218768119812012e-01
2.185527324676513672e+00 -9.823348999023437500e+00 -4.441962718963623047e+00 -8.374433219432830811e-02 2.506291568279266357e-01 4.775581359863281250e-01 8.379201292991638184e-01
2.153964757919311523e+00 -9.895620346069335938e+00 -4.419072151184082031e+00 -8.417276293039321899e-02 2.498650699853897095e-01 4.707101881504058838e-01 8.419705033302307129e-01
2.122441291809082031e+00 -9.966679573059082031e+00 -4.394814491271972656e+00 -8.556288480758666992e-02 2.484230250120162964e-01 4.612123370170593262e-01 8.474951386451721191e-01
2.076894521713256836e+00 -1.001737785339355469e+01 -4.367148399353027344e+00 -8.789762854576110840e-02 2.464320957660675049e-01 4.492324888706207275e-01 8.542454242706298828e-01
2.022734403610229492e+00 -1.005311012268066406e+01 -4.337968826293945312e+00 -9.116143733263015747e-02 2.440391629934310913e-01 4.349353313446044922e-01 8.619545698165893555e-01
1.972636699676513672e+00 -1.008635234832763672e+01 -4.310741901397705078e+00 -9.532822668552398682e-02 2.414053827524185181e-01 4.184945225715637207e-01 8.703438639640808105e-01
1.926542878150939941e+00 -1.011700630187988281e+01 -4.285507678985595703e+00 -1.003505438566207886e-01 2.387013584375381470e-01 4.001020789146423340e-01 8.791301250457763672e-01
1.884492158889770508e+00 -1.014498519897460938e+01 -4.262333869934082031e+00 -1.061522588133811951e-01 2.360994368791580200e-01 3.799787461757659912e-01 8.880342841148376465e-01
1.846406221389770508e+00 -1.017016601562500000e+01 -4.241386413574218750e+00 -1.126233339309692383e-01 2.337647974491119385e-01 3.583762049674987793e-01 8.967923521995544434e-01
1.812324166297912598e+00 -1.019245624542236328e+01 -4.222763538360595703e+00 -1.196204349398612976e-01 2.318446040153503418e-01 3.355790972709655762e-01 9.051661491394042969e-01
1.782363295555114746e+00 -1.021181106567382812e+01 -4.206308364868164062e+00 -1.264548599720001221e-01 2.287970781326293945e-01 3.119626641273498535e-01 9.134223461151123047e-01
1.756542921066284180e+00 -1.022818374633789062e+01 -4.192089557647705078e+00 -1.331285387277603149e-01 2.247336655855178833e-01 2.877372503280639648e-01 9.214004874229431152e-01
1.734941363334655762e+00 -1.024149417877197266e+01 -4.180146217346191406e+00 -1.397844851016998291e-01 2.204093039035797119e-01 2.631415426731109619e-01 9.287822246551513672e-01
1.717636704444885254e+00 -1.025171852111816406e+01 -4.170556545257568359e+00 -1.463192701339721680e-01 2.158668041229248047e-01 2.384693324565887451e-01 9.354808926582336426e-01
1.704687476158142090e+00 -1.025881767272949219e+01 -4.163378715515136719e+00 -1.526343971490859985e-01 2.111565768718719482e-01 2.140227109193801880e-01 9.414404034614562988e-01
1.696171879768371582e+00 -1.026278781890869141e+01 -4.158632755279541016e+00 -1.586369723081588745e-01 2.063359320163726807e-01 1.901095658540725708e-01 9.466351270675659180e-01
1.687792897224426270e+00 -1.026637649536132812e+01 -4.154130935668945312e+00 -1.642394959926605225e-01 2.014681547880172729e-01 1.670417338609695435e-01 9.510694146156311035e-01
1.679648399353027344e+00 -1.026960945129394531e+01 -4.149892330169677734e+00 -1.693602651357650757e-01 1.966216117143630981e-01 1.451328247785568237e-01 9.547740817070007324e-01
1.671816349029541016e+00 -1.027250003814697266e+01 -4.145976543426513672e+00 -1.739232987165451050e-01 1.918687522411346436e-01 1.246965974569320679e-01 9.578036665916442871e-01
1.664394497871398926e+00 -1.027510261535644531e+01 -4.142392635345458984e+00 -1.778568923473358154e-01 1.872846633195877075e-01 1.060449630022048950e-01 9.602321386337280273e-01
1.657460927963256836e+00 -1.027744579315185547e+01 -4.139179706573486328e+00 -1.810930818319320679e-01 1.829462647438049316e-01 8.948701620101928711e-02 9.621475338935852051e-01
1.650683522224426270e+00 -1.028010749816894531e+01 -4.137519359588623047e+00 -1.783305108547210693e-01 1.793228536844253540e-01 7.426929473876953125e-02 9.646375775337219238e-01
1.644589781761169434e+00 -1.028248977661132812e+01 -4.135908126831054688e+00 -1.761477738618850708e-01 1.757871210575103760e-01 6.153392046689987183e-02 9.665839076042175293e-01
1.639081954956054688e+00 -1.028464317321777344e+01 -4.134365081787109375e+00 -1.744522899389266968e-01 1.724023669958114624e-01 5.103832483291625977e-02 9.681109786033630371e-01
1.634160161018371582e+00 -1.028663063049316406e+01 -4.132861137390136719e+00 -1.731629222631454468e-01 1.692001670598983765e-01 4.254423081874847412e-02 9.693172574043273926e-01
1.629726529121398926e+00 -1.028848648071289062e+01 -4.131415843963623047e+00 -1.722094565629959106e-01 1.661883741617202759e-01 3.581777215003967285e-02 9.702794551849365234e-01
1.625742197036743164e+00 -1.029022884368896484e+01 -4.130009651184082031e+00 -1.715312302112579346e-01 1.633573323488235474e-01 3.062919713556766510e-02 9.710577726364135742e-01
1.622187495231628418e+00 -1.029188442230224609e+01 -4.128652095794677734e+00 -1.710756272077560425e-01 1.606848984956741333e-01 2.675221674144268036e-02 9.716983437538146973e-01
1.618945240974426270e+00 -1.029346179962158203e+01 -4.127343654632568359e+00 -1.707965880632400513e-01 1.581401526927947998e-01 2.396349795162677765e-02 9.722375869750976562e-01
1.615996003150939941e+00 -1.029498004913330078e+01 -4.126064300537109375e+00 -1.706531345844268799e-01 1.556866466999053955e-01 2.204212918877601624e-02 9.727041125297546387e-01
1.614277362823486328e+00 -1.029580020904541016e+01 -4.125341892242431641e+00 -1.706081628799438477e-01 1.532851159572601318e-01 2.076817117631435394e-02 9.731213450431823730e-01
1.613789081573486328e+00 -1.029592227935791016e+01 -4.125195026397705078e+00 -1.706277132034301758e-01 1.508944034576416016e-01 1.992374472320079803e-02 9.735091328620910645e-01
1.612031221389770508e+00 -1.029685974121093750e+01 -4.124365329742431641e+00 -1.706802248954772949e-01 1.484738439321517944e-01 1.929222792387008667e-02 9.738847017288208008e-01
1.608945250511169434e+00 -1.029862308502197266e+01 -4.122870922088623047e+00 -1.707361191511154175e-01 1.459834277629852295e-01 1.865676417946815491e-02 9.742638468742370605e-01
1.604492187500000000e+00 -1.030120086669921875e+01 -4.120712757110595703e+00 -1.707680374383926392e-01 1.433841437101364136e-01 1.780223101377487183e-02 9.746601581573486328e-01
1.598613262176513672e+00 -1.030460453033447266e+01 -4.117900371551513672e+00 -1.707509607076644897e-01 1.406378298997879028e-01 1.651463471353054047e-02 9.750858545303344727e-01
1.591230392456054688e+00 -1.030884265899658203e+01 -4.114404201507568359e+00 -1.706626564264297485e-01 1.377069950103759766e-01 1.458075921982526779e-02 9.755502343177795410e-01
1.582324147224426270e+00 -1.031391048431396484e+01 -4.110253810882568359e+00 -1.704845577478408813e-01 1.345535963773727417e-01 1.178894471377134323e-02 9.760590791702270508e-01
1.571816325187683105e+00 -1.031980419158935547e+01 -4.105410099029541016e+00 -1.702024936676025391e-01 1.311380118131637573e-01 7.928848266601562500e-03 9.766120314598083496e-01
1.559667944908142090e+00 -1.032651805877685547e+01 -4.099912166595458984e+00 -1.698082983493804932e-01 1.274176239967346191e-01 2.793528139591217041e-03 9.772011041641235352e-01
1.545820236206054688e+00 -1.033405780792236328e+01 -4.093730449676513672e+00 -1.693009734153747559e-01 1.233448386192321777e-01 -3.821954131126403809e-03 9.778080582618713379e-01
1.530214786529541016e+00 -1.034237766265869141e+01 -4.086943149566650391e+00 -1.686950623989105225e-01 1.188873872160911560e-01 -1.204391196370124817e-02 9.783979654312133789e-01
1.512871026992797852e+00 -1.035146427154541016e+01 -4.079560279846191406e+00 -1.680374592542648315e-01 1.140931546688079834e-01 -2.169696241617202759e-02 9.789153933525085449e-01
1.493906259536743164e+00 -1.036130332946777344e+01 -4.071523189544677734e+00 -1.673782765865325928e-01 1.090330630540847778e-01 -3.253133967518806458e-02 9.793048501014709473e-01
1.473398447036743164e+00 -1.037188434600830078e+01 -4.062831878662109375e+00 -1.667610108852386475e-01 1.037821397185325623e-01 -4.429993778467178345e-02 9.795189499855041504e-01
1.451386690139770508e+00 -1.038317871093750000e+01 -4.053495883941650391e+00 -1.662208586931228638e-01 9.842123836278915405e-02 -5.675843358039855957e-02 9.795214533805847168e-01
1.427949190139770508e+00 -1.039519500732421875e+01 -4.043515682220458984e+00 -1.657832413911819458e-01 9.303704649209976196e-02 -6.966636329889297485e-02 9.792887568473815918e-01
1.403164029121398926e+00 -1.040792465209960938e+01 -4.032900333404541016e+00 -1.654631644487380981e-01 8.772186934947967529e-02 -8.278593420982360840e-02 9.788120985031127930e-01
1.376933574676513672e+00 -1.042136192321777344e+01 -4.021845817565917969e+00 -1.652647703886032104e-01 8.257303386926651001e-02 -9.588345140218734741e-02 9.780979156494140625e-01
1.349433541297912598e+00 -1.043552207946777344e+01 -4.010214805603027344e+00 -1.651814430952072144e-01 7.769133895635604858e-02 -1.087289452552795410e-01 9.771679043769836426e-01
1.320781230926513672e+00 -1.045043945312500000e+01 -3.997958898544311523e+00 -1.651964783668518066e-01 7.317988574504852295e-02 -1.210956275463104248e-01 9.760586619377136230e-01
1.290976524353027344e+00 -1.046613788604736328e+01 -3.985078096389770508e+00 -1.652842015027999878e-01 6.914253532886505127e-02 -1.327598839998245239e-01 9.748205542564392090e-01
1.260078072547912598e+00 -1.048264122009277344e+01 -3.971601486206054688e+00 -1.654116660356521606e-01 6.568261235952377319e-02 -1.434999108314514160e-01 9.735155701637268066e-01
1.227968692779541016e+00 -1.049995136260986328e+01 -3.957861185073852539e+00 -1.655404120683670044e-01 6.290218979120254517e-02 -1.530961394309997559e-01 9.722145795822143555e-01
1.194902300834655762e+00 -1.051814460754394531e+01 -3.943515539169311523e+00 -1.656293421983718872e-01 6.090085953474044800e-02 -1.613299101591110229e-01 9.709946513175964355e-01
1.160878896713256836e+00 -1.053725528717041016e+01 -3.928554534912109375e+00 -1.656374782323837280e-01 5.977585166692733765e-02 -1.679818779230117798e-01 9.699346423149108887e-01
1.125937461853027344e+00 -1.055731391906738281e+01 -3.913115262985229492e+00 -1.655273139476776123e-01 5.962169915437698364e-02 -1.728314161300659180e-01 9.691106081008911133e-01
1.089941382408142090e+00 -1.057831001281738281e+01 -3.897470712661743164e+00 -1.652686744928359985e-01 6.053054332733154297e-02 -1.756546944379806519e-01 9.685906171798706055e-01
1.053203105926513672e+00 -1.060033226013183594e+01 -3.881240129470825195e+00 -1.648430079221725464e-01 6.259210407733917236e-02 -1.762235909700393677e-01 9.684287905693054199e-01
1.015703082084655762e+00 -1.062339305877685547e+01 -3.864413976669311523e+00 -1.642481684684753418e-01 6.589339673519134521e-02 -1.743024140596389771e-01 9.686583876609802246e-01
9.772655963897705078e-01 -1.064744091033935547e+01 -3.847617149353027344e+00 -1.635039448738098145e-01 7.051751017570495605e-02 -1.696460247039794922e-01 9.692853093147277832e-01
9.380077719688415527e-01 -1.067272949218750000e+01 -3.831015586853027344e+00 -1.598614454269409180e-01 7.603451609611511230e-02 -1.622995585203170776e-01 9.707326889038085938e-01
8.980468511581420898e-01 -1.069903278350830078e+01 -3.814013481140136719e+00 -1.556438654661178589e-01 8.275973796844482422e-02 -1.522751450538635254e-01 9.724906682968139648e-01
8.573827743530273438e-01 -1.072688007354736328e+01 -3.797373056411743164e+00 -1.508933752775192261e-01 9.055682271718978882e-02 -1.398230493068695068e-01 9.744126796722412109e-01
8.159179687500000000e-01 -1.075574684143066406e+01 -3.780507802963256836e+00 -1.456514596939086914e-01 9.928721934556961060e-02 -1.251949518918991089e-01 9.763472676277160645e-01
7.735937237739562988e-01 -1.078558540344238281e+01 -3.763417959213256836e+00 -1.399611383676528931e-01 1.088109910488128662e-01 -1.086461842060089111e-01 9.781446456909179688e-01
7.308007478713989258e-01 -1.081765079498291016e+01 -3.747050762176513672e+00 -1.338681429624557495e-01 1.189872100949287415e-01 -9.043736755847930908e-02 9.796645045280456543e-01
6.870117187500000000e-01 -1.085047817230224609e+01 -3.730410099029541016e+00 -1.274213045835494995e-01 1.296744197607040405e-01 -7.083432376384735107e-02 9.807807207107543945e-01
6.427734494209289551e-01 -1.088536071777343750e+01 -3.714257717132568359e+00 -1.206736713647842407e-01 1.407317966222763062e-01 -5.010907351970672607e-02 9.813875555992126465e-01
5.979492068290710449e-01 -1.092214775085449219e+01 -3.698515653610229492e+00 -1.136821210384368896e-01 1.520197987556457520e-01 -2.853819541633129120e-02 9.814029932022094727e-01
5.522069931030273438e-01 -1.096017074584960938e+01 -3.682783126831054688e+00 -1.065087094902992249e-01 1.634014993906021118e-01 -6.402770057320594788e-03 9.807726144790649414e-01
5.069335699081420898e-01 -1.100188446044921875e+01 -3.668320178985595703e+00 -9.921845793724060059e-02 1.747433394193649292e-01 1.601381041109561920e-02 9.794712662696838379e-01
4.602929651737213135e-01 -1.104435539245605469e+01 -3.653574228286743164e+00 -9.188096970319747925e-02 1.859164535999298096e-01 3.842673450708389282e-02 9.775051474571228027e-01
4.152343571186065674e-01 -1.109168434143066406e+01 -3.640595674514770508e+00 -8.456928282976150513e-02 1.967973262071609497e-01 6.055210530757904053e-02 9.749113917350769043e-01
3.689843714237213135e-01 -1.114025402069091797e+01 -3.627499818801879883e+00 -7.735908031463623047e-02 2.072687596082687378e-01 8.210845291614532471e-02 9.717578291893005371e-01
3.248828053474426270e-01 -1.119383239746093750e+01 -3.616259574890136719e+00 -7.032813876867294312e-02 2.172203212976455688e-01 1.028183251619338989e-01 9.681413173675537109e-01
2.802538871765136719e-01 -1.124953079223632812e+01 -3.605214834213256836e+00 -6.355548650026321411e-02 2.265484035015106201e-01 1.224094703793525696e-01 9.641848206520080566e-01
2.387304604053497314e-01 -1.131042480468750000e+01 -3.596249818801879883e+00 -5.712115019559860229e-02 2.351560741662979126e-01 1.406158804893493652e-01 9.600343108177185059e-01
1.973046809434890747e-01 -1.137395477294921875e+01 -3.587675809860229492e+00 -5.110527575016021729e-02 2.429528683423995972e-01 1.571779251098632812e-01 9.558542370796203613e-01
1.601171791553497314e-01 -1.144275379180908203e+01 -3.581445217132568359e+00 -4.558811336755752563e-02 2.498528808355331421e-01 1.718422621488571167e-01 9.518222808837890625e-01
1.234960928559303284e-01 -1.151436996459960938e+01 -3.575693368911743164e+00 -4.064809530973434448e-02 2.557747960090637207e-01 1.843603849411010742e-01 9.481235146522521973e-01
9.052734076976776123e-02 -1.159020519256591797e+01 -3.572187423706054688e+00 -3.554239496588706970e-02 2.569759190082550049e-01 1.948439925909042358e-01 9.459047913551330566e-01
6.050781160593032837e-02 -1.166276359558105469e+01 -3.569492101669311523e+00 -3.115165978670120239e-02 2.581273019313812256e-01 2.031457126140594482e-01 9.439976811408996582e-01
3.453125059604644775e-02 -1.173234844207763672e+01 -3.568427562713623047e+00 -2.744913101196289062e-02 2.591655254364013672e-01 2.094352543354034424e-01 9.424524307250976562e-01
1.144531182944774628e-02 -1.179845142364501953e+01 -3.568271398544311523e+00 -2.439127862453460693e-02 2.600501477718353271e-01 2.138927578926086426e-01 9.412911534309387207e-01
-1.039062440395355225e-02 -1.186035633087158203e+01 -3.567939281463623047e+00 -2.192341163754463196e-02 2.607614398002624512e-01 2.167049497365951538e-01 9.405114650726318359e-01
-2.867187373340129852e-02 -1.191881275177001953e+01 -3.569296836853027344e+00 -1.998344436287879944e-02 2.612959742546081543e-01 2.180628776550292969e-01 9.400923848152160645e-01
-4.570312425494194031e-02 -1.197302722930908203e+01 -3.570478439331054688e+00 -1.850463077425956726e-02 2.616633772850036621e-01 2.181600332260131836e-01 9.399978518486022949e-01
-6.156249716877937317e-02 -1.202292442321777344e+01 -3.571435451507568359e+00 -1.741734519600868225e-02 2.618823945522308350e-01 2.171915620565414429e-01 9.401819705963134766e-01
-7.585937529802322388e-02 -1.206858348846435547e+01 -3.572587728500366211e+00 -1.665035635232925415e-02 2.619777917861938477e-01 2.153534144163131714e-01 9.405920505523681641e-01
-8.830077946186065674e-02 -1.211005306243896484e+01 -3.574306488037109375e+00 -1.613189280033111572e-02 2.619779706001281738e-01 2.128420472145080566e-01 9.411723613739013672e-01
-9.955077618360519409e-02 -1.214711856842041016e+01 -3.575742006301879883e+00 -1.579006016254425049e-02 2.619119286537170410e-01 2.098544090986251831e-01 9.418672323226928711e-01
-1.095898449420928955e-01 -1.217976093292236328e+01 -3.576943397521972656e+00 -1.555378735065460205e-02 2.618089318275451660e-01 2.065871506929397583e-01 9.426218271255493164e-01
-1.219335943460464478e-01 -1.222041511535644531e+01 -3.578486204147338867e+00 -1.535299047827720642e-02 2.616957128047943115e-01 2.032369077205657959e-01 9.433844685554504395e-01
-1.365039050579071045e-01 -1.226906681060791016e+01 -3.580576181411743164e+00 -1.511915400624275208e-02 2.615975439548492432e-01 1.999997943639755249e-01 9.441071152687072754e-01
-1.528906226158142090e-01 -1.232575130462646484e+01 -3.584150314331054688e+00 -1.478555426001548767e-02 2.615375518798828125e-01 1.970712691545486450e-01 9.447445869445800781e-01
-1.714453101158142090e-01 -1.239039993286132812e+01 -3.588310480117797852e+00 -1.428714767098426819e-02 2.615368664264678955e-01 1.946460455656051636e-01 9.452551603317260742e-01
-1.923046857118606567e-01 -1.246378421783447266e+01 -3.593163967132568359e+00 -1.356062293052673340e-02 2.616162598133087158e-01 1.929183155298233032e-01 9.455980658531188965e-01
-2.156640589237213135e-01 -1.254572772979736328e+01 -3.599951028823852539e+00 -1.254386082291603088e-02 2.617977261543273926e-01 1.920812577009201050e-01 9.457321166992187500e-01
-2.413867115974426270e-01 -1.263630867004394531e+01 -3.607949256896972656e+00 -1.117539033293724060e-02 2.621054351329803467e-01 1.923278421163558960e-01 9.456140398979187012e-01
-2.695703208446502686e-01 -1.273543930053710938e+01 -3.617207050323486328e+00 -9.393889456987380981e-03 2.625694572925567627e-01 1.938504874706268311e-01 9.451937079429626465e-01
-3.012109398841857910e-01 -1.284272956848144531e+01 -3.628779172897338867e+00 -7.130380719900131226e-03 2.630966901779174805e-01 1.967984735965728760e-01 9.444574117660522461e-01
-3.351953029632568359e-01 -1.295862293243408203e+01 -3.641425609588623047e+00 -4.514805972576141357e-03 2.640358805656433105e-01 2.010420858860015869e-01 9.433168172836303711e-01
-3.741796910762786865e-01 -1.308213329315185547e+01 -3.656630754470825195e+00 -1.548614352941513062e-03 2.650934159755706787e-01 2.064650058746337891e-01 9.418573975563049316e-01
-4.158788919448852539e-01 -1.321413993835449219e+01 -3.673027276992797852e+00 1.685060560703277588e-03 2.663178443908691406e-01 2.129117101430892944e-01 9.400748610496520996e-01
-4.624804556369781494e-01 -1.335378837585449219e+01 -3.691708803176879883e+00 5.106076598167419434e-03 2.677309215068817139e-01 2.202270478010177612e-01 9.379733800888061523e-01
-5.122070312500000000e-01 -1.350181102752685547e+01 -3.711699247360229492e+00 8.638270199298858643e-03 2.693246603012084961e-01 2.282567173242568970e-01 9.355685710906982422e-01
-5.671093463897705078e-01 -1.365737724304199219e+01 -3.733847618103027344e+00 1.220301538705825806e-02 2.710849642753601074e-01 2.368451356887817383e-01 9.328817725181579590e-01
-6.257616877555847168e-01 -1.382110309600830078e+01 -3.757411956787109375e+00 1.572045683860778809e-02 2.729894518852233887e-01 2.458362281322479248e-01 9.299430847167968750e-01
-6.891210675239562988e-01 -1.399259757995605469e+01 -3.782695293426513672e+00 1.911017298698425293e-02 2.750073373317718506e-01 2.550741732120513916e-01 9.267917275428771973e-01
-7.575781345367431641e-01 -1.417175769805908203e+01 -3.809570312500000000e+00 2.231384068727493286e-02 2.770381569862365723e-01 2.644169628620147705e-01 9.234910011291503906e-01
-8.308984041213989258e-01 -1.435863208770751953e+01 -3.837880849838256836e+00 2.555646747350692749e-02 2.782165706157684326e-01 2.738853096961975098e-01 9.202875494956970215e-01
-9.098241925239562988e-01 -1.455297374725341797e+01 -3.867538928985595703e+00 2.858592569828033447e-02 2.790584862232208252e-01 2.832345962524414062e-01 9.171081185340881348e-01
-9.956249594688415527e-01 -1.475430107116699219e+01 -3.898271322250366211e+00 3.134615719318389893e-02 2.794976830482482910e-01 2.923306822776794434e-01 9.140247702598571777e-01
-1.090761661529541016e+00 -1.496152305603027344e+01 -3.929335832595825195e+00 3.378117084503173828e-02 2.794699668884277344e-01 3.010413050651550293e-01 9.111144542694091797e-01
-1.199335932731628418e+00 -1.517252922058105469e+01 -3.959960937500000000e+00 3.583535552024841309e-02 2.789122760295867920e-01 3.092358112335205078e-01 9.084585905075073242e-01
-1.321523427963256836e+00 -1.538568305969238281e+01 -3.997197151184082031e+00 3.745333850383758545e-02 2.777628302574157715e-01 3.167845904827117920e-01 9.061416387557983398e-01
-1.420371055603027344e+00 -1.561489200592041016e+01 -4.059931755065917969e+00 3.857968002557754517e-02 2.759601473808288574e-01 3.235594928264617920e-01 9.042492508888244629e-01
-1.487207055091857910e+00 -1.586155223846435547e+01 -4.138193130493164062e+00 3.915927559137344360e-02 2.734425365924835205e-01 3.294327557086944580e-01 9.028674960136413574e-01
-1.542734384536743164e+00 -1.611966323852539062e+01 -4.220956802368164062e+00 3.913664817810058594e-02 2.701479196548461914e-01 3.342764675617218018e-01 9.020796418190002441e-01
-1.592499971389770508e+00 -1.638829994201660156e+01 -4.305517673492431641e+00 3.845639526844024658e-02 2.660121619701385498e-01 3.379614949226379395e-01 9.019649028778076172e-01
-1.638984322547912598e+00 -1.666729545593261719e+01 -4.390449047088623047e+00 3.708487004041671753e-02 2.609951496124267578e-01 3.403898775577545166e-01 9.025746583938598633e-01
-1.679082036018371582e+00 -1.694168853759765625e+01 -4.468212604522705078e+00 3.507588803768157959e-02 2.551594674587249756e-01 3.415952622890472412e-01 9.038673043251037598e-01
-1.712285161018371582e+00 -1.721224594116210938e+01 -4.535126686096191406e+00 3.250499069690704346e-02 2.485918998718261719e-01 3.416427075862884521e-01 9.057735800743103027e-01
-1.735488295555114746e+00 -1.747961807250976562e+01 -4.587411880493164062e+00 2.944767475128173828e-02 2.413785457611083984e-01 3.405959010124206543e-01 9.082201123237609863e-01
-1.749531269073486328e+00 -1.774203491210937500e+01 -4.629775524139404297e+00 2.597954124212265015e-02 2.336050271987915039e-01 3.385174572467803955e-01 9.111309051513671875e-01
-1.759863257408142090e+00 -1.799730873107910156e+01 -4.671445369720458984e+00 2.217631787061691284e-02 2.253569960594177246e-01 3.354703187942504883e-01 9.144299030303955078e-01
-1.770546793937683105e+00 -1.824448776245117188e+01 -4.716396331787109375e+00 1.811394840478897095e-02 2.167207598686218262e-01 3.315177261829376221e-01 9.180414080619812012e-01
-1.782285094261169434e+00 -1.848373413085937500e+01 -4.763242244720458984e+00 1.386850327253341675e-02 2.077836692333221436e-01 3.267244398593902588e-01 9.218920469284057617e-01
-1.795058608055114746e+00 -1.871537590026855469e+01 -4.810146331787109375e+00 9.516283869743347168e-03 1.986340731382369995e-01 3.211565613746643066e-01 9.259117245674133301e-01
-1.808749914169311523e+00 -1.893959999084472656e+01 -4.856093406677246094e+00 5.133740603923797607e-03 1.893616914749145508e-01 3.148825764656066895e-01 9.300348162651062012e-01
-1.823437452316284180e+00 -1.915649795532226562e+01 -4.900595664978027344e+00 7.974840700626373291e-04 1.800577938556671143e-01 3.079726099967956543e-01 9.342010021209716797e-01
-1.839277267456054688e+00 -1.936611747741699219e+01 -4.943242073059082031e+00 -3.415822982788085938e-03 1.708147674798965454e-01 3.004991114139556885e-01 9.383553862571716309e-01
-1.856562495231628418e+00 -1.956851005554199219e+01 -4.983632564544677734e+00 -7.429573684930801392e-03 1.617265194654464722e-01 2.925366759300231934e-01 9.424498081207275391e-01
-1.876210927963256836e+00 -1.976813888549804688e+01 -5.022109031677246094e+00 -1.116730272769927979e-02 1.528882235288619995e-01 2.841620743274688721e-01 9.464419484138488770e-01
-1.898691415786743164e+00 -1.996506881713867188e+01 -5.057841777801513672e+00 -1.455264165997505188e-02 1.443957984447479248e-01 2.754539251327514648e-01 9.502964019775390625e-01
-1.923124909400939941e+00 -2.015948104858398438e+01 -5.089961051940917969e+00 -1.750959455966949463e-02 1.363464295864105225e-01 2.664925456047058105e-01 9.539836049079895020e-01
-1.947363257408142090e+00 -2.035210800170898438e+01 -5.114462852478027344e+00 -1.996243372559547424e-02 1.288376897573471069e-01 2.573598921298980713e-01 9.574800729751586914e-01
-1.924589753150939941e+00 -2.047732925415039062e+01 -5.080546855926513672e+00 -2.183566987514495850e-02 1.219676733016967773e-01 2.481387108564376831e-01 9.607675075531005859e-01
-1.846660137176513672e+00 -2.032744979858398438e+01 -5.000605583190917969e+00 -2.305418252944946289e-02 1.158348545432090759e-01 2.389125525951385498e-01 9.638317823410034180e-01
-1.778691411018371582e+00 -2.016992187500000000e+01 -4.933378696441650391e+00 -2.354302257299423218e-02 1.105377301573753357e-01 2.297649681568145752e-01 9.666618704795837402e-01
-1.713964819908142090e+00 -2.001265525817871094e+01 -4.870527267456054688e+00 -2.325810492038726807e-02 1.061418503522872925e-01 2.207573056221008301e-01 9.692569971084594727e-01
-1.651347637176513672e+00 -1.985682487487792969e+01 -4.810527324676513672e+00 -2.227859944105148315e-02 1.025822684168815613e-01 2.118610292673110962e-01 9.716457128524780273e-01
-1.586289048194885254e+00 -1.969309043884277344e+01 -4.749032974243164062e+00 -2.071433886885643005e-02 9.976023435592651367e-02 2.030238509178161621e-01 9.738583564758300781e-01
-1.518632769584655762e+00 -1.952148818969726562e+01 -4.686132907867431641e+00 -1.867510192096233368e-02 9.757632017135620117e-02 1.941921412944793701e-01 9.759197831153869629e-01
-1.448281168937683105e+00 -1.934196281433105469e+01 -4.622099399566650391e+00 -1.627064123749732971e-02 9.593065828084945679e-02 1.853113323450088501e-01 9.778509140014648438e-01
-1.375156164169311523e+00 -1.915442276000976562e+01 -4.557255744934082031e+00 -1.361062005162239075e-02 9.472288936376571655e-02 1.763260960578918457e-01 9.796690940856933594e-01
-1.299257755279541016e+00 -1.895876884460449219e+01 -4.492021560668945312e+00 -1.080466527491807938e-02 9.385240823030471802e-02 1.671808660030364990e-01 9.813895821571350098e-01
-1.220507740974426270e+00 -1.875487327575683594e+01 -4.426904201507568359e+00 -7.962342351675033569e-03 9.321846812963485718e-02 1.578197628259658813e-01 9.830259084701538086e-01
-1.138847589492797852e+00 -1.854256820678710938e+01 -4.362548828125000000e+00 -5.193129181861877441e-03 9.272018074989318848e-02 1.481867581605911255e-01 9.845895767211914062e-01
-1.054277300834655762e+00 -1.832168006896972656e+01 -4.299853324890136719e+00 -2.606388181447982788e-03 9.225659072399139404e-02 1.382257938385009766e-01 9.860910177230834961e-01
-9.667187333106994629e-01 -1.809197235107421875e+01 -4.239980220794677734e+00 -3.113076090812683105e-04 9.172660857439041138e-02 1.278807967901229858e-01 9.875386357307434082e-01
-8.762890696525573730e-01 -1.785337829589843750e+01 -4.183437347412109375e+00 1.583133824169635773e-03 9.102912247180938721e-02 1.170955002307891846e-01 9.889387488365173340e-01
-7.832226157188415527e-01 -1.760579109191894531e+01 -4.130839824676513672e+00 2.968244254589080811e-03 9.006302058696746826e-02 1.058137491345405579e-01 9.902945160865783691e-01
-6.877734065055847168e-01 -1.734941864013671875e+01 -4.081337928771972656e+00 3.735761158168315887e-03 8.872684091329574585e-02 9.397902339696884155e-02 9.916055798530578613e-01
-5.902343392372131348e-01 -1.708433532714843750e+01 -4.034384727478027344e+00 3.777880221605300903e-03 8.691928535699844360e-02 8.153460919857025146e-02 9.928659200668334961e-01
-4.909375011920928955e-01 -1.681054687500000000e+01 -3.989492177963256836e+00 2.987493760883808136e-03 8.453869074583053589e-02 6.842352449893951416e-02 9.940635561943054199e-01
-3.930664062500000000e-01 -1.653579521179199219e+01 -3.946894407272338867e+00 1.258370000869035721e-03 8.148308098316192627e-02 5.458837002515792847e-02 9.951778650283813477e-01
-2.963281273841857910e-01 -1.626037025451660156e+01 -3.905566215515136719e+00 -1.514617470093071461e-03 7.765064388513565063e-02 3.997142985463142395e-02 9.961779117584228516e-01
-1.998632699251174927e-01 -1.598453044891357422e+01 -3.865761518478393555e+00 -5.435177125036716461e-03 7.293920964002609253e-02 2.451468445360660553e-02 9.970202445983886719e-01
-1.027734354138374329e-01 -1.570858860015869141e+01 -3.827626943588256836e+00 -1.060469727963209152e-02 6.724679470062255859e-02 8.159966208040714264e-03 9.976466298103332520e-01
-4.238280933350324631e-03 -1.543282699584960938e+01 -3.791083812713623047e+00 -1.708235964179039001e-02 6.051042675971984863e-02 -9.113374166190624237e-03 9.979797601699829102e-01
9.683593362569808960e-02 -1.515761184692382812e+01 -3.756562471389770508e+00 -2.476466633379459381e-02 5.282367765903472900e-02 -2.717570029199123383e-02 9.979267716407775879e-01
2.014257758855819702e-01 -1.488331985473632812e+01 -3.724238157272338867e+00 -3.350675851106643677e-02 4.432113468647003174e-02 -4.585757106542587280e-02 9.974017143249511719e-01
3.094921708106994629e-01 -1.460999011993408203e+01 -3.693974494934082031e+00 -4.316204786300659180e-02 3.513956069946289062e-02 -6.498783826828002930e-02 9.963326454162597656e-01
4.207031130790710449e-01 -1.433754348754882812e+01 -3.665722608566284180e+00 -5.358271300792694092e-02 2.541800029575824738e-02 -8.439315855503082275e-02 9.946660399436950684e-01
5.342382788658142090e-01 -1.406566333770751953e+01 -3.639150381088256836e+00 -6.462053209543228149e-02 1.529733277857303619e-02 -1.039003133773803711e-01 9.923684000968933105e-01
6.493554711341857910e-01 -1.379407215118408203e+01 -3.613945245742797852e+00 -7.612707465887069702e-02 4.919820465147495270e-03 -1.233367174863815308e-01 9.894284009933471680e-01
7.654101252555847168e-01 -1.352250957489013672e+01 -3.590058565139770508e+00 -8.795515447854995728e-02 -5.571631714701652527e-03 -1.425306946039199829e-01 9.858589172363281250e-01
8.812695145606994629e-01 -1.325046825408935547e+01 -3.567275285720825195e+00 -9.995840489864349365e-02 -1.603372767567634583e-02 -1.613139808177947998e-01 9.816970825195312500e-01
9.950194954872131348e-01 -1.297696304321289062e+01 -3.548388481140136719e+00 -1.119935363531112671e-01 -2.632401511073112488e-02 -1.795223504304885864e-01 9.770036935806274414e-01
1.103671908378601074e+00 -1.270065879821777344e+01 -3.538437366485595703e+00 -1.239198818802833557e-01 -3.630130365490913391e-02 -1.969957053661346436e-01 9.718636274337768555e-01
1.205976486206054688e+00 -1.242151355743408203e+01 -3.539433479309082031e+00 -1.356012523174285889e-01 -4.582605510950088501e-02 -2.135798782110214233e-01 9.663829207420349121e-01
1.301249980926513672e+00 -1.213994121551513672e+01 -3.552167892456054688e+00 -1.469049602746963501e-01 -5.476126819849014282e-02 -2.291264086961746216e-01 9.606879353523254395e-01
1.390429615974426270e+00 -1.185683059692382812e+01 -3.575029134750366211e+00 -1.577029526233673096e-01 -6.297242641448974609e-02 -2.434931993484497070e-01 9.549215435981750488e-01
1.475703120231628418e+00 -1.157307147979736328e+01 -3.605156183242797852e+00 -1.678716540336608887e-01 -7.032737880945205688e-02 -2.565431594848632812e-01 9.492412209510803223e-01
1.559453129768371582e+00 -1.128930187225341797e+01 -3.639462709426879883e+00 -1.772922724485397339e-01 -7.669713348150253296e-02 -2.681452035903930664e-01 9.438130855560302734e-01
1.643007755279541016e+00 -1.100588321685791016e+01 -3.676650285720825195e+00 -1.858481764793395996e-01 -8.195397257804870605e-02 -2.781713604927062988e-01 9.388103485107421875e-01
1.728437423706054688e+00 -1.072336387634277344e+01 -3.715751886367797852e+00 -1.934266388416290283e-01 -8.597181737422943115e-02 -2.864966988563537598e-01 9.344059824943542480e-01
1.818789005279541016e+00 -1.044256782531738281e+01 -3.754804611206054688e+00 -1.999155879020690918e-01 -8.862511813640594482e-02 -2.929964065551757812e-01 9.307697415351867676e-01
1.925371050834655762e+00 -1.016727066040039062e+01 -3.788740158081054688e+00 -2.052026093006134033e-01 -8.978717029094696045e-02 -2.975451052188873291e-01 9.280609488487243652e-01
2.009648323059082031e+00 -9.893407821655273438e+00 -3.786552667617797852e+00 -2.057115435600280762e-01 -9.051401913166046143e-02 -2.997281253337860107e-01 9.271747469902038574e-01
1.915820240974426270e+00 -9.612646102905273438e+00 -3.765869140625000000e+00 -2.055480629205703735e-01 -8.963072299957275391e-02 -3.000860810279846191e-01 9.271809458732604980e-01
1.824707031250000000e+00 -9.331098556518554688e+00 -3.749120950698852539e+00 -2.047829777002334595e-01 -8.730356395244598389e-02 -2.988146841526031494e-01 9.279826283454895020e-01
1.736269474029541016e+00 -9.048979759216308594e+00 -3.733642578125000000e+00 -2.034997195005416870e-01 -8.370088040828704834e-02 -2.960987687110900879e-01 9.294662475585937500e-01
1.642910122871398926e+00 -8.768734931945800781e+00 -3.718867063522338867e+00 -2.017895132303237915e-01 -7.899430394172668457e-02 -2.921151518821716309e-01 9.315093159675598145e-01
1.541093707084655762e+00 -8.491728782653808594e+00 -3.704687356948852539e+00 -1.997471302747726440e-01 -7.335913181304931641e-02 -2.870356738567352295e-01 9.339861273765563965e-01
1.428457021713256836e+00 -8.219174385070800781e+00 -3.691113233566284180e+00 -1.974674910306930542e-01 -6.697645038366317749e-02 -2.810283899307250977e-01 9.367730021476745605e-01
1.303105473518371582e+00 -7.952445983886718750e+00 -3.678173780441284180e+00 -1.950424760580062866e-01 -6.003198772668838501e-02 -2.742600739002227783e-01 9.397530555725097656e-01
1.163320302963256836e+00 -7.693202972412109375e+00 -3.665966749191284180e+00 -1.925588846206665039e-01 -5.271714925765991211e-02 -2.668987214565277100e-01 9.428187012672424316e-01
1.007402300834655762e+00 -7.443517684936523438e+00 -3.654589653015136719e+00 -1.900962144136428833e-01 -4.522747918963432312e-02 -2.591145634651184082e-01 9.458739757537841797e-01
8.337500095367431641e-01 -7.206005573272705078e+00 -3.644189357757568359e+00 -1.877254545688629150e-01 -3.776174783706665039e-02 -2.510822117328643799e-01 9.488366842269897461e-01
6.432617306709289551e-01 -6.981576919555664062e+00 -3.634824037551879883e+00 -1.855081617832183838e-01 -3.052090853452682495e-02 -2.429812997579574585e-01 9.516381621360778809e-01
4.410742223262786865e-01 -6.770327091217041016e+00 -3.626484394073486328e+00 -1.834960877895355225e-01 -2.370662614703178406e-02 -2.349975109100341797e-01 9.542238712310791016e-01
2.301171869039535522e-01 -6.570641994476318359e+00 -3.619130849838256836e+00 -1.817312538623809814e-01 -1.751912757754325867e-02 -2.273230105638504028e-01 9.565516710281372070e-01
1.255859341472387314e-02 -6.381059646606445312e+00 -3.612724542617797852e+00 -1.802469044923782349e-01 -1.215767487883567810e-02 -2.201557308435440063e-01 9.585899114608764648e-01
-2.097851485013961792e-01 -6.200058460235595703e+00 -3.607343673706054688e+00 -1.790689229965209961e-01 -7.818426936864852905e-03 -2.136986106634140015e-01 9.603155851364135742e-01
-4.346289038658142090e-01 -6.025138854980468750e+00 -3.602929592132568359e+00 -1.782179623842239380e-01 -4.694569855928421021e-03 -2.081587463617324829e-01 9.617100954055786133e-01
-6.601562500000000000e-01 -5.853918552398681641e+00 -3.599824190139770508e+00 -1.777122020721435547e-01 -2.975661307573318481e-03 -2.037440240383148193e-01 9.627553820610046387e-01
-8.818163871765136719e-01 -5.680534362792968750e+00 -3.598701000213623047e+00 -1.775714904069900513e-01 -2.850174903869628906e-03 -2.006619572639465332e-01 9.634287357330322266e-01
