-4.623619079589843750e+01 2.335960388183593750e+01 -3.058039426803588867e+00 -0.000000000000000000e+00 -0.000000000000000000e+00 -7.669427394866943359e-01 6.417155265808105469e-01
-4.610027694702148438e+01 2.338876342773437500e+01 -3.110882520675659180e+00 1.236255164258182049e-03 -1.133428770117461681e-03 -7.673930525779724121e-01 6.411747336387634277e-01
-4.596544647216796875e+01 2.341691780090332031e+01 -3.162944316864013672e+00 2.591297961771488190e-03 -2.456975402310490608e-03 -7.679901719093322754e-01 6.404516696929931641e-01
-4.583163833618164062e+01 2.344389152526855469e+01 -3.214152812957763672e+00 4.044139292091131210e-03 -3.937093075364828110e-03 -7.687063813209533691e-01 6.395769119262695312e-01
-4.569824981689453125e+01 2.346781158447265625e+01 -3.263730287551879883e+00 5.573723930865526199e-03 -5.540282465517520905e-03 -7.695140838623046875e-01 6.385814547538757324e-01
-4.556579971313476562e+01 2.349010658264160156e+01 -3.312246084213256836e+00 7.159170694649219513e-03 -7.232904434204101562e-03 -7.703864574432373047e-01 6.374959945678710938e-01
-4.543363189697265625e+01 2.350855827331542969e+01 -3.358769416809082031e+00 8.779398165643215179e-03 -8.981470018625259399e-03 -7.712960839271545410e-01 6.363525986671447754e-01
-4.530218505859375000e+01 2.352419853210449219e+01 -3.403693675994873047e+00 1.041362714022397995e-02 -1.075225044041872025e-02 -7.722170948982238770e-01 6.351824998855590820e-01
-4.517137527465820312e+01 2.353671264648437500e+01 -3.446873664855957031e+00 1.204074453562498093e-02 -1.251180004328489304e-02 -7.731231451034545898e-01 6.340182423591613770e-01
-4.504121017456054688e+01 2.354526710510253906e+01 -3.487893104553222656e+00 1.363988220691680908e-02 -1.422648504376411438e-02 -7.739892601966857910e-01 6.328919529914855957e-01
-4.491196060180664062e+01 2.355130767822265625e+01 -3.527385234832763672e+00 1.519000902771949768e-02 -1.586281321942806244e-02 -7.747899889945983887e-01 6.318371295928955078e-01
-4.478356933593750000e+01 2.355330467224121094e+01 -3.564609289169311523e+00 1.667023450136184692e-02 -1.738720759749412537e-02 -7.755009531974792480e-01 6.308866739273071289e-01
-4.465623855590820312e+01 2.355270957946777344e+01 -3.600223302841186523e+00 1.805965229868888855e-02 -1.876611076295375824e-02 -7.760979533195495605e-01 6.300743818283081055e-01
-4.453011703491210938e+01 2.354939460754394531e+01 -3.634118556976318359e+00 1.933724433183670044e-02 -1.996608451008796692e-02 -7.765569686889648438e-01 6.294336915016174316e-01
-4.440511703491210938e+01 2.354233360290527344e+01 -3.665806770324707031e+00 2.048222720623016357e-02 -2.095351181924343109e-02 -7.768538594245910645e-01 6.289987564086914062e-01
-4.428158187866210938e+01 2.353528213500976562e+01 -3.697057962417602539e+00 2.147359028458595276e-02 -2.169495262205600739e-02 -7.769651412963867188e-01 6.288030147552490234e-01
-4.415931701660156250e+01 2.352222633361816406e+01 -3.724922895431518555e+00 2.229053340852260590e-02 -2.215682342648506165e-02 -7.768665552139282227e-01 6.288804411888122559e-01
-4.403852462768554688e+01 2.350918006896972656e+01 -3.752343654632568359e+00 2.291201427578926086e-02 -2.230569161474704742e-02 -7.765334248542785645e-01 6.292641758918762207e-01
-4.391924285888671875e+01 2.349485206604003906e+01 -3.778630256652832031e+00 2.331716939806938171e-02 -2.210799045860767365e-02 -7.759408950805664062e-01 6.299867033958435059e-01
-4.380148315429687500e+01 2.347715759277343750e+01 -3.802674531936645508e+00 2.348510548472404480e-02 -2.153011783957481384e-02 -7.750625014305114746e-01 6.310807466506958008e-01
-4.368520355224609375e+01 2.345956039428710938e+01 -3.826302289962768555e+00 2.339482121169567108e-02 -2.053853124380111694e-02 -7.738713622093200684e-01 6.325771212577819824e-01
-4.357047271728515625e+01 2.344100570678710938e+01 -3.848915815353393555e+00 2.303224615752696991e-02 -1.911044307053089142e-02 -7.723481655120849609e-01 6.344939470291137695e-01
-4.345736312866210938e+01 2.341977500915527344e+01 -3.869527578353881836e+00 2.241087891161441803e-02 -1.726633682847023010e-02 -7.705077528953552246e-01 6.368024945259094238e-01
-4.334572219848632812e+01 2.339868545532226562e+01 -3.889759540557861328e+00 2.155108377337455750e-02 -1.503758318722248077e-02 -7.683745622634887695e-01 6.394606828689575195e-01
-4.323554611206054688e+01 2.337776374816894531e+01 -3.909621477127075195e+00 2.047345042228698730e-02 -1.245539076626300812e-02 -7.659721374511718750e-01 6.424270272254943848e-01
-4.313497161865234375e+01 2.335569190979003906e+01 -3.925955772399902344e+00 1.919813454151153564e-02 -9.551361203193664551e-03 -7.633242011070251465e-01 6.456596255302429199e-01
-4.304373550415039062e+01 2.333535194396972656e+01 -3.940540790557861328e+00 1.774584129452705383e-02 -6.356741767376661301e-03 -7.604551315307617188e-01 6.491169333457946777e-01
-4.296181488037109375e+01 2.331689834594726562e+01 -3.953482627868652344e+00 1.613702811300754547e-02 -2.903047483414411545e-03 -7.573890686035156250e-01 6.527579426765441895e-01
-4.288922882080078125e+01 2.330034637451171875e+01 -3.964788675308227539e+00 1.439220272004604340e-02 7.781409658491611481e-04 -7.541519403457641602e-01 6.565416455268859863e-01
-4.282598495483398438e+01 2.328528785705566406e+01 -3.974184513092041016e+00 1.253187656402587891e-02 4.655160475522279739e-03 -7.507700324058532715e-01 6.604285240173339844e-01
-4.277217102050781250e+01 2.327120971679687500e+01 -3.981337785720825195e+00 1.057679578661918640e-02 8.696488104760646820e-03 -7.472704052925109863e-01 6.643790006637573242e-01
-4.272763442993164062e+01 2.325931167602539062e+01 -3.987043380737304688e+00 8.547539822757244110e-03 1.287049148231744766e-02 -7.436814904212951660e-01 6.683554649353027344e-01
-4.269237136840820312e+01 2.324958992004394531e+01 -3.991307258605957031e+00 6.464915815740823746e-03 1.714518852531909943e-02 -7.400334477424621582e-01 6.723204255104064941e-01
-4.266638946533203125e+01 2.324205970764160156e+01 -3.994143009185791016e+00 4.349429160356521606e-03 2.148931287229061127e-02 -7.363569736480712891e-01 6.762378215789794922e-01
-4.264967346191406250e+01 2.323674201965332031e+01 -3.995556592941284180e+00 2.222018316388130188e-03 2.587084844708442688e-02 -7.326842546463012695e-01 6.800732016563415527e-01
-4.264223480224609375e+01 2.323363685607910156e+01 -3.995561361312866211e+00 1.032156869769096375e-04 3.025828860700130463e-02 -7.290486097335815430e-01 6.837927103042602539e-01
-4.262809371948242188e+01 2.322900390625000000e+01 -3.996592998504638672e+00 -1.986172050237655640e-03 3.462012484669685364e-02 -7.254853248596191406e-01 6.873635649681091309e-01
-4.260725402832031250e+01 2.322283554077148438e+01 -3.998663187026977539e+00 -4.025265574455261230e-03 3.892472758889198303e-02 -7.220296263694763184e-01 6.907545924186706543e-01
-4.257972717285156250e+01 2.321515083312988281e+01 -4.001777172088623047e+00 -5.993761122226715088e-03 4.314075410366058350e-02 -7.187186479568481445e-01 6.939354538917541504e-01
-4.254550552368164062e+01 2.320596122741699219e+01 -4.005949497222900391e+00 -7.870567962527275085e-03 4.723667353391647339e-02 -7.155906558036804199e-01 6.968764066696166992e-01
-4.250460052490234375e+01 2.319527816772460938e+01 -4.011182785034179688e+00 -9.635480120778083801e-03 5.118142068386077881e-02 -7.126835584640502930e-01 6.995495557785034180e-01
-4.245701217651367188e+01 2.318311882019042969e+01 -4.017488956451416016e+00 -1.127143763005733490e-02 5.494550243020057678e-02 -7.100313305854797363e-01 7.019326686859130859e-01
-4.240287017822265625e+01 2.316861343383789062e+01 -4.024240493774414062e+00 -1.277668774127960205e-02 5.850565433502197266e-02 -7.076430320739746094e-01 7.040279507637023926e-01
-4.234211730957031250e+01 2.315211868286132812e+01 -4.031700134277343750e+00 -1.415287330746650696e-02 6.184035167098045349e-02 -7.055218219757080078e-01 7.058431506156921387e-01
-4.227471542358398438e+01 2.313399314880371094e+01 -4.040129184722900391e+00 -1.540202274918556213e-02 6.492813676595687866e-02 -7.036703824996948242e-01 7.073860168457031250e-01
-4.220067214965820312e+01 2.311423683166503906e+01 -4.049530982971191406e+00 -1.652569323778152466e-02 6.774736940860748291e-02 -7.020913958549499512e-01 7.086640000343322754e-01
-4.211997985839843750e+01 2.309285163879394531e+01 -4.059912204742431641e+00 -1.752588525414466858e-02 7.027655839920043945e-02 -7.007870078086853027e-01 7.096841335296630859e-01
-4.203264617919921875e+01 2.306983375549316406e+01 -4.071270465850830078e+00 -1.840451918542385101e-02 7.249419391155242920e-02 -6.997589468955993652e-01 7.104528546333312988e-01
-4.193898391723632812e+01 2.304333877563476562e+01 -4.082159519195556641e+00 -1.916334964334964752e-02 7.437890768051147461e-02 -6.990085244178771973e-01 7.109766006469726562e-01
-4.183872985839843750e+01 2.301497459411621094e+01 -4.093844890594482422e+00 -1.980406977236270905e-02 7.590866833925247192e-02 -6.985367536544799805e-01 7.112608551979064941e-01
-4.174353408813476562e+01 2.298813438415527344e+01 -4.105002403259277344e+00 -2.032876759767532349e-02 7.706230133771896362e-02 -6.983436942100524902e-01 7.113115787506103516e-01
-4.165342330932617188e+01 2.296281242370605469e+01 -4.115638256072998047e+00 -2.073933184146881104e-02 7.781814038753509521e-02 -6.984295845031738281e-01 7.111331224441528320e-01
-4.156853485107421875e+01 2.293825149536132812e+01 -4.125111103057861328e+00 -2.103704959154129028e-02 7.815417647361755371e-02 -6.987934708595275879e-01 7.107300162315368652e-01
-4.148887252807617188e+01 2.291441345214843750e+01 -4.133381366729736328e+00 -2.122445963323116302e-02 7.804885506629943848e-02 -6.994342803955078125e-01 7.101052999496459961e-01
-4.141426849365234375e+01 2.289218711853027344e+01 -4.141225337982177734e+00 -2.130258642137050629e-02 7.748013734817504883e-02 -7.003497481346130371e-01 7.092623710632324219e-01
-4.134471511840820312e+01 2.287158584594726562e+01 -4.148643493652343750e+00 -2.127369493246078491e-02 7.642610371112823486e-02 -7.015373706817626953e-01 7.082031965255737305e-01
-4.128021240234375000e+01 2.285259628295898438e+01 -4.155640602111816406e+00 -2.113922499120235443e-02 7.486482709646224976e-02 -7.029934525489807129e-01 7.069289684295654297e-01
-4.122077941894531250e+01 2.283522415161132812e+01 -4.162222862243652344e+00 -2.090111561119556427e-02 7.277423143386840820e-02 -7.047135829925537109e-01 7.054401636123657227e-01
-4.116645050048828125e+01 2.281916999816894531e+01 -4.168117523193359375e+00 -2.056110091507434845e-02 7.013206183910369873e-02 -7.066922783851623535e-01 7.037362456321716309e-01
-4.111731338500976562e+01 2.280410194396972656e+01 -4.173032283782958984e+00 -2.012040652334690094e-02 6.691590696573257446e-02 -7.089231610298156738e-01 7.018158435821533203e-01
-4.107320404052734375e+01 2.279074096679687500e+01 -4.177630424499511719e+00 -1.958126202225685120e-02 6.310358643531799316e-02 -7.113985419273376465e-01 6.996760368347167969e-01
-4.103411102294921875e+01 2.277908134460449219e+01 -4.181916236877441406e+00 -1.894907467067241669e-02 5.869459360837936401e-02 -7.141003608703613281e-01 6.973209977149963379e-01
-4.100003433227539062e+01 2.276910018920898438e+01 -4.185871601104736328e+00 -1.824591122567653656e-02 5.377566814422607422e-02 -7.169722914695739746e-01 6.947848796844482422e-01
-4.097096633911132812e+01 2.276078033447265625e+01 -4.189473628997802734e+00 -1.749784126877784729e-02 4.845571517944335938e-02 -7.199498414993286133e-01 6.921113729476928711e-01
-4.093438339233398438e+01 2.275006866455078125e+01 -4.193793773651123047e+00 -1.673117280006408691e-02 4.284390062093734741e-02 -7.229711413383483887e-01 6.893454194068908691e-01
-4.089028167724609375e+01 2.273693275451660156e+01 -4.198808670043945312e+00 -1.597198285162448883e-02 3.704959899187088013e-02 -7.259762883186340332e-01 6.865352988243103027e-01
-4.083866500854492188e+01 2.272136116027832031e+01 -4.204493522644042969e+00 -1.524686068296432495e-02 3.118239156901836395e-02 -7.289077639579772949e-01 6.837313175201416016e-01
-4.077952957153320312e+01 2.270332908630371094e+01 -4.210824012756347656e+00 -1.458202674984931946e-02 2.535208314657211304e-02 -7.317118048667907715e-01 6.809864640235900879e-01
-4.071297454833984375e+01 2.268232345581054688e+01 -4.217043399810791016e+00 -1.400378346443176270e-02 1.966816000640392303e-02 -7.343363165855407715e-01 6.783563494682312012e-01
-4.063898086547851562e+01 2.265848159790039062e+01 -4.223355770111083984e+00 -1.353891659528017044e-02 1.424090843647718430e-02 -7.367321848869323730e-01 6.758989691734313965e-01
-4.055749893188476562e+01 2.263203620910644531e+01 -4.230114459991455078e+00 -1.321355532854795456e-02 9.179735556244850159e-03 -7.388532757759094238e-01 6.736743450164794922e-01
-4.046852493286132812e+01 2.260297393798828125e+01 -4.237291336059570312e+00 -1.305446587502956390e-02 4.594758152961730957e-03 -7.406542301177978516e-01 6.717438101768493652e-01
-4.037207031250000000e+01 2.257128334045410156e+01 -4.244859695434570312e+00 -1.308783981949090958e-02 5.954322405159473419e-04 -7.420915365219116211e-01 6.701704859733581543e-01
-4.026816558837890625e+01 2.253666496276855469e+01 -4.251770019531250000e+00 -1.334065012633800507e-02 -2.708679065108299255e-03 -7.431223392486572266e-01 6.690170764923095703e-01
-4.015681076049804688e+01 2.249917030334472656e+01 -4.258228778839111328e+00 -1.383911445736885071e-02 -5.208374932408332825e-03 -7.437028884887695312e-01 6.683466434478759766e-01
-4.003799057006835938e+01 2.245896339416503906e+01 -4.264877796173095703e+00 -1.460972521454095840e-02 -6.793460808694362640e-03 -7.437884807586669922e-01 6.682208180427551270e-01
-3.991171264648437500e+01 2.241601943969726562e+01 -4.271691799163818359e+00 -1.567933335900306702e-02 -7.355077192187309265e-03 -7.433319687843322754e-01 6.686984300613403320e-01
-3.977775955200195312e+01 2.237066841125488281e+01 -4.276559829711914062e+00 -1.707427017390727997e-02 -6.784154102206230164e-03 -7.422822713851928711e-01 6.698355078697204590e-01
-3.963631820678710938e+01 2.232258796691894531e+01 -4.281343936920166016e+00 -1.882100291550159454e-02 -4.970748443156480789e-03 -7.405829429626464844e-01 6.716830134391784668e-01
-3.948739242553710938e+01 2.227173233032226562e+01 -4.286096096038818359e+00 -2.094591222703456879e-02 -1.805694773793220520e-03 -7.381706237792968750e-01 6.742863655090332031e-01
-3.933039093017578125e+01 2.221964263916015625e+01 -4.288264274597167969e+00 -2.347543835639953613e-02 2.819680608808994293e-03 -7.349741458892822266e-01 6.776827573776245117e-01
-3.916584014892578125e+01 2.216482925415039062e+01 -4.290233135223388672e+00 -2.641723491251468658e-02 8.966034278273582458e-03 -7.309408187866210938e-01 6.818704009056091309e-01
-3.899327850341796875e+01 2.210866737365722656e+01 -4.290778636932373047e+00 -2.970767021179199219e-02 1.649671792984008789e-02 -7.261261343955993652e-01 6.867213845252990723e-01
-3.881253433227539062e+01 2.205167007446289062e+01 -4.289522647857666016e+00 -3.326496854424476624e-02 2.522681839764118195e-02 -7.206147313117980957e-01 6.920775771141052246e-01
-3.862385559082031250e+01 2.199314498901367188e+01 -4.287475585937500000e+00 -3.700665757060050964e-02 3.496982157230377197e-02 -7.144960165023803711e-01 6.977845430374145508e-01
-3.842631149291992188e+01 2.193635749816894531e+01 -4.282569408416748047e+00 -4.085050523281097412e-02 4.553920030593872070e-02 -7.078657746315002441e-01 7.036926746368408203e-01
-3.822069931030273438e+01 2.187870979309082031e+01 -4.276803016662597656e+00 -4.471483081579208374e-02 5.674752965569496155e-02 -7.008289098739624023e-01 7.096613049507141113e-01
-3.800578689575195312e+01 2.182522964477539062e+01 -4.267711162567138672e+00 -4.851795360445976257e-02 6.840741634368896484e-02 -6.935007572174072266e-01 7.155579924583435059e-01
-3.778231430053710938e+01 2.177378845214843750e+01 -4.256812572479248047e+00 -5.217878147959709167e-02 8.033157885074615479e-02 -6.860067844390869141e-01 7.212619781494140625e-01
-3.754966735839843750e+01 2.172757720947265625e+01 -4.242863655090332031e+00 -5.561775714159011841e-02 9.233428537845611572e-02 -6.784846186637878418e-01 7.266632914543151855e-01
-3.730821609497070312e+01 2.168665504455566406e+01 -4.225777626037597656e+00 -5.875526741147041321e-02 1.042303964495658875e-01 -6.710826754570007324e-01 7.316637635231018066e-01
-3.705838394165039062e+01 2.164874458312988281e+01 -4.206528186798095703e+00 -6.151321530342102051e-02 1.158368363976478577e-01 -6.639586091041564941e-01 7.361771464347839355e-01
-3.680014038085937500e+01 2.161567306518554688e+01 -4.184205055236816406e+00 -6.381489336490631104e-02 1.269727349281311035e-01 -6.572804450988769531e-01 7.401270270347595215e-01
-3.654093170166015625e+01 2.158621978759765625e+01 -4.159992694854736328e+00 -6.558385491371154785e-02 1.374588608741760254e-01 -6.512222886085510254e-01 7.434468865394592285e-01
-3.628097915649414062e+01 2.155830574035644531e+01 -4.134741306304931641e+00 -6.674501299858093262e-02 1.471190154552459717e-01 -6.459646224975585938e-01 7.460768818855285645e-01
-3.602042007446289062e+01 2.153088760375976562e+01 -4.108742713928222656e+00 -6.722339987754821777e-02 1.557780057191848755e-01 -6.416912078857421875e-01 7.479616403579711914e-01
-3.575950241088867188e+01 2.150157165527343750e+01 -4.082520484924316406e+00 -6.694452464580535889e-02 1.632623374462127686e-01 -6.385852694511413574e-01 7.490479350090026855e-01
-3.549862289428710938e+01 2.146697616577148438e+01 -4.057120323181152344e+00 -6.583289057016372681e-02 1.693990677595138550e-01 -6.368288993835449219e-01 7.492789626121520996e-01
-3.523822784423828125e+01 2.142507743835449219e+01 -4.033348083496093750e+00 -6.381288170814514160e-02 1.740148663520812988e-01 -6.365972161293029785e-01 7.485924959182739258e-01
-3.497908020019531250e+01 2.137307548522949219e+01 -4.012111663818359375e+00 -6.080664321780204773e-02 1.769347488880157471e-01 -6.380569338798522949e-01 7.469136714935302734e-01
-3.472188949584960938e+01 2.130950164794921875e+01 -3.993995189666748047e+00 -5.673465877771377563e-02 1.779809296131134033e-01 -6.413599848747253418e-01 7.441514134407043457e-01
-3.446704101562500000e+01 2.123510742187500000e+01 -3.978939056396484375e+00 -5.154359340667724609e-02 1.770272552967071533e-01 -6.465843915939331055e-01 7.402250766754150391e-01
-3.421481704711914062e+01 2.115062904357910156e+01 -3.966833353042602539e+00 -4.529334604740142822e-02 1.741656661033630371e-01 -6.535682678222656250e-01 7.351621389389038086e-01
-3.396544265747070312e+01 2.105662155151367188e+01 -3.957591533660888672e+00 -3.807193785905838013e-02 1.695406734943389893e-01 -6.620811820030212402e-01 7.290096282958984375e-01
-3.371884536743164062e+01 2.095413970947265625e+01 -3.950997114181518555e+00 -2.996873855590820312e-02 1.632968485355377197e-01 -6.718838810920715332e-01 7.218088507652282715e-01
-3.347494125366210938e+01 2.084399604797363281e+01 -3.946898221969604492e+00 -2.107352018356323242e-02 1.555790007114410400e-01 -6.827352046966552734e-01 7.135991454124450684e-01
-3.323364639282226562e+01 2.072679138183593750e+01 -3.945219755172729492e+00 -1.147850602865219116e-02 1.465347111225128174e-01 -6.943926811218261719e-01 7.044250965118408203e-01
-3.299441146850585938e+01 2.060390663146972656e+01 -3.945713996887207031e+00 -1.277409493923187256e-03 1.363151967525482178e-01 -7.066190242767333984e-01 6.943386793136596680e-01
-3.275740432739257812e+01 2.047520256042480469e+01 -3.948776721954345703e+00 9.433664381504058838e-03 1.250754892826080322e-01 -7.191837430000305176e-01 6.834045648574829102e-01
-3.252614974975585938e+01 2.033519554138183594e+01 -3.957418203353881836e+00 2.055725082755088806e-02 1.129753291606903076e-01 -7.318684458732604980e-01 6.717012524604797363e-01
-3.230794906616210938e+01 2.017544937133789062e+01 -3.977285146713256836e+00 3.199416399002075195e-02 1.001789793372154236e-01 -7.444676756858825684e-01 6.593240499496459961e-01
-3.214274978637695312e+01 1.997206306457519531e+01 -4.032503604888916016e+00 4.364366084337234497e-02 8.685526251792907715e-02 -7.567935585975646973e-01 6.463860273361206055e-01
-3.208882904052734375e+01 1.971728515625000000e+01 -4.097885608673095703e+00 5.540554225444793701e-02 7.317571341991424561e-02 -7.686760425567626953e-01 6.330187916755676270e-01
-3.208205795288085938e+01 1.944881057739257812e+01 -4.142013072967529297e+00 6.717953085899353027e-02 5.931546911597251892e-02 -7.799662947654724121e-01 6.193715333938598633e-01
-3.207825469970703125e+01 1.917791748046875000e+01 -4.174797058105468750e+00 7.886654138565063477e-02 4.545079916715621948e-02 -7.905371189117431641e-01 6.056116223335266113e-01
-3.207646942138671875e+01 1.890507125854492188e+01 -4.195954322814941406e+00 9.036945551633834839e-02 3.175895661115646362e-02 -8.002826571464538574e-01 5.919227600097656250e-01
-3.207583999633789062e+01 1.863074111938476562e+01 -4.206022739410400391e+00 1.015935838222503662e-01 1.841685920953750610e-02 -8.091190457344055176e-01 5.785030722618103027e-01
-3.207619094848632812e+01 1.835535430908203125e+01 -4.203982830047607422e+00 1.124472171068191528e-01 5.600124597549438477e-03 -8.169832825660705566e-01 5.655638575553894043e-01
-3.207751464843750000e+01 1.807946777343750000e+01 -4.188348293304443359e+00 1.228422373533248901e-01 -6.517533212900161743e-03 -8.238306641578674316e-01 5.533266067504882812e-01
-3.207989501953125000e+01 1.780249404907226562e+01 -4.157084941864013672e+00 1.326939165592193604e-01 -1.776503771543502808e-02 -8.296329379081726074e-01 5.420202612876892090e-01
-3.208346176147460938e+01 1.752569770812988281e+01 -4.107717037200927734e+00 1.419211179018020630e-01 -2.797401323914527893e-02 -8.343737125396728516e-01 5.318799018859863281e-01
-3.208836364746093750e+01 1.725098037719726562e+01 -4.037258148193359375e+00 1.504636853933334351e-01 -3.701694682240486145e-02 -8.380699157714843750e-01 5.230957865715026855e-01
-3.209384155273437500e+01 1.697953987121582031e+01 -3.946402549743652344e+00 1.583345979452133179e-01 -4.491999000310897827e-02 -8.408339023590087891e-01 5.156652331352233887e-01
-3.209800338745117188e+01 1.671061325073242188e+01 -3.840819120407104492e+00 1.655634641647338867e-01 -5.174817517399787903e-02 -8.427882790565490723e-01 5.095279812812805176e-01
-3.209886169433593750e+01 1.644262695312500000e+01 -3.725987434387207031e+00 1.721780002117156982e-01 -5.756679549813270569e-02 -8.440413475036621094e-01 5.046138167381286621e-01
-3.209425735473632812e+01 1.617349624633789062e+01 -3.607394933700561523e+00 1.782044470310211182e-01 -6.244106963276863098e-02 -8.446892499923706055e-01 5.008435845375061035e-01
-3.208170700073242188e+01 1.590092754364013672e+01 -3.490944862365722656e+00 1.836671233177185059e-01 -6.643627583980560303e-02 -8.448177576065063477e-01 4.981319308280944824e-01
-3.205830001831054688e+01 1.562272930145263672e+01 -3.383493661880493164e+00 1.885892301797866821e-01 -6.961696594953536987e-02 -8.445037007331848145e-01 4.963880777359008789e-01
-3.202233886718750000e+01 1.534879112243652344e+01 -3.296725988388061523e+00 1.929925978183746338e-01 -7.204741239547729492e-02 -8.438163995742797852e-01 4.955167174339294434e-01
-3.197231864929199219e+01 1.507977771759033203e+01 -3.237349748611450195e+00 1.968978345394134521e-01 -7.379177212715148926e-02 -8.428201675415039062e-01 4.954192936420440674e-01
-3.191062927246093750e+01 1.481854724884033203e+01 -3.203499794006347656e+00 2.003248631954193115e-01 -7.491364330053329468e-02 -8.415741920471191406e-01 4.959945976734161377e-01
-3.184098052978515625e+01 1.456741142272949219e+01 -3.189610481262207031e+00 2.032929062843322754e-01 -7.547643780708312988e-02 -8.401352763175964355e-01 4.971398711204528809e-01
-3.176664543151855469e+01 1.432733154296875000e+01 -3.190092802047729492e+00 2.050848603248596191e-01 -7.430660724639892578e-02 -8.386681079864501953e-01 4.990536868572235107e-01
-3.168994140625000000e+01 1.409846115112304688e+01 -3.200779914855957031e+00 2.065384089946746826e-01 -7.285842299461364746e-02 -8.370993733406066895e-01 5.012963414192199707e-01
-3.161272239685058594e+01 1.388048553466796875e+01 -3.218037128448486328e+00 2.078415155410766602e-01 -7.147578895092010498e-02 -8.354571461677551270e-01 5.036907196044921875e-01
-3.153643035888671875e+01 1.367288780212402344e+01 -3.238896369934082031e+00 2.089924514293670654e-01 -7.017984986305236816e-02 -8.337990045547485352e-01 5.061385631561279297e-01
-3.146215248107910156e+01 1.347515583038330078e+01 -3.261038780212402344e+00 2.099894881248474121e-01 -6.899257749319076538e-02 -8.321829438209533691e-01 5.085429549217224121e-01
-3.139069938659667969e+01 1.328682804107666016e+01 -3.282683134078979492e+00 2.108310163021087646e-01 -6.793642044067382812e-02 -8.306682705879211426e-01 5.108084082603454590e-01
-3.132300758361816406e+01 1.310731124877929688e+01 -3.301527023315429688e+00 2.115144580602645874e-01 -6.703478097915649414e-02 -8.293145298957824707e-01 5.128403902053833008e-01
-3.126000022888183594e+01 1.293629360198974609e+01 -3.317432880401611328e+00 2.120368182659149170e-01 -6.631153076887130737e-02 -8.281822204589843750e-01 5.145457386970520020e-01
-3.120207023620605469e+01 1.277370071411132812e+01 -3.330435752868652344e+00 2.123933881521224976e-01 -6.579136103391647339e-02 -8.273317813873291016e-01 5.158320665359497070e-01
-3.114950561523437500e+01 1.261950397491455078e+01 -3.340294122695922852e+00 2.117870748043060303e-01 -6.421520560979843140e-02 -8.269038796424865723e-01 5.169647336006164551e-01
-3.110351753234863281e+01 1.247331237792968750e+01 -3.346367120742797852e+00 2.109283804893493652e-01 -6.267003715038299561e-02 -8.267725706100463867e-01 5.177149176597595215e-01
-3.106405639648437500e+01 1.233535385131835938e+01 -3.349079608917236328e+00 2.098383307456970215e-01 -6.111472100019454956e-02 -8.268810510635375977e-01 5.181704759597778320e-01
-3.102976036071777344e+01 1.220612525939941406e+01 -3.349604368209838867e+00 2.085376530885696411e-01 -5.950821936130523682e-02 -8.271719813346862793e-01 5.184181928634643555e-01
-3.100280761718750000e+01 1.208517837524414062e+01 -3.346439123153686523e+00 2.070469111204147339e-01 -5.780937522649765015e-02 -8.275873661041259766e-01 5.185447335243225098e-01
-3.098108863830566406e+01 1.197326850891113281e+01 -3.341314554214477539e+00 2.053867578506469727e-01 -5.597706884145736694e-02 -8.280694484710693359e-01 5.186365246772766113e-01
-3.096448135375976562e+01 1.187039756774902344e+01 -3.334315061569213867e+00 2.035776972770690918e-01 -5.397011339664459229e-02 -8.285593986511230469e-01 5.187799334526062012e-01
-3.095283699035644531e+01 1.177687740325927734e+01 -3.325694561004638672e+00 2.016402781009674072e-01 -5.174730718135833740e-02 -8.289988040924072266e-01 5.190610289573669434e-01
-3.094525337219238281e+01 1.169274616241455078e+01 -3.316030263900756836e+00 1.995947062969207764e-01 -4.926750808954238892e-02 -8.293286561965942383e-01 5.195659995079040527e-01
-3.093919563293457031e+01 1.161822986602783203e+01 -3.306992053985595703e+00 1.974613815546035767e-01 -4.648946970701217651e-02 -8.294891119003295898e-01 5.203800797462463379e-01
-3.093860244750976562e+01 1.155340576171875000e+01 -3.296186447143554688e+00 1.952602267265319824e-01 -4.337204247713088989e-02 -8.294202089309692383e-01 5.215883851051330566e-01
-3.093823242187500000e+01 1.149811458587646484e+01 -3.286800384521484375e+00 1.930109858512878418e-01 -3.987385332584381104e-02 -8.290598392486572266e-01 5.232749581336975098e-01
-3.093810272216796875e+01 1.145233821868896484e+01 -3.278830528259277344e+00 1.907328814268112183e-01 -3.595361113548278809e-02 -8.283444046974182129e-01 5.255224704742431641e-01
-3.093869018554687500e+01 1.141611289978027344e+01 -3.271966457366943359e+00 1.884446144104003906e-01 -3.156973421573638916e-02 -8.272075057029724121e-01 5.284124612808227539e-01
-3.094073677062988281e+01 1.138950920104980469e+01 -3.265720129013061523e+00 1.861640214920043945e-01 -2.668081223964691162e-02 -8.255799412727355957e-01 5.320233106613159180e-01
-3.094241333007812500e+01 1.137225341796875000e+01 -3.261295080184936523e+00 1.839078962802886963e-01 -2.124518156051635742e-02 -8.233880400657653809e-01 5.364314317703247070e-01
-3.094372558593750000e+01 1.136432361602783203e+01 -3.258687734603881836e+00 1.816918551921844482e-01 -1.522123068571090698e-02 -8.205533027648925781e-01 5.417090654373168945e-01
-3.094508743286132812e+01 1.135728931427001953e+01 -3.256235361099243164e+00 1.795302331447601318e-01 -8.567161858081817627e-03 -8.169909715652465820e-01 5.479243993759155273e-01
-3.094648933410644531e+01 1.135111808776855469e+01 -3.253940343856811523e+00 1.774352490901947021e-01 -1.241557300090789795e-03 -8.126097321510314941e-01 5.551401376724243164e-01
-3.094792366027832031e+01 1.134577369689941406e+01 -3.251800537109375000e+00 1.754174679517745972e-01 6.796956062316894531e-03 -8.073098659515380859e-01 5.634121894836425781e-01
-3.094937515258789062e+01 1.134123229980468750e+01 -3.249825477600097656e+00 1.734813153743743896e-01 1.556113362312316895e-02 -8.010091185569763184e-01 5.727534294128417969e-01
-3.095079994201660156e+01 1.133751392364501953e+01 -3.248034477233886719e+00 1.716158539056777954e-01 2.495097368955612183e-02 -7.937262654304504395e-01 5.830299854278564453e-01
-3.095224380493164062e+01 1.133287525177001953e+01 -3.246103525161743164e+00 1.698076575994491577e-01 3.483756259083747864e-02 -7.855116724967956543e-01 5.940732955932617188e-01
-3.095365905761718750e+01 1.132734870910644531e+01 -3.244057655334472656e+00 1.680447310209274292e-01 4.509118944406509399e-02 -7.764229178428649902e-01 6.057186722755432129e-01
-3.095501327514648438e+01 1.132097339630126953e+01 -3.241922616958618164e+00 1.663170754909515381e-01 5.558167397975921631e-02 -7.665275335311889648e-01 6.178064942359924316e-01
-3.095627403259277344e+01 1.131378650665283203e+01 -3.239720344543457031e+00 1.646168380975723267e-01 6.617844849824905396e-02 -7.559037208557128906e-01 6.301835179328918457e-01
-3.095740699768066406e+01 1.130583953857421875e+01 -3.237474203109741211e+00 1.629386693239212036e-01 7.675150036811828613e-02 -7.446411848068237305e-01 6.427049040794372559e-01
-3.095840263366699219e+01 1.129717254638671875e+01 -3.235203742980957031e+00 1.612797379493713379e-01 8.717115223407745361e-02 -7.328425049781799316e-01 6.552342772483825684e-01
-3.095924186706542969e+01 1.128784370422363281e+01 -3.232929706573486328e+00 1.596399396657943726e-01 9.730914235115051270e-02 -7.206220030784606934e-01 6.676450967788696289e-01
-3.095991706848144531e+01 1.127789974212646484e+01 -3.230664014816284180e+00 1.580216139554977417e-01 1.070387139916419983e-01 -7.081059813499450684e-01 6.798219084739685059e-01
-3.096043395996093750e+01 1.126739501953125000e+01 -3.228422880172729492e+00 1.564301103353500366e-01 1.162352263927459717e-01 -6.954324245452880859e-01 6.916593313217163086e-01
-3.096079444885253906e+01 1.125638675689697266e+01 -3.226215839385986328e+00 1.548728346824645996e-01 1.247762069106101990e-01 -6.827497482299804688e-01 7.030634880065917969e-01
-3.096101570129394531e+01 1.124492645263671875e+01 -3.224051475524902344e+00 1.533596217632293701e-01 1.325416713953018188e-01 -6.702149510383605957e-01 7.139506936073303223e-01
-3.096112251281738281e+01 1.123306655883789062e+01 -3.221933603286743164e+00 1.519020795822143555e-01 1.394141316413879395e-01 -6.579931378364562988e-01 7.242475748062133789e-01
-3.096113204956054688e+01 1.122085952758789062e+01 -3.219869375228881836e+00 1.505137830972671509e-01 1.452784538269042969e-01 -6.462554335594177246e-01 7.338894605636596680e-01
-3.096108818054199219e+01 1.120834922790527344e+01 -3.217858791351318359e+00 1.492091417312622070e-01 1.500214487314224243e-01 -6.351771950721740723e-01 7.428190708160400391e-01
-3.096101188659667969e+01 1.119558525085449219e+01 -3.215902090072631836e+00 1.480037719011306763e-01 1.535317003726959229e-01 -6.249356865882873535e-01 7.509849667549133301e-01
-3.096094703674316406e+01 1.118260669708251953e+01 -3.214001417160034180e+00 1.469133347272872925e-01 1.556982100009918213e-01 -6.157090067863464355e-01 7.583382725715637207e-01
-3.096092224121093750e+01 1.116945743560791016e+01 -3.212158203125000000e+00 1.459531784057617188e-01 1.564104110002517700e-01 -6.076721549034118652e-01 7.648320198059082031e-01
-3.096097564697265625e+01 1.115617656707763672e+01 -3.210377216339111328e+00 1.451381146907806396e-01 1.555566191673278809e-01 -6.009964942932128906e-01 7.704156637191772461e-01
-3.096113395690917969e+01 1.114278030395507812e+01 -3.208655834197998047e+00 1.444811373949050903e-01 1.530718207359313965e-01 -5.957987308502197266e-01 7.750601172447204590e-01
-3.096178627014160156e+01 1.112932586669921875e+01 -3.206702709197998047e+00 1.439938992261886597e-01 1.490845233201980591e-01 -5.919938683509826660e-01 7.788342833518981934e-01
-3.096283912658691406e+01 1.111574172973632812e+01 -3.204565286636352539e+00 1.436856985092163086e-01 1.437692940235137939e-01 -5.894401669502258301e-01 7.818216085433959961e-01
-3.096402740478515625e+01 1.110192108154296875e+01 -3.202424287796020508e+00 1.435641944408416748e-01 1.372993886470794678e-01 -5.879881978034973145e-01 7.840970158576965332e-01
-3.096533393859863281e+01 1.108781433105468750e+01 -3.200269699096679688e+00 1.436358988285064697e-01 1.298467516899108887e-01 -5.874844193458557129e-01 7.857294082641601562e-01
-3.096675300598144531e+01 1.107337379455566406e+01 -3.198088407516479492e+00 1.439068913459777832e-01 1.215832084417343140e-01 -5.877729654312133789e-01 7.867853641510009766e-01
-3.096825599670410156e+01 1.105855941772460938e+01 -3.195866584777832031e+00 1.443831771612167358e-01 1.126806139945983887e-01 -5.886985063552856445e-01 7.873313426971435547e-01
-3.096984100341796875e+01 1.104332256317138672e+01 -3.193592548370361328e+00 1.450711786746978760e-01 1.033115610480308533e-01 -5.901067852973937988e-01 7.874357104301452637e-01
-3.097148895263671875e+01 1.102762413024902344e+01 -3.191252470016479492e+00 1.459778398275375366e-01 9.364943206310272217e-02 -5.918462276458740234e-01 7.871710658073425293e-01
-3.097317886352539062e+01 1.101141548156738281e+01 -3.188829183578491211e+00 1.471110880374908447e-01 8.386826515197753906e-02 -5.937694311141967773e-01 7.866145372390747070e-01
-3.097490692138671875e+01 1.099466323852539062e+01 -3.186305999755859375e+00 1.484797745943069458e-01 7.414314150810241699e-02 -5.957333445549011230e-01 7.858488559722900391e-01
-3.097666358947753906e+01 1.097732639312744141e+01 -3.183664560317993164e+00 1.500938683748245239e-01 6.464985013008117676e-02 -5.975995659828186035e-01 7.849631309509277344e-01
-3.097844123840332031e+01 1.095936012268066406e+01 -3.180883646011352539e+00 1.519644558429718018e-01 5.556454136967658997e-02 -5.992344617843627930e-01 7.840518951416015625e-01
-3.098027992248535156e+01 1.094074153900146484e+01 -3.177903890609741211e+00 1.541036069393157959e-01 4.706386104226112366e-02 -6.005092859268188477e-01 7.832149863243103027e-01
-3.098287582397460938e+01 1.092168903350830078e+01 -3.174090623855590820e+00 1.565244197845458984e-01 3.932460397481918335e-02 -6.012976169586181641e-01 7.825565338134765625e-01
-3.098550224304199219e+01 1.090190887451171875e+01 -3.170053720474243164e+00 1.592403948307037354e-01 3.252313286066055298e-02 -6.014766097068786621e-01 7.821832299232482910e-01
-3.098816871643066406e+01 1.088136672973632812e+01 -3.165770292282104492e+00 1.622654497623443604e-01 2.683569490909576416e-02 -6.009235382080078125e-01 7.822024226188659668e-01
-3.099087142944335938e+01 1.086002635955810547e+01 -3.161221742630004883e+00 1.656134426593780518e-01 2.243778109550476074e-02 -5.995151996612548828e-01 7.827197313308715820e-01
-3.099360847473144531e+01 1.083785820007324219e+01 -3.156388998031616211e+00 1.692975759506225586e-01 1.950439810752868652e-02 -5.971240997314453125e-01 7.838371396064758301e-01
-3.099637794494628906e+01 1.081482887268066406e+01 -3.151257276535034180e+00 1.733296364545822144e-01 1.820939779281616211e-02 -5.936171412467956543e-01 7.856487631797790527e-01
-3.099917411804199219e+01 1.079091262817382812e+01 -3.145816564559936523e+00 1.777089834213256836e-01 1.867160946130752563e-02 -5.888962149620056152e-01 7.882082462310791016e-01
-3.100199890136718750e+01 1.076614475250244141e+01 -3.140075683593750000e+00 1.823896467685699463e-01 2.079188078641891479e-02 -5.830314755439758301e-01 7.914391756057739258e-01
-3.100489234924316406e+01 1.074057388305664062e+01 -3.134003877639770508e+00 1.873133778572082520e-01 2.441677451133728027e-02 -5.761315822601318359e-01 7.952294349670410156e-01
-3.100845146179199219e+01 1.071455287933349609e+01 -3.126915216445922852e+00 1.924209445714950562e-01 2.939224988222122192e-02 -5.683040022850036621e-01 7.994629144668579102e-01
-3.101205062866210938e+01 1.068779277801513672e+01 -3.119560480117797852e+00 1.976528167724609375e-01 3.556346893310546875e-02 -5.596569776535034180e-01 8.040227890014648438e-01
-3.101611328125000000e+01 1.065785598754882812e+01 -3.111175537109375000e+00 2.029497325420379639e-01 4.277540743350982666e-02 -5.503008961677551270e-01 8.087958097457885742e-01
-3.102064323425292969e+01 1.062477779388427734e+01 -3.101772308349609375e+00 2.082535326480865479e-01 5.087231099605560303e-02 -5.403509736061096191e-01 8.136727809906005859e-01
-3.102564430236816406e+01 1.058858871459960938e+01 -3.091363430023193359e+00 2.135074585676193237e-01 5.969826132059097290e-02 -5.299276113510131836e-01 8.185520172119140625e-01
-3.103112792968750000e+01 1.054932880401611328e+01 -3.079962015151977539e+00 2.186568081378936768e-01 6.909725069999694824e-02 -5.191586017608642578e-01 8.233401775360107422e-01
-3.103756523132324219e+01 1.050741195678710938e+01 -3.066684484481811523e+00 2.236493527889251709e-01 7.891333848237991333e-02 -5.081785917282104492e-01 8.279542326927185059e-01
-3.104473495483398438e+01 1.046268081665039062e+01 -3.051978588104248047e+00 2.284356951713562012e-01 8.899188786745071411e-02 -4.971289336681365967e-01 8.323222398757934570e-01
-3.105246925354003906e+01 1.041501235961914062e+01 -3.036199808120727539e+00 2.329694628715515137e-01 9.917879104614257812e-02 -4.861592054367065430e-01 8.363838791847229004e-01
-3.106078338623046875e+01 1.036443328857421875e+01 -3.019348144531250000e+00 2.372073233127593994e-01 1.093217357993125916e-01 -4.754250943660736084e-01 8.400906324386596680e-01
-3.106983757019042969e+01 1.031133079528808594e+01 -3.000540733337402344e+00 2.411093711853027344e-01 1.192701682448387146e-01 -4.650889635086059570e-01 8.434056639671325684e-01
-3.107963562011718750e+01 1.025567150115966797e+01 -2.979888916015625000e+00 2.446385473012924194e-01 1.288754343986511230e-01 -4.553185403347015381e-01 8.463026285171508789e-01
-3.109009361267089844e+01 1.019722175598144531e+01 -2.958061456680297852e+00 2.477606534957885742e-01 1.379912644624710083e-01 -4.462861120700836182e-01 8.487648367881774902e-01
-3.110110855102539062e+01 1.013618850708007812e+01 -2.934512853622436523e+00 2.504439353942871094e-01 1.464731991291046143e-01 -4.381674826145172119e-01 8.507836461067199707e-01
-3.111248016357421875e+01 1.007287788391113281e+01 -2.908416748046875000e+00 2.526580691337585449e-01 1.541791558265686035e-01 -4.311403632164001465e-01 8.523560166358947754e-01
-3.112457466125488281e+01 1.000686740875244141e+01 -2.881030321121215820e+00 2.543741166591644287e-01 1.609678268432617188e-01 -4.253842830657958984e-01 8.534819483757019043e-01
-3.113658142089843750e+01 9.938537597656250000e+00 -2.851175546646118164e+00 2.555631101131439209e-01 1.666992306709289551e-01 -4.210774302482604980e-01 8.541619777679443359e-01
-3.114842224121093750e+01 9.867629051208496094e+00 -2.819178342819213867e+00 2.548422217369079590e-01 1.676452755928039551e-01 -4.181242287158966064e-01 8.556416630744934082e-01
-3.116083145141601562e+01 9.794181823730468750e+00 -2.785527229309082031e+00 2.539401650428771973e-01 1.683537513017654419e-01 -4.166653156280517578e-01 8.564820289611816406e-01
-3.117320251464843750e+01 9.718390464782714844e+00 -2.749493360519409180e+00 2.528520226478576660e-01 1.688709110021591187e-01 -4.165088236331939697e-01 8.567782044410705566e-01
-3.118621826171875000e+01 9.639911651611328125e+00 -2.712003231048583984e+00 2.515835165977478027e-01 1.692415475845336914e-01 -4.174541234970092773e-01 8.566184043884277344e-01
-3.119981384277343750e+01 9.558651924133300781e+00 -2.673178672790527344e+00 2.501477897167205811e-01 1.695089936256408691e-01 -4.192942976951599121e-01 8.560870885848999023e-01
-3.121421241760253906e+01 9.474499702453613281e+00 -2.633282423019409180e+00 2.485629320144653320e-01 1.697145998477935791e-01 -4.218190312385559082e-01 8.552673459053039551e-01
-3.123001861572265625e+01 9.387038230895996094e+00 -2.593383789062500000e+00 2.468495666980743408e-01 1.698982119560241699e-01 -4.248159229755401611e-01 8.542432188987731934e-01
-3.124755287170410156e+01 9.296144485473632812e+00 -2.553997755050659180e+00 2.450284063816070557e-01 1.700968146324157715e-01 -4.280740916728973389e-01 8.531006574630737305e-01
-3.126686477661132812e+01 9.201723098754882812e+00 -2.515294075012207031e+00 2.431186437606811523e-01 1.703458130359649658e-01 -4.313835203647613525e-01 8.519295454025268555e-01
-3.129027366638183594e+01 9.102988243103027344e+00 -2.481119394302368164e+00 2.411365509033203125e-01 1.706784665584564209e-01 -4.345375597476959229e-01 8.508225679397583008e-01
-3.131697273254394531e+01 9.000514984130859375e+00 -2.450463771820068359e+00 2.390943169593811035e-01 1.711263060569763184e-01 -4.373329579830169678e-01 8.498762249946594238e-01
-3.134763145446777344e+01 8.894199371337890625e+00 -2.424592256546020508e+00 2.369999885559082031e-01 1.717190146446228027e-01 -4.395700693130493164e-01 8.491888046264648438e-01
-3.138232040405273438e+01 8.793046951293945312e+00 -2.410643339157104492e+00 2.348568141460418701e-01 1.724853366613388062e-01 -4.410516619682312012e-01 8.488606214523315430e-01
-3.141819190979003906e+01 8.697960853576660156e+00 -2.404037952423095703e+00 2.326643764972686768e-01 1.734521538019180298e-01 -4.415831267833709717e-01 8.489912152290344238e-01
-3.145432853698730469e+01 8.608698844909667969e+00 -2.402955293655395508e+00 2.304190397262573242e-01 1.746452897787094116e-01 -4.409697651863098145e-01 8.496773838996887207e-01
-3.149137687683105469e+01 8.526442527770996094e+00 -2.410214900970458984e+00 2.277202010154724121e-01 1.751610189676284790e-01 -4.390048086643218994e-01 8.513147830963134766e-01
-3.152624511718750000e+01 8.449480056762695312e+00 -2.418210506439208984e+00 2.251195311546325684e-01 1.763157993555068970e-01 -4.355047047138214111e-01 8.535628318786621094e-01
-3.156063842773437500e+01 8.379712104797363281e+00 -2.432407140731811523e+00 2.226566970348358154e-01 1.782310605049133301e-01 -4.302619993686676025e-01 8.564649820327758789e-01
-3.159227943420410156e+01 8.314911842346191406e+00 -2.446177959442138672e+00 2.203634083271026611e-01 1.810152530670166016e-01 -4.230632483959197998e-01 8.600528836250305176e-01
-3.162171745300292969e+01 8.256147384643554688e+00 -2.462001800537109375e+00 2.182658314704895020e-01 1.847729384899139404e-01 -4.136853218078613281e-01 8.643398880958557129e-01
-3.164855384826660156e+01 8.202893257141113281e+00 -2.478907346725463867e+00 2.156849205493927002e-01 1.877366453409194946e-01 -4.019441902637481689e-01 8.698711395263671875e-01
-3.167215347290039062e+01 8.154211044311523438e+00 -2.494294404983520508e+00 2.131211757659912109e-01 1.909665465354919434e-01 -3.880113065242767334e-01 8.761041164398193359e-01
-3.169287490844726562e+01 8.111090660095214844e+00 -2.509965658187866211e+00 2.106269001960754395e-01 1.943999528884887695e-01 -3.721299767494201660e-01 8.828160166740417480e-01
-3.171069335937500000e+01 8.073525428771972656e+00 -2.525700569152832031e+00 2.082511633634567261e-01 1.979842931032180786e-01 -3.545492887496948242e-01 8.897913098335266113e-01
-3.172525787353515625e+01 8.040575981140136719e+00 -2.539451837539672852e+00 2.060354351997375488e-01 2.016765624284744263e-01 -3.355321288108825684e-01 8.968244194984436035e-01
-3.173660659790039062e+01 8.012338638305664062e+00 -2.551209688186645508e+00 2.040093839168548584e-01 2.054425179958343506e-01 -3.153578937053680420e-01 9.037272334098815918e-01
-3.174479484558105469e+01 7.988883972167968750e+00 -2.560961961746215820e+00 2.021872401237487793e-01 2.092548012733459473e-01 -2.943232953548431396e-01 9.103332161903381348e-01
-3.174987792968750000e+01 7.970285415649414062e+00 -2.568690061569213867e+00 2.005664110183715820e-01 2.130886763334274292e-01 -2.727468311786651611e-01 9.165017008781433105e-01
-3.175825119018554688e+01 7.947685241699218750e+00 -2.580615282058715820e+00 1.991268992424011230e-01 2.169189155101776123e-01 -2.509661912918090820e-01 9.221228957176208496e-01
-3.176987266540527344e+01 7.920473575592041016e+00 -2.595589637756347656e+00 1.978332400321960449e-01 2.207150459289550781e-01 -2.293382734060287476e-01 9.271196126937866211e-01
-3.178481864929199219e+01 7.888588905334472656e+00 -2.613422870635986328e+00 1.966371089220046997e-01 2.244387865066528320e-01 -2.082334160804748535e-01 9.314504861831665039e-01
-3.180318260192871094e+01 7.852045536041259766e+00 -2.634080648422241211e+00 1.954825818538665771e-01 2.280409485101699829e-01 -1.880320310592651367e-01 9.351085424423217773e-01
-3.182508659362792969e+01 7.811386585235595703e+00 -2.658356904983520508e+00 1.943120360374450684e-01 2.314612567424774170e-01 -1.691184639930725098e-01 9.381190538406372070e-01
-3.185069465637207031e+01 7.768300533294677734e+00 -2.688781738281250000e+00 1.930723339319229126e-01 2.346292287111282349e-01 -1.518756747245788574e-01 9.405348896980285645e-01
-3.187965774536132812e+01 7.721313476562500000e+00 -2.722014188766479492e+00 1.915732920169830322e-01 2.374885976314544678e-01 -1.366416215896606445e-01 9.424584507942199707e-01
-3.191179466247558594e+01 7.671489238739013672e+00 -2.759370088577270508e+00 1.882157027721405029e-01 2.401582449674606323e-01 -1.233789324760437012e-01 9.442862272262573242e-01
-3.194734573364257812e+01 7.620612621307373047e+00 -2.803412914276123047e+00 1.855898648500442505e-01 2.421931326389312744e-01 -1.130908578634262085e-01 9.455735683441162109e-01
-3.198658180236816406e+01 7.566313266754150391e+00 -2.850986242294311523e+00 1.838044673204421997e-01 2.435509413480758667e-01 -1.061368510127067566e-01 9.463793039321899414e-01
-3.202866363525390625e+01 7.513639926910400391e+00 -2.908012628555297852e+00 1.829559504985809326e-01 2.441889941692352295e-01 -1.028433591127395630e-01 9.467428326606750488e-01
-3.207450866699218750e+01 7.458139419555664062e+00 -2.969187021255493164e+00 1.831255555152893066e-01 2.440617829561233521e-01 -1.035011485219001770e-01 9.466710686683654785e-01
-3.212244033813476562e+01 7.405085086822509766e+00 -3.039461612701416016e+00 1.811711788177490234e-01 2.342869192361831665e-01 -1.060495674610137939e-01 9.492313265800476074e-01
-3.217382812500000000e+01 7.351068973541259766e+00 -3.115162372589111328e+00 1.792080402374267578e-01 2.225782722234725952e-01 -1.120413765311241150e-01 9.517300724983215332e-01
-3.222846221923828125e+01 7.299201488494873047e+00 -3.198553323745727539e+00 1.772242933511734009e-01 2.091341316699981689e-01 -1.211372613906860352e-01 9.540336728096008301e-01
-3.228665542602539062e+01 7.249074459075927734e+00 -3.288654804229736328e+00 1.752053499221801758e-01 1.941520273685455322e-01 -1.329936534166336060e-01 9.559920430183410645e-01
-3.234830093383789062e+01 7.199377059936523438e+00 -3.384758234024047852e+00 1.731361448764801025e-01 1.778321862220764160e-01 -1.472621262073516846e-01 9.574515819549560547e-01
-3.241415405273437500e+01 7.153769493103027344e+00 -3.487954139709472656e+00 1.710037589073181152e-01 1.603803336620330811e-01 -1.635912656784057617e-01 9.582660794258117676e-01
-3.248246765136718750e+01 7.109641075134277344e+00 -3.594094276428222656e+00 1.687984913587570190e-01 1.420098990201950073e-01 -1.816271692514419556e-01 9.583067297935485840e-01
-3.255342864990234375e+01 7.067883014678955078e+00 -3.703420400619506836e+00 1.665157526731491089e-01 1.229429021477699280e-01 -2.010148167610168457e-01 9.574708938598632812e-01
-3.262772750854492188e+01 7.028764724731445312e+00 -3.815416097640991211e+00 1.641571074724197388e-01 1.034099236130714417e-01 -2.214017063379287720e-01 9.556882381439208984e-01
-3.270425033569335938e+01 6.990200042724609375e+00 -3.929949760437011719e+00 1.617310941219329834e-01 8.364990353584289551e-02 -2.424392104148864746e-01 9.529265165328979492e-01
-3.278482437133789062e+01 6.954096317291259766e+00 -4.046418190002441406e+00 1.592535227537155151e-01 6.390845775604248047e-02 -2.637861371040344238e-01 9.491948485374450684e-01
-3.286763000488281250e+01 6.917997837066650391e+00 -4.165071964263916016e+00 1.567478030920028687e-01 4.443657025694847107e-02 -2.851108014583587646e-01 9.445461034774780273e-01
-3.295413589477539062e+01 6.883002758026123047e+00 -4.285243034362792969e+00 1.542449146509170532e-01 2.548826113343238831e-02 -3.060949742794036865e-01 9.390765428543090820e-01
-3.304333877563476562e+01 6.843044281005859375e+00 -4.405296325683593750e+00 1.517829000949859619e-01 7.318779826164245605e-03 -3.264353275299072266e-01 9.329246282577514648e-01
-3.313621520996093750e+01 6.794641017913818359e+00 -4.523180961608886719e+00 1.494063884019851685e-01 -9.817585349082946777e-03 -3.458457291126251221e-01 9.262678623199462891e-01
-3.323125076293945312e+01 6.736745357513427734e+00 -4.637895584106445312e+00 1.471656262874603271e-01 -2.566880173981189728e-02 -3.640566170215606689e-01 9.193183183670043945e-01
-3.332889938354492188e+01 6.663896560668945312e+00 -4.745966911315917969e+00 1.451155543327331543e-01 -3.998626396059989929e-02 -3.808152675628662109e-01 9.123169779777526855e-01
-3.342734146118164062e+01 6.582543849945068359e+00 -4.850186824798583984e+00 1.433144956827163696e-01 -5.252580717206001282e-02 -3.958842754364013672e-01 9.055261611938476562e-01
-3.352555847167968750e+01 6.480490684509277344e+00 -4.940434455871582031e+00 1.418231576681137085e-01 -6.304705888032913208e-02 -4.090386927127838135e-01 8.992210626602172852e-01
-3.362510299682617188e+01 6.376279354095458984e+00 -5.032154560089111328e+00 1.407027691602706909e-01 -7.131303101778030396e-02 -4.200605452060699463e-01 8.936813473701477051e-01
-3.371971130371093750e+01 6.249140262603759766e+00 -5.101879596710205078e+00 1.400019675493240356e-01 -7.715731114149093628e-02 -4.288053214550018311e-01 8.891413211822509766e-01
-3.381501388549804688e+01 6.117519378662109375e+00 -5.170474529266357422e+00 1.397178471088409424e-01 -8.068901300430297852e-02 -4.354040920734405518e-01 8.856587409973144531e-01
-3.390989303588867188e+01 5.980412483215332031e+00 -5.235562801361083984e+00 1.398300826549530029e-01 -8.208379149436950684e-02 -4.400429427623748779e-01 8.832168579101562500e-01
-3.399821090698242188e+01 5.827521800994873047e+00 -5.281100749969482422e+00 1.403133422136306763e-01 -8.151481300592422485e-02 -4.428932666778564453e-01 8.817670345306396484e-01
-3.408773803710937500e+01 5.671833515167236328e+00 -5.327243328094482422e+00 1.411383748054504395e-01 -7.915317267179489136e-02 -4.441147744655609131e-01 8.812360167503356934e-01
-3.417849349975585938e+01 5.513373851776123047e+00 -5.374003887176513672e+00 1.422729939222335815e-01 -7.516808807849884033e-02 -4.438581764698028564e-01 8.815317153930664062e-01
-3.426113128662109375e+01 5.342819690704345703e+00 -5.401401042938232422e+00 1.436828374862670898e-01 -6.972795724868774414e-02 -4.422670304775238037e-01 8.825491666793823242e-01
-3.434412384033203125e+01 5.168659687042236328e+00 -5.427518367767333984e+00 1.453324854373931885e-01 -6.300007551908493042e-02 -4.394815564155578613e-01 8.841750025749206543e-01
-3.442823028564453125e+01 4.991667270660400391e+00 -5.453971862792968750e+00 1.471854299306869507e-01 -5.515222251415252686e-02 -4.356399178504943848e-01 8.862914443016052246e-01
-3.451308822631835938e+01 4.811637878417968750e+00 -5.480069637298583984e+00 1.492052525281906128e-01 -4.635237157344818115e-02 -4.308803975582122803e-01 8.887808322906494141e-01
-3.459003067016601562e+01 4.623073577880859375e+00 -5.489487171173095703e+00 1.513559073209762573e-01 -3.676953911781311035e-02 -4.253431260585784912e-01 8.915283083915710449e-01
-3.466799163818359375e+01 4.431691646575927734e+00 -5.499035358428955078e+00 1.536019146442413330e-01 -2.657381445169448853e-02 -4.191719889640808105e-01 8.944244384765625000e-01
-3.474698638916015625e+01 4.237531661987304688e+00 -5.508730411529541016e+00 1.559094339609146118e-01 -1.593593135476112366e-02 -4.125141799449920654e-01 8.973685503005981445e-01
-3.482703399658203125e+01 4.040625095367431641e+00 -5.518583774566650391e+00 1.582459062337875366e-01 -5.027797073125839233e-03 -4.055224955081939697e-01 9.002691507339477539e-01
-3.490148162841796875e+01 3.847216606140136719e+00 -5.522164344787597656e+00 1.605805158615112305e-01 5.978081375360488892e-03 -3.983545303344726562e-01 9.030457735061645508e-01
-3.496958923339843750e+01 3.657021284103393555e+00 -5.518164157867431641e+00 1.628846079111099243e-01 1.690884679555892944e-02 -3.911733031272888184e-01 9.056302309036254883e-01
-3.503585052490234375e+01 3.471930980682373047e+00 -5.514301776885986328e+00 1.651313602924346924e-01 2.759183943271636963e-02 -3.841454684734344482e-01 9.079661965370178223e-01
-3.510029602050781250e+01 3.291984796524047852e+00 -5.510579586029052734e+00 1.672961860895156860e-01 3.785443305969238281e-02 -3.774446845054626465e-01 9.100079536437988281e-01
-3.516296005249023438e+01 3.117202043533325195e+00 -5.506999492645263672e+00 1.693562418222427368e-01 4.752469435334205627e-02 -3.712462782859802246e-01 9.117214083671569824e-01
-3.522386550903320312e+01 2.947612285614013672e+00 -5.503562927246093750e+00 1.712903380393981934e-01 5.643177777528762817e-02 -3.657291531562805176e-01 9.130811691284179688e-01
-3.528216171264648438e+01 2.782971143722534180e+00 -5.498954772949218750e+00 1.730808615684509277e-01 6.444124877452850342e-02 -3.610377013683319092e-01 9.140799045562744141e-01
-3.533535385131835938e+01 2.622546434402465820e+00 -5.489462852478027344e+00 1.747190952301025391e-01 7.156391441822052002e-02 -3.571668565273284912e-01 9.147588014602661133e-01
-3.538695907592773438e+01 2.467350959777832031e+00 -5.480291843414306641e+00 1.761975288391113281e-01 7.784619927406311035e-02 -3.540722131729125977e-01 9.151651859283447266e-01
-3.543695831298828125e+01 2.317368030548095703e+00 -5.471433162689208984e+00 1.775077581405639648e-01 8.333495259284973145e-02 -3.517067730426788330e-01 9.153406620025634766e-01
-3.548530197143554688e+01 2.172739267349243164e+00 -5.462889194488525391e+00 1.786403357982635498e-01 8.807642757892608643e-02 -3.500210046768188477e-01 9.153226613998413086e-01
-3.553198242187500000e+01 2.033454656600952148e+00 -5.454651832580566406e+00 1.795851588249206543e-01 9.211689233779907227e-02 -3.489647209644317627e-01 9.151433110237121582e-01
-3.557698822021484375e+01 1.899501919746398926e+00 -5.446713924407958984e+00 1.803314387798309326e-01 9.550236165523529053e-02 -3.484853208065032959e-01 9.148322343826293945e-01
-3.562030792236328125e+01 1.770869135856628418e+00 -5.439070701599121094e+00 1.808678507804870605e-01 9.827850759029388428e-02 -3.485300242900848389e-01 9.144150614738464355e-01
-3.566194152832031250e+01 1.647543907165527344e+00 -5.431715011596679688e+00 1.811825037002563477e-01 1.004910469055175781e-01 -3.490442335605621338e-01 9.139160513877868652e-01
-3.570186614990234375e+01 1.529518961906433105e+00 -5.424643516540527344e+00 1.812633126974105835e-01 1.021852642297744751e-01 -3.499732315540313721e-01 9.133567214012145996e-01
-3.573802185058593750e+01 1.416286587715148926e+00 -5.415329456329345703e+00 1.810977011919021606e-01 1.034063845872879028e-01 -3.512614369392395020e-01 9.127574563026428223e-01
-3.577242660522460938e+01 1.308327555656433105e+00 -5.406253337860107422e+00 1.806729137897491455e-01 1.041995510458946228e-01 -3.528530597686767578e-01 9.121372103691101074e-01
-3.580519866943359375e+01 1.205659151077270508e+00 -5.397572040557861328e+00 1.799761354923248291e-01 1.046096980571746826e-01 -3.546917140483856201e-01 9.115147590637207031e-01
-3.583633041381835938e+01 1.108276367187500000e+00 -5.389280796051025391e+00 1.789943575859069824e-01 1.046820431947708130e-01 -3.567209243774414062e-01 9.109077453613281250e-01
-3.586581802368164062e+01 1.016164541244506836e+00 -5.381379127502441406e+00 1.777144670486450195e-01 1.044613271951675415e-01 -3.588842153549194336e-01 9.103337526321411133e-01
-3.589364624023437500e+01 9.293139576911926270e-01 -5.373859882354736328e+00 1.761235594749450684e-01 1.039924770593643188e-01 -3.611253499984741211e-01 9.098101854324340820e-01
-3.591980743408203125e+01 8.477148413658142090e-01 -5.366719722747802734e+00 1.742083728313446045e-01 1.033204644918441772e-01 -3.633871972560882568e-01 9.093547463417053223e-01
-3.594429779052734375e+01 7.713549733161926270e-01 -5.359952449798583984e+00 1.719560027122497559e-01 1.024902313947677612e-01 -3.656134307384490967e-01 9.089850187301635742e-01
-3.596710205078125000e+01 7.002245783805847168e-01 -5.353557109832763672e+00 1.693534255027770996e-01 1.015467047691345215e-01 -3.677475452423095703e-01 9.087185859680175781e-01
-3.598820877075195312e+01 6.343163847923278809e-01 -5.347525596618652344e+00 1.663875877857208252e-01 1.005348712205886841e-01 -3.697326779365539551e-01 9.085734486579895020e-01
-3.600761795043945312e+01 5.736230611801147461e-01 -5.341855525970458984e+00 1.630490720272064209e-01 9.948144853115081787e-02 -3.715274930000305176e-01 9.085625410079956055e-01
-3.602532577514648438e+01 5.181421041488647461e-01 -5.336551189422607422e+00 1.593423932790756226e-01 9.834054857492446899e-02 -3.731487095355987549e-01 9.086798429489135742e-01
-3.604134750366210938e+01 4.678918421268463135e-01 -5.331618309020996094e+00 1.552754044532775879e-01 9.704780578613281250e-02 -3.746275603771209717e-01 9.089145064353942871e-01
-3.605567169189453125e+01 4.228710830211639404e-01 -5.327064037322998047e+00 1.508558392524719238e-01 9.553889185190200806e-02 -3.759953081607818604e-01 9.092537164688110352e-01
-3.606831741333007812e+01 3.830956816673278809e-01 -5.322894096374511719e+00 1.460913568735122681e-01 9.374950826168060303e-02 -3.772822320461273193e-01 9.096848368644714355e-01
-3.607927703857421875e+01 3.485693335533142090e-01 -5.319112300872802734e+00 1.409894824028015137e-01 9.161517024040222168e-02 -3.785187900066375732e-01 9.101935029029846191e-01
-3.608856964111328125e+01 3.193017542362213135e-01 -5.315732479095458984e+00 1.355576217174530029e-01 8.907124400138854980e-02 -3.797349333763122559e-01 9.107644557952880859e-01
-3.609619140625000000e+01 2.953039407730102539e-01 -5.312752723693847656e+00 1.298030316829681396e-01 8.605304360389709473e-02 -3.809596002101898193e-01 9.113812446594238281e-01
-3.610214614868164062e+01 2.765820324420928955e-01 -5.310184001922607422e+00 1.237328797578811646e-01 8.249621093273162842e-02 -3.822211921215057373e-01 9.120259881019592285e-01
-3.610644531250000000e+01 2.631457448005676270e-01 -5.308033466339111328e+00 1.173541024327278137e-01 7.833588868379592896e-02 -3.835478425025939941e-01 9.126787781715393066e-01
-3.611016082763671875e+01 2.516308426856994629e-01 -5.306032657623291016e+00 1.106734871864318848e-01 7.350736856460571289e-02 -3.849664330482482910e-01 9.133175015449523926e-01
-3.611328887939453125e+01 2.420422285795211792e-01 -5.304186820983886719e+00 1.036975979804992676e-01 6.794602423906326294e-02 -3.865027427673339844e-01 9.139178395271301270e-01
-3.611584854125976562e+01 2.343920916318893433e-01 -5.302505970001220703e+00 9.643271565437316895e-02 6.158713251352310181e-02 -3.881812691688537598e-01 9.144523739814758301e-01
-3.611783218383789062e+01 2.286865115165710449e-01 -5.300999641418457031e+00 8.888497948646545410e-02 5.436641722917556763e-02 -3.900244235992431641e-01 9.148905873298645020e-01
-3.611925888061523438e+01 2.249340713024139404e-01 -5.299674987792968750e+00 8.106020838022232056e-02 4.621944203972816467e-02 -3.920540213584899902e-01 9.151976108551025391e-01
-3.612012481689453125e+01 2.231408655643463135e-01 -5.298542499542236328e+00 7.296390831470489502e-02 3.708237409591674805e-02 -3.942887187004089355e-01 9.153346419334411621e-01
-3.612044525146484375e+01 2.233178615570068359e-01 -5.297613620758056641e+00 6.460140645503997803e-02 2.689171582460403442e-02 -3.967458903789520264e-01 9.152574539184570312e-01
-3.612298583984375000e+01 2.166931033134460449e-01 -5.296184062957763672e+00 5.597772076725959778e-02 1.558488048613071442e-02 -3.994392454624176025e-01 9.149164557456970215e-01
-3.612774658203125000e+01 2.032727003097534180e-01 -5.294262409210205078e+00 4.709762707352638245e-02 3.100195899605751038e-03 -4.023799300193786621e-01 9.142552018165588379e-01
-3.613473892211914062e+01 1.830651760101318359e-01 -5.291866302490234375e+00 3.796573728322982788e-02 -1.062259264290332794e-02 -4.055755436420440674e-01 9.132109284400939941e-01
-3.614395904541015625e+01 1.560693383216857910e-01 -5.289006233215332031e+00 2.859660051763057709e-02 -2.559455484151840210e-02 -4.090102314949035645e-01 9.117224216461181641e-01
-3.615539550781250000e+01 1.222741678357124329e-01 -5.285686016082763672e+00 1.904572173953056335e-02 -4.163508117198944092e-02 -4.125924408435821533e-01 9.097644090652465820e-01
-3.616875076293945312e+01 8.159545809030532837e-02 -5.281641960144042969e+00 9.379951283335685730e-03 -5.851444974541664124e-02 -4.162155091762542725e-01 9.073327183723449707e-01
-3.618381881713867188e+01 3.397338837385177612e-02 -5.276706218719482422e+00 -3.328695893287658691e-04 -7.600204646587371826e-02 -4.197795391082763672e-01 9.044383168220520020e-01
-3.620094680786132812e+01 -2.053100615739822388e-02 -5.271201133728027344e+00 -1.002431288361549377e-02 -9.386730194091796875e-02 -4.231921434402465820e-01 9.011087417602539062e-01
-3.622011947631835938e+01 -8.193603157997131348e-02 -5.265114784240722656e+00 -1.962530799210071564e-02 -1.118797585368156433e-01 -4.263689219951629639e-01 8.973891735076904297e-01
-3.624132156372070312e+01 -1.502636671066284180e-01 -5.258431434631347656e+00 -2.906679734587669373e-02 -1.298107206821441650e-01 -4.292337298393249512e-01 8.933435082435607910e-01
-3.626454162597656250e+01 -2.255322188138961792e-01 -5.251142501831054688e+00 -3.828062117099761963e-02 -1.474346965551376343e-01 -4.317204356193542480e-01 8.890529274940490723e-01
-3.628976440429687500e+01 -3.077587783336639404e-01 -5.243225097656250000e+00 -4.719876497983932495e-02 -1.645284295082092285e-01 -4.337705969810485840e-01 8.846161961555480957e-01
-3.631697845458984375e+01 -3.969641029834747314e-01 -5.234663009643554688e+00 -5.575508624315261841e-02 -1.808742433786392212e-01 -4.353341758251190186e-01 8.801477551460266113e-01
-3.634618759155273438e+01 -4.931628406047821045e-01 -5.225434303283691406e+00 -6.388406455516815186e-02 -1.962569952011108398e-01 -4.363696873188018799e-01 8.757759332656860352e-01
-3.637735748291015625e+01 -5.963720679283142090e-01 -5.215516090393066406e+00 -7.152225822210311890e-02 -2.104676067829132080e-01 -4.368408024311065674e-01 8.716409802436828613e-01
-3.641050338745117188e+01 -7.066088914871215820e-01 -5.204887390136718750e+00 -7.860746979713439941e-02 -2.233003228902816772e-01 -4.367172122001647949e-01 8.678916692733764648e-01
-3.644560623168945312e+01 -8.238842487335205078e-01 -5.193522930145263672e+00 -8.507924526929855347e-02 -2.345536649227142334e-01 -4.359712302684783936e-01 8.646820783615112305e-01
-3.648265838623046875e+01 -9.482141137123107910e-01 -5.181399822235107422e+00 -9.087802469730377197e-02 -2.440283149480819702e-01 -4.345764815807342529e-01 8.621686100959777832e-01
-3.652165603637695312e+01 -1.079610586166381836e+00 -5.168499469757080078e+00 -9.594510495662689209e-02 -2.515261471271514893e-01 -4.325048625469207764e-01 8.605048656463623047e-01
-3.656258010864257812e+01 -1.218088388442993164e+00 -5.154802322387695312e+00 -1.002224311232566833e-01 -2.568487823009490967e-01 -4.297249317169189453e-01 8.598375320434570312e-01
-3.660541915893554688e+01 -1.363658428192138672e+00 -5.140287876129150391e+00 -1.036516055464744568e-01 -2.597953081130981445e-01 -4.261974990367889404e-01 8.603013157844543457e-01
-3.664872360229492188e+01 -1.516675949096679688e+00 -5.124159812927246094e+00 -1.061735749244689941e-01 -2.601604759693145752e-01 -4.218734204769134521e-01 8.620131015777587891e-01
-3.669317626953125000e+01 -1.676984786987304688e+00 -5.106798171997070312e+00 -1.077273041009902954e-01 -2.577315568923950195e-01 -4.166893661022186279e-01 8.650659918785095215e-01
-3.673939514160156250e+01 -1.844447016716003418e+00 -5.088553428649902344e+00 -1.082703247666358948e-01 -2.523788511753082275e-01 -4.105952680110931396e-01 8.694791197776794434e-01
-3.678734970092773438e+01 -2.019044160842895508e+00 -5.069468975067138672e+00 -1.078368946909904480e-01 -2.443267405033111572e-01 -4.036445021629333496e-01 8.750695586204528809e-01
-3.683705902099609375e+01 -2.200743436813354492e+00 -5.049598217010498047e+00 -1.064801439642906189e-01 -2.338875681161880493e-01 -3.959145843982696533e-01 8.815953135490417480e-01
-3.688852310180664062e+01 -2.389520168304443359e+00 -5.028996467590332031e+00 -1.042528897523880005e-01 -2.213747501373291016e-01 -3.874816000461578369e-01 8.888096809387207031e-01
-3.694175720214843750e+01 -2.585344076156616211e+00 -5.007718563079833984e+00 -1.012096330523490906e-01 -2.071049362421035767e-01 -3.784258663654327393e-01 8.964697718620300293e-01
-3.699676895141601562e+01 -2.788183450698852539e+00 -4.985812664031982422e+00 -9.740657359361648560e-02 -1.914015114307403564e-01 -3.688341081142425537e-01 9.043443799018859863e-01
-3.705334091186523438e+01 -2.998068809509277344e+00 -4.963292121887207031e+00 -9.290371835231781006e-02 -1.745952218770980835e-01 -3.588036894798278809e-01 9.122199416160583496e-01
-3.710920715332031250e+01 -3.215567588806152344e+00 -4.939847469329833984e+00 -8.776487410068511963e-02 -1.570233106613159180e-01 -3.484427928924560547e-01 9.199068546295166016e-01
-3.716684722900390625e+01 -3.440007209777832031e+00 -4.915883541107177734e+00 -8.205684274435043335e-02 -1.390311121940612793e-01 -3.378721177577972412e-01 9.272429943084716797e-01
-3.722630691528320312e+01 -3.671352386474609375e+00 -4.891429424285888672e+00 -7.585054636001586914e-02 -1.209694668650627136e-01 -3.272254168987274170e-01 9.340966343879699707e-01
-3.728762054443359375e+01 -3.909576416015625000e+00 -4.866503715515136719e+00 -6.922015547752380371e-02 -1.031939834356307983e-01 -3.166478872299194336e-01 9.403688311576843262e-01
-3.735084915161132812e+01 -4.154647350311279297e+00 -4.841114521026611328e+00 -6.224159151315689087e-02 -8.606351166963577271e-02 -3.062961995601654053e-01 9.459924697875976562e-01
-3.741603469848632812e+01 -4.406538009643554688e+00 -4.815262317657470703e+00 -5.499383062124252319e-02 -6.993786245584487915e-02 -2.963365614414215088e-01 9.509305357933044434e-01
-3.748154067993164062e+01 -4.665710449218750000e+00 -4.789371013641357422e+00 -4.755546525120735168e-02 -5.517682805657386780e-02 -2.869429588317871094e-01 9.551742076873779297e-01
-3.754722595214843750e+01 -4.932205677032470703e+00 -4.763480186462402344e+00 -4.000567272305488586e-02 -4.213830083608627319e-02 -2.782947421073913574e-01 9.587366580963134766e-01
-3.761491775512695312e+01 -5.205484390258789062e+00 -4.737119197845458984e+00 -3.242264688014984131e-02 -3.117865324020385742e-02 -2.705745100975036621e-01 9.616475701332092285e-01
-3.768466949462890625e+01 -5.485533237457275391e+00 -4.710268497467041016e+00 -2.488220855593681335e-02 -2.265140973031520844e-02 -2.639656364917755127e-01 9.639449715614318848e-01
-3.775651168823242188e+01 -5.772341251373291016e+00 -4.682914733886718750e+00 -1.745836623013019562e-02 -1.690770871937274933e-02 -2.586489021778106689e-01 9.656656384468078613e-01
-3.782655334472656250e+01 -6.051237583160400391e+00 -4.656627178192138672e+00 -1.022085733711719513e-02 -1.429732702672481537e-02 -2.547998130321502686e-01 9.668341279029846191e-01
-3.789093780517578125e+01 -6.323405742645263672e+00 -4.633846282958984375e+00 -3.236295888200402260e-03 -1.516944356262683868e-02 -2.525854110717773438e-01 9.674502611160278320e-01
-3.795384597778320312e+01 -6.587555885314941406e+00 -4.611930847167968750e+00 3.433879930526018143e-03 -1.975211501121520996e-02 -2.521194815635681152e-01 9.674884676933288574e-01
