1.0 0.0 0.0 0.0 0.0 -1.0 0.0 0.0 0.0 0.0 -1.0 0.0
0.9999999187366552 -0.00030351421979262107 -0.00026534091695516027 0.000127038 -0.0003036137341802928 -0.9999998835654503 -0.0003750837062283739 9.71429e-05 -0.00026522704282185716 0.00037516423689444475 -0.9999998944532004 0.000196529
0.9995776863070106 -0.022331243426571713 0.018594746681436534 8.91038e-05 -0.02225115088326272 -0.9997422709522125 -0.004503105115764689 8.20629e-05 0.01869051421159606 0.004087448878768637 -0.9998169619686245 8.22484e-05
0.9983171933188668 -0.044342811153513365 0.037369728697760805 6.21143e-05 -0.04403563141245352 -0.9989893866589401 -0.009003805245633392 -6.44256e-05 0.0377312163870572 0.007343053983092436 -0.9992609443324374 -0.000137658
0.9962188422498401 -0.06644893751613945 0.055969250927306625 -3.34188e-05 -0.06576789154716631 -0.9977377730232146 -0.013925542148007805 -0.000182123 0.05676797325805975 0.010191907851426448 -0.9983353756261066 -0.000422781
0.9934758823920322 -0.08799823130211097 0.07253952297246652 -0.000129005 -0.08682115191426608 -0.9960383119877407 -0.01922936901959856 -0.000301067 0.07394429447667178 0.012805949410806778 -0.9971801487063585 -0.000733685
0.9906217363960509 -0.1068590466424436 0.08514528483915797 -0.000312586 -0.10515205839930185 -0.9941592307146933 -0.02429955964948969 -0.000450023 0.08724459865265637 0.015118470009804557 -0.9960721920977916 -0.000922657
0.9873008381515764 -0.12560798474606785 0.09726093333515831 -0.000614066 -0.12327864762768678 -0.9919298515660957 -0.02962337946878394 -0.000662237 0.10019695616276553 0.017256991049847667 -0.9948179563295096 -0.00110405
0.9858991034445169 -0.13743236085330748 0.09547410129236131 -0.000756618 -0.13475073144744462 -0.9902953589127089 -0.03401973677628518 -0.000786937 0.09922297214696021 0.02067482300372491 -0.9948504176468381 -0.00123198
0.9843902600063972 -0.14879318228094646 0.09400215375855533 -0.00078654 -0.14581105542361628 -0.9885872921344352 -0.03787217905740252 -0.000846334 0.09856445668083977 0.023574450937697278 -0.9948513924914599 -0.00125872
0.9827123582710395 -0.16034037822389913 0.09256016428458633 -0.000970642 -0.15705298973715304 -0.9867044353149457 -0.041817648719609336 -0.000983329 0.09803458224521763 0.02655786965914086 -0.9948285783204935 -0.00146205
0.982439267217657 -0.16311813142750545 0.09058455402789273 -0.000941314 -0.16014957361359564 -0.9863150810853551 -0.039174926866206015 -0.00102358 0.09573505262032647 0.023979908740196003 -0.9951179647039818 -0.00144353
0.9813879361165646 -0.16917127870040696 0.09087792530498909 -0.000978716 -0.16631532715613154 -0.985332992809964 -0.03818514414152052 -0.00102702 0.09600484778290563 0.022360047920990608 -0.9951296887638076 -0.00155319
0.9836874086009779 -0.1611727771982873 0.07989003723921945 -0.000950042 -0.15914046399878215 -0.9867619818884676 -0.03122665236293641 -0.00103203 0.08386533776325558 0.018003527147051154 -0.9963144474171397 -0.00145711
0.9839062160142346 -0.15615490294603188 0.08685737950494256 -0.00097451 -0.15493650240243892 -0.987708833864979 -0.02063830730419497 -0.00106868 0.0890125738974517 0.00684878025627233 -0.9960069557473742 -0.00152865
0.9840599856761705 -0.15110974396269872 0.09376454484794818 -0.00123239 -0.15083462852161877 -0.9885078664368163 -0.010055487620135957 -0.00119611 0.09420647233476324 -0.004247737287201028 -0.9955436189832059 -0.00192235
0.9841612293918405 -0.14595995834795847 0.10060996531657922 -0.00121399 -0.14676139727624674 -0.9891717579263244 0.0005706053527746672 -0.00120218 0.09943725072358307 -0.015327226755260168 -0.9949257807939886 -0.00188858
0.9855301908314884 -0.1399248857865155 0.09566226684163731 -0.00114436 -0.14128625615148074 -0.9899398015636045 0.007575163556617735 -0.00113292 0.0936399315588611 -0.020981315922552084 -0.9953850248018654 -0.001766
0.9859394508428857 -0.13782142378585388 0.094491557386198 -0.00121413 -0.13967969586994722 -0.9901072737573214 0.013310485134796969 -0.0011305 0.09172230826417382 -0.026321884402235915 -0.9954366763226113 -0.00189758
0.9865739614342501 -0.1345313549619603 0.09259121530701359 -0.00112563 -0.13690790335638495 -0.990386207969604 0.019783454252153013 -0.00124901 0.08903956771284025 -0.03219430998930271 -0.9955076502899529 -0.00188392
0.9857475028055392 -0.13599244902145266 0.09903491567013656 -0.00118838 -0.1390678032200243 -0.9899720344625104 0.024809616879648038 -0.00122586 0.09466787639004093 -0.03822858604900146 -0.9947746319586633 -0.00201611
0.98767590310116 -0.13441580119991736 0.08017919194586975 -0.00118804 -0.13684208432214862 -0.9902633147446481 0.025550174741327165 -0.0013187 0.07596416518121099 -0.03620717965717119 -0.9964529521003967 -0.00200389
0.9888017208225832 -0.13055030644932294 0.07230334974457467 -0.00101646 -0.1331296590201778 -0.9905798264307579 0.03206401967284928 -0.00136381 0.06743627204605557 -0.04133067812651441 -0.9968671547694472 -0.00200019
0.9900076939600295 -0.11885685526093126 0.07588025999841089 -0.000893007 -0.12265390629414896 -0.9913123128845296 0.04749650086385989 -0.00130788 0.06957575131272767 -0.05632891159082123 -0.9959850744605878 -0.00185962
0.9910841379507631 -0.1070995402080393 0.07925856414053592 -0.00121491 -0.11219890113766712 -0.9916900848094263 0.06294586780856251 -0.00153414 0.07185845869410834 -0.07127737493692929 -0.9948647635413608 -0.00230065
0.9920290261637639 -0.0952835551602962 0.08245881010898326 -0.00112453 -0.10177112173339171 -0.9917125175065649 0.07841505851505197 -0.00143083 0.07430376861035873 -0.08618193973685352 -0.9935047172678608 -0.00219652
0.9928426243907155 -0.08341242170058832 0.08547450554989994 -0.00139698 -0.0913732142624274 -0.9913799724860036 0.09389720905864612 -0.00165018 0.07690551936180648 -0.10103523177433593 -0.991905954731595 -0.00268445
0.9935250605098337 -0.07150451590731584 0.0882896276115826 -0.00138204 -0.08102015586125803 -0.9906933245478448 0.10937308188286837 -0.00150293 0.07964727542828423 -0.11581813718584663 -0.99007195224168 -0.00248935
0.9940767275368446 -0.05954688194376399 0.09091550264071406 -0.00179474 -0.07070044429497659 -0.989653301367924 0.12485107235447496 -0.00164781 0.0825403352678626 -0.13053931186560186 -0.988001306229665 -0.00300579
0.9944968697081573 -0.04754610836324132 0.09335600527115281 -0.00173683 -0.060420732040939985 -0.9882600054164188 0.14032639393206436 -0.00157328 0.08558803234280787 -0.14519479768177268 -0.9856942525174 -0.00303397
0.9947856301968394 -0.03550811116810511 0.09560713359969661 -0.00175196 -0.05018571832735233 -0.9865142785235701 0.15579143732916606 -0.00143729 0.08878594274908838 -0.1597771958396858 -0.983152228324669 -0.00293364
0.9949444129039744 -0.023440173096394797 0.09765333336029308 -0.00194616 -0.03999855880868065 -0.9844184150136217 0.17123229682304997 -0.00144349 0.09211802497011101 -0.17427260963008395 -0.9803791751196709 -0.00317608
0.9949715890502798 -0.011340399995676213 0.09951347803538733 -0.0016644 -0.029860691508672103 -0.9819718078398402 0.186653978554919 -0.00131476 0.09560269915324236 -0.1886869469139143 -0.9773726822348375 -0.0028648
0.9948677333226345 0.0007810223212437826 0.10118094285791664 -0.00205614 -0.01978006969960497 -0.9791760498913024 0.20204705432632375 -0.0013732 0.0992317592112628 -0.20301146106414625 -0.9741352086032197 -0.00348689
0.9946326551599511 0.012926028173588119 0.10265865324034279 -0.00175471 -0.009755088368591965 -0.9760317841391144 0.2174092790134262 -0.00127674 0.10300834694521749 -0.21724381267569495 -0.9706669904317036 -0.00324335
0.994264477282898 0.025084476281877044 0.10396594761281035 -0.00186963 0.00019991804071200353 -0.9725393536146582 0.23273840616357272 -0.00125868 0.10694909651858998 -0.23138274507933193 -0.9669663468980761 -0.00349211
0.9938501211005275 0.03402043968352475 0.105378111921815 -0.00199544 0.006986434923093915 -0.969004567405054 0.2469439978521641 -0.001256 0.11051301514089772 -0.2446891048491614 -0.9632829882503811 -0.0037049
0.9933666978597226 0.04297298730652253 0.10665798584833636 -0.00188872 0.013719872059862174 -0.9652122506146641 0.2611074039050516 -0.00113669 0.11416815972035058 -0.25791206568388425 -0.9593992900147157 -0.00347872
0.9928582415280108 0.05149257090732204 0.10761518188090541 -0.00184363 0.020053147680961433 -0.9612529452857156 0.2749375319006528 -0.00107846 0.11760265089695679 -0.27081597131796226 -0.9554204970488739 -0.00337073
0.9922889270116196 0.06002137726426375 0.10844408513805331 -0.00191735 0.026336711777584218 -0.9570514356379486 0.2887194609929951 -0.00105865 0.12111590705961331 -0.28363706354184764 -0.9512523078776128 -0.003573
0.9916684657247468 0.06849547147826668 0.10909639991354507 -0.002084 0.03253080855385068 -0.9526257707789201 0.30240021055333394 -0.0010656 0.12464108705382394 -0.2963317587347633 -0.9469171495876516 -0.00390191
0.9909567994065174 0.07700002928150392 0.10988911320344222 -0.00211593 0.038605026839644285 -0.9479412033962675 0.3160967048331042 -0.00107708 0.12850787373815561 -0.3089959067597559 -0.9423413691401936 -0.00407847
0.9901869475692671 0.0854909559967269 0.1105491081204328 -0.0019176 0.044606284632186355 -0.9430212935464204 0.3297288572287062 -0.000886531 0.13243899816432397 -0.32156202568214093 -0.9375808100662195 -0.00357009
0.9893683854854192 0.09390168581665226 0.1110525605412375 -0.00177403 0.05048655096645276 -0.9378849341248934 0.34325349016879025 -0.000923321 0.13638660481691836 -0.33399749062281103 -0.932654475293063 -0.00356569
0.9884916363447197 0.10231134486202136 0.11143012873125284 -0.002071 0.05630653756848199 -0.9325161132299081 0.3567117497274724 -0.000956127 0.14040604938387866 -0.3463323364618301 -0.9275451762676047 -0.00414679
0.987556236150322 0.11071876692712579 0.11168721990785646 -0.00202798 0.062063445541792446 -0.9269152677652938 0.37010297906268513 -0.00079333 0.1445019348247284 -0.35856581130070136 -0.9222525412261976 -0.00410938
0.9865617234932935 0.11912301096020132 0.11182877088530287 -0.00195862 0.06775488775720458 -0.9210836190509704 0.38342436268575203 -0.000835959 0.14867831355967964 -0.37069485426121346 -0.9167770089292744 -0.00407475
0.9855088342466803 0.12752101247645958 0.11185137012449861 -0.00160447 0.07338002247944195 -0.9150236541013429 0.39666999475123177 -0.000772117 0.15293040875726951 -0.3827141280538312 -0.9111213894236759 -0.00372754
0.9844010713804161 0.13590137915813455 0.11173784411740714 -0.0019353 0.07893642776881302 -0.9087389800413181 0.409832290729469 -0.000797042 0.15723730802894073 -0.3946191598191628 -0.9052911949574183 -0.00441763
0.9832354706655936 0.1442730244018027 0.11150472481005348 -0.00164094 0.08442544164699062 -0.9022278219067686 0.4229152423123089 -0.000888528 0.16161792607170622 -0.4064114316887817 -0.8992827109229641 -0.00426489
0.982013100726674 0.1526301881413011 0.1111498793032808 -0.00178048 0.08984410237917989 -0.8954943672057286 0.43591039855742236 -0.000857071 0.1660671769762535 -0.4180835609908173 -0.8931001224724892 -0.00475819
0.98132463631061 0.15916507888776207 0.10802053430946285 -0.002143 0.09490777315032703 -0.8890719089948648 0.447821008028736 -0.00074648 0.1673154887196503 -0.42920579947023035 -0.887574170948899 -0.0052548
0.9805988852922124 0.1656547913307115 0.10480608891113694 -0.00201902 0.0999499968963696 -0.8824622260313985 0.4596416188163607 -0.000729242 0.16862925097410122 -0.44024869078384243 -0.8818986710382472 -0.00519358
0.9798366765618963 0.17209538977941094 0.10150499534904867 -0.00218656 0.10496959152332044 -0.8756700649339227 0.4713632593171075 -0.000611878 0.17000432970829016 -0.45120407156329173 -0.8760784289577862 -0.00543694
0.9790376817583997 0.17848754737502598 0.09811938202611321 -0.0022109 0.10996544821139481 -0.8686935329042815 0.4829897991572337 -0.000647962 0.1714433372773802 -0.4620754714571266 -0.8701111657603693 -0.00580038
0.9789193779737597 0.18240697177574416 0.09189422220722163 -0.00240647 0.11442140717377648 -0.8624497137650906 0.49303978825941236 -0.000598027 0.16918804038063742 -0.4721315366231282 -0.8651399997214575 -0.00613534
0.9799708684136563 0.18356285301880604 0.07721253817988741 -0.00255231 0.12089512888532539 -0.8564889545627428 0.5018077704896772 -0.000522028 0.158244952122919 -0.48242237686866907 -0.8615260793638222 -0.00642356
0.9808342299889985 0.1845440586521106 0.06251162850298267 -0.00261664 0.12747643347844695 -0.850423136712414 0.5104216369354202 -0.000492155 0.14735661569642414 -0.49267025378078716 -0.8576491408787577 -0.00673025
0.9815205855772949 0.185172017141763 0.04825623437085178 -0.00261739 0.13378147871185064 -0.8443334940405457 0.5188482117102787 -0.000464733 0.1368205249283696 -0.5028044101924068 -0.8535032917624811 -0.00687442
0.9820359409471299 0.18561316669981737 0.03395825430954085 -0.00289533 0.14019043343687076 -0.8381512765213669 0.5271139156182333 -0.000299662 0.12630143728741944 -0.5128841877200637 -0.849115867785936 -0.00713659
0.9823743775269648 0.1858876497021438 0.019656145774830568 -0.0026635 0.1466998507949885 -0.8318717554000207 0.5352275556662007 -0.000373945 0.1158435848687204 -0.5229102831804906 -0.8444791883692945 -0.00700201
0.9821067721162732 0.18757805651820306 0.016755920631469065 -0.00240513 0.14815568702310059 -0.8244876877234079 0.546140957258491 -0.000442061 0.11625910960465564 -0.5338862477207684 -0.8375256974735584 -0.00682371
0.9818345974628577 0.18923305914901722 0.013844585586173852 -0.00241538 0.14960225353242423 -0.8169580811798791 0.5569548090580694 -0.000418748 0.11670470840102642 -0.5447663195536181 -0.8304274008708026 -0.0067556
0.9815633739580538 0.1908268013740415 0.01088461213980739 -0.00257179 0.15103952210883514 -0.8092870392088711 0.5676632372539848 -0.000300724 0.11713413535437321 -0.5555534358150359 -0.8231889055914761 -0.00698715
0.981286974242209 0.19238813137304867 0.007917138962834323 -0.00245026 0.15246864713153424 -0.801472192921517 0.5782695181448307 -0.000299035 0.11759755875208444 -0.5662412302900255 -0.815807381245836 -0.00663003
0.9810071752502383 0.19390880427994853 0.004929272793098113 -0.00251642 0.1538899398942278 -0.7935140303874968 0.5887727659951177 -0.000217813 0.11807967016764194 -0.5768317425392878 -0.808283571707473 -0.00677835
0.9807449807747861 0.19528428075906226 0.0018254789729322402 -0.00259033 0.155280237950744 -0.7854397522503755 0.599143090827917 -7.48382e-05 0.11843703131632943 -0.5873231182860803 -0.8006398843048541 -0.00673378
0.9804785585722496 0.1966217888208318 -0.0012916427446364384 -0.00242122 0.1566646437567511 -0.777224064034841 0.6094086836284295 -0.000106008 0.11881912967470273 -0.5977145024558642 -0.7928552124929776 -0.00635048
0.9802098481872837 0.19791171646865754 -0.004427866426612408 -0.00234849 0.15804008857395593 -0.7688737080565834 0.6195615800409642 -8.011e-05 0.11921402568573206 -0.6080001427168826 -0.7849355658498677 -0.00631355
0.9784405733376714 0.2064611006252795 0.005278103375961157 -0.00229238 0.15667716262656517 -0.7586750826514846 0.632348310407367 2.01021e-06 0.1345596936602413 -0.6178882851230967 -0.7746662222852504 -0.00610034
0.9764659642430884 0.21515780792274328 0.014877444830868239 -0.00210635 0.15505691930868978 -0.7483040083057866 0.6449794282982924 -0.000113178 0.14990521154821168 -0.6274936086075886 -0.7640551018789892 -0.00561677
0.9743024935192864 0.22393126923890283 0.02427833971165827 -0.00233143 0.15318800164462976 -0.7377829749673689 0.6574265875369077 8.94249e-05 0.1651305158782761 -0.6368132131994063 -0.753127375827238 -0.00571251
0.9689053546987436 0.24334271389954693 0.04479662072194089 -0.0023303 0.15078285576471917 -0.7242319600439773 0.6728689311138502 0.000127153 0.19618089622472945 -0.6451917479655661 -0.7384041334618867 -0.00569871
0.9626862642612933 0.2628145204978873 0.06452661790378025 -0.00244709 0.14786516744751702 -0.7105349093161769 0.6879506049846673 0.000242414 0.22665182297601896 -0.6527393587478219 -0.7228833105578863 -0.00545091
0.9556802803363624 0.2822408734250045 0.08375733486986213 -0.00256749 0.14418603689167933 -0.696745811378187 0.7026774943688057 0.000429465 0.25668188198952196 -0.6594583866289383 -0.7065614253290895 -0.00526106
0.9532038384468806 0.29030444588153437 0.08441428239076655 -0.00266544 0.14555430305008077 -0.6853875893299288 0.7134828640241571 0.000571207 0.2649837489993265 -0.6678077426130398 -0.695569142265769 -0.00502724
0.9517380820732477 0.2955378341421462 0.08277687915176149 -0.00277021 0.14656066432911172 -0.6746150705723364 0.7234738960239622 0.000762677 0.2696564384600254 -0.6764258238323333 -0.685371074710484 -0.00523534
0.9502656292169487 0.300695952586624 0.0810998028785463 -0.00277089 0.14744624158850894 -0.6637360959611958 0.733289847713449 0.000842875 0.2743261558261249 -0.6848622774078105 -0.6750620869323409 -0.00504828
0.9487725871451785 0.30583197917795923 0.07935602304763831 -0.0027678 0.14825815600128603 -0.6527153610776185 0.7429550299933453 0.000892869 0.27901630250030784 -0.6931301882946713 -0.6646205270781592 -0.0051409
0.9471460094051923 0.31121413448649304 0.07784728231378613 -0.00267394 0.14892354676825956 -0.6414756185290807 0.7525495386024067 0.000863702 0.2841411868874016 -0.7011809989785492 -0.653918184932689 -0.00495887
0.9454967694747223 0.3166102587048343 0.07611703485896919 -0.00266779 0.14963654648605615 -0.6300548830127155 0.7619972101967037 0.000885931 0.289214043346083 -0.7090760103646795 -0.6430913221749448 -0.00502302
0.94373376883658 0.32201695820137954 0.07531037238146816 -0.00265502 0.14955499363788766 -0.6186795071827108 0.7712774930400402 0.000957768 0.29495741630865263 -0.7166175730631289 -0.6320279871505968 -0.00510892
0.9426490208434385 0.32577420365319965 0.0726910705453618 -0.00266928 0.14984502733319272 -0.6076220685221686 0.7799627488722497 0.000981678 0.29826044204088126 -0.724338726066034 -0.6215899923861495 -0.00502477
0.9415587093498037 0.32949066916347325 0.07002210923514836 -0.0021545 0.15008307505078872 -0.5964482105499052 0.7884951507239062 0.000934091 0.30156635659640774 -0.7319053429686266 -0.6110419801479647 -0.00384913
0.9404807548777667 0.33309403944736277 0.0674115019057201 -0.00146619 0.15014222830278218 -0.5851929396729829 0.7968729727109382 0.000608999 0.30488237237469373 -0.7393223818075111 -0.6003741789697883 -0.00247646
0.9393994582619623 0.33664829922077905 0.06478101920230132 -0.000769454 0.15011937463988145 -0.5738254427209437 0.8051015679054687 0.000395223 0.30820907055903307 -0.74658709064507 -0.5895887421815882 -0.00164879
0.9383462762648849 0.34004138691145114 0.06227456147706627 -0.000359365 0.14984766252441667 -0.5624255094839763 0.8131563344878143 0.000516196 0.3115316097216984 -0.7536905210157725 -0.5787042894909116 -0.00166877
0.9373158559137661 0.34327798416109995 0.05999343166493942 -1.14332e-05 0.14925070809482932 -0.5510169409097686 0.8210387061300048 0.000471743 0.31490190914924 -0.7606185354175456 -0.5677113978012346 -0.00151913
0.9289830000827614 0.36158178818785786 0.0790518564494408 0.000287667 0.13954169070399686 -0.5399808059243608 0.8300294246523718 0.000432761 0.34281000876972945 -0.7600521953682842 -0.5520887231262283 -0.00153359
0.9218060502850645 0.3752753738163377 0.09716995145031873 0.000372944 0.12750898438491529 -0.5302419284411661 0.8382034098141818 0.000671763 0.3660806803956974 -0.7602709327141225 -0.5366311995318778 -0.00181973
0.9106622450246472 0.3954062740750185 0.11978377982340072 0.000542254 0.11463033263714753 -0.5203581452347218 0.8462194086212969 0.000442545 0.39693092891102155 -0.7568892119128081 -0.5191960694803476 -0.0015708
0.8985357020064715 0.4153643828758463 0.1417957039472802 0.000611814 0.10133923724732877 -0.5106812880804312 0.853776891815796 0.000542842 0.4270409245187948 -0.7527795503616441 -0.5009580794272652 -0.00148742
0.8854010935722756 0.4352268915991442 0.1632251706384915 0.000657103 0.08767250756960288 -0.5012126060978046 0.8608713346982255 0.000415453 0.4564848682239925 -0.7479060611584807 -0.4819316224994273 -0.00139008
0.8714212644647874 0.45483163769961243 0.1837203341660353 0.000699924 0.07384803033589782 -0.4919018909632194 0.8675131111875586 0.000360149 0.48494478887199055 -0.7424019874800293 -0.46224218839435555 -0.00116837
0.8564322128287247 0.47433918387315643 0.20377979161791662 0.000772704 0.059554897009945346 -0.48286276639869663 0.8736685659149769 0.000331038 0.5128129084485183 -0.7361018186829492 -0.4417884487627828 -0.00104287
0.8401374866446254 0.4942301907818155 0.22339543874981402 0.000784719 0.044994636070854105 -0.4739753004619398 0.8793877968660156 0.000506511 0.5405039188195614 -0.7287550569785323 -0.42044212523118185 -0.000703732
0.8229041167271114 0.5138548908961953 0.24244992426402653 0.000903842 0.02998544864999647 -0.4653944546081637 0.8845953167913723 0.000314985 0.5673884802697631 -0.720667158070929 -0.398383182043544 -0.000859681
0.8047294076533628 0.53326970365236 0.26083328703290953 0.00110793 0.014654751019780754 -0.4570897395463963 0.8892998416023451 0.000505834 0.5934608822242763 -0.7118232878797462 -0.3756484900830189 -0.000690982
0.7865033340097851 0.5501549125844469 0.2806101882517664 0.00139313 -0.003738098435076387 -0.4501170913522956 0.8929617184922534 0.000667194 0.6175747179180684 -0.703366317242835 -0.35196205982558615 -0.000641146
0.7611877915353682 0.5711827091820718 0.3071538030839564 0.0016347 -0.025821279875185787 -0.44654666925789477 0.8943876864538599 0.000798776 0.6480172895248371 -0.6887280921423994 -0.3251572043962343 -0.000646154
0.734394444683927 0.5915641407226802 0.33274114117196796 0.00173297 -0.048172265667470515 -0.44357951508307897 0.8949394653378089 0.0013178 0.6770112498606274 -0.6732674663235241 -0.2972653467063617 -0.00101695
0.7080003898306823 0.6091574507955153 0.3572991017899586 0.00194093 -0.07201427953557216 -0.44102540723147865 0.8946007677837533 0.00151109 0.70253070505322 -0.659108329727836 -0.2683781253023575 -0.000804894
0.680319360608957 0.6262477075595065 0.3807615741603705 0.0019922 -0.09587715201132091 -0.43900757061932316 0.8933531914428462 0.0017225 0.7266176018393846 -0.6442718073262118 -0.2386225030918055 -0.000250335
0.6513961617902049 0.6428091558198155 0.40308737216539753 0.00224303 -0.11971662671244171 -0.4375297264925712 0.891199005679388 0.00203628 0.7492335882043619 -0.6287798721568242 -0.20805024075175832 -0.000482356
0.6213216197075946 0.6587793694326864 0.42422775403526247 0.00241206 -0.14349683101736238 -0.43659081200747424 0.8881425124148876 0.00253133 0.7703039039054039 -0.6126974826784635 -0.17673055861273107 -0.000326794
0.6074880948204224 0.6571208555986638 0.44626269818206105 0.00253957 -0.1802990919445955 -0.43307589478780123 0.8831407061152258 0.00287037 0.7735957937420599 -0.6169582242672719 -0.14461015667499638 -4.01776e-05
0.5927934666696502 0.6556015481456572 0.46774193306009626 0.00265257 -0.21685544635915072 -0.4293999384858265 0.8766923110263609 0.00308413 0.7756091936395233 -0.621129859930583 -0.11237471176587094 4.30839e-05
0.5713838446388256 0.6618549126531024 0.485251045009394 0.00277944 -0.24658337080898265 -0.42550315898363167 0.8707144784229961 0.00268988 0.7827625076140491 -0.617167024631019 -0.07992321553754611 0.000370572
0.5493060687140131 0.6680845483137605 0.5019221843855431 0.00289008 -0.2760947507458902 -0.4218179320329193 0.8636210516343594 0.00325962 0.7886916580543509 -0.6129703651236906 -0.047252513114209305 -0.000246136
0.5265953405788959 0.6742823702610944 0.5177264069329258 0.00297961 -0.3053423201140938 -0.4183472576904348 0.8554248298537023 0.00333894 0.7933873044282592 -0.6085465118936874 -0.01441277329618873 -0.000189767
0.4930912026251648 0.6955985104155581 0.5224976346370622 0.00297875 -0.3179749002721711 -0.41493458850013293 0.8524794719306311 0.00341088 0.8097857918552109 -0.5864912612937055 0.016582271724549402 -0.000238162
0.4586103624728279 0.7180149523777701 0.5235752702281589 0.00291032 -0.32734678864189215 -0.41125568513913047 0.8507131369660308 0.00302897 0.8261480590053949 -0.5615365434258865 0.046433770027056454 -1.45945e-05
0.4234635789837326 0.739397001794118 0.5234220773067919 0.00292882 -0.33677525064401115 -0.4078878486233567 0.8486518329085688 0.00324818 0.8409881258543142 -0.5356487437521709 0.07628496240262289 5.32533e-05
0.3935812629440339 0.7529177949694461 0.5274548165271851 0.00296174 -0.3546409726899331 -0.40499370861155265 0.8427395068908298 0.00336511 0.8481294535322526 -0.5187435686381162 0.107617563843801 3.49795e-05
0.3641319018702214 0.7659213220462009 0.5298796905669954 0.00289997 -0.3718370258895624 -0.4020717739753416 0.8367051540118098 0.00342093 0.8538999849033726 -0.5016999272546501 0.13839074670908624 -7.46728e-06
0.3344513626114865 0.7783591669003104 0.5313184481547534 0.00286665 -0.3889453187483426 -0.39952645436337175 0.8301205643083318 0.00366586 0.8584077265909661 -0.4842887770391628 0.16911698720956997 -0.000297022
0.30489916545753104 0.7902298372366663 0.5315762440555571 0.00279793 -0.40575030866376194 -0.39718296161412664 0.8231721460440055 0.0038467 0.8616282179238115 -0.46667172546056757 0.19953524684399393 -0.000420461
0.275149179530908 0.8015667448619472 0.5308330081437009 0.00286328 -0.4223789479839808 -0.3952181482673755 0.8157197065046626 0.00363366 0.8636486283804394 -0.4486572955068593 0.22982096920224004 0.000103884
0.24600112603054125 0.8125924676960414 0.5283719593575757 0.00278168 -0.437964507632153 -0.3931137403626814 0.8084854217563778 0.00360992 0.864679441207105 -0.43029648915802265 0.2591802372327955 0.000404539
0.22682676537571805 0.8243528132745772 0.5186444425186478 0.00266041 -0.445393372318156 -0.38577788465055496 0.8079604987928578 0.00359885 0.8661260661152332 -0.41426786377998626 0.27965652975555083 0.000635158
0.20766200987287764 0.8356881491425954 0.508430729832669 0.00265945 -0.45291162077659153 -0.37855253420226703 0.8071982672271805 0.00373905 0.8670337671746574 -0.3978986004394398 0.2998818939970488 0.000519634
0.20636663207493966 0.826328144386269 0.5240177582498441 0.00263388 -0.48202151023953255 -0.38020017901135 0.7893687905827907 0.00370834 0.8515092934504279 -0.41548721000156286 0.3198473096536385 0.000343334
0.2044700321564839 0.8168303956795211 0.5394257230091676 0.00242309 -0.5106079872680069 -0.38115503087808267 0.7707141660657617 0.00370887 0.8351475853332996 -0.43302303302522455 0.3391453428570029 0.000603754
0.20730772516225726 0.8008900358158136 0.5617816814555224 0.0028521 -0.5440117218852335 -0.3828980148130423 0.7466192849797639 0.00422856 0.813065036475873 -0.4603957653836266 0.3563158510048511 0.000708044
0.20902113453208532 0.7844700003502865 0.5838809672093632 0.00274202 -0.5766549420651563 -0.38334093941219394 0.72146988985155 0.00447301 0.7897969632195043 -0.48750030022657237 0.3722421445353154 0.000427432
0.20962365362104413 0.7675945453768129 0.6056868314156487 0.00274709 -0.6084814674521877 -0.38247991181523966 0.6953124627281169 0.00425239 0.7653810995901302 -0.5143031508415736 0.38689021882781266 0.000462039
0.20626193593393338 0.7546566077981757 0.6228558565923064 0.0025172 -0.6358349259925423 -0.3804659361966663 0.6715352695741691 0.00432249 0.7437539651476446 -0.5345456722306748 0.40136138781229536 -6.09466e-05
0.20215275300395763 0.7415356180735485 0.6397336880149439 0.00264129 -0.6624379590666508 -0.3775846334186744 0.6469975231743131 0.00437288 0.7213253183138183 -0.5545762091312302 0.41489156827429374 -3.79562e-05
0.2118275042751897 0.7226366742714733 0.6579706265711334 0.00267333 -0.689553495207586 -0.3665828235589483 0.6246062845653662 0.00440954 0.6925641383146739 -0.5860147357101306 0.42064431988443585 4.05219e-05
0.2204419157092518 0.7030942952593409 0.6760649183119962 0.0025628 -0.7157556859319143 -0.35427108880865743 0.6018187382347473 0.00438112 0.6626455763487522 -0.6165633849070988 0.4251475420807825 -9.04724e-05
0.22795956389793037 0.6830605067908708 0.6938751914357968 0.00245089 -0.7410040785724294 -0.3405841822198206 0.5787187316483547 0.00435975 0.6316228247668776 -0.6460888165602733 0.4285111997944224 -0.000347752
0.23409635105286375 0.662675200944178 0.7113792775146937 0.00237082 -0.7652867238492679 -0.32568074598785224 0.5552191297072268 0.00428952 0.5996124821280728 -0.6743838890026875 0.4308958592627945 -0.000493563
0.23264125666541474 0.6590775626976607 0.7151886548636294 0.00228177 -0.7853337182103622 -0.30647492967658896 0.5378885279698918 0.00421446 0.573697652722254 -0.6867968286387472 0.44629712012597084 -0.000788521
0.2330551433827604 0.6441644284517163 0.7285173225533585 0.0021919 -0.808715628613353 -0.28765768022234467 0.5130614885621491 0.00418857 0.5400595635477163 -0.7087349632454806 0.4539057387763203 -0.00106939
0.22896598739742458 0.6328971296433116 0.7396051648713523 0.00222489 -0.8312330788714374 -0.2682803992797264 0.4869057362079666 0.00419141 0.5065828117939196 -0.7262691310055581 0.46465794316184716 -0.0013033
0.22030688520632877 0.6137681656289022 0.7581249997139111 0.00236643 -0.8569447935432875 -0.24948417283801322 0.4510025147628166 0.00418141 0.4659511746414401 -0.74903023060746 0.4710023529520819 -0.00148038
0.2107093776824705 0.5946518971651671 0.7758805831792243 0.0022788 -0.8805676272959322 -0.229205459331151 0.4148078002776806 0.00433752 0.42450231084774803 -0.7706192176494583 0.4753354704566643 -0.00144229
0.19985700284790278 0.5755873057436297 0.7929416320760578 0.00219628 -0.9021772726184681 -0.2076322185423441 0.37810716813343537 0.00433956 0.3822739164308169 -0.7909412843504713 0.47778503275706663 -0.00170041
0.1877394879367656 0.5566025494798628 0.8092882592635076 0.00220301 -0.9217329411887467 -0.18483356202231555 0.3409471212339029 0.0041471 0.33935566857912347 -0.8099568854344409 0.47833834671763076 -0.00227809
0.17440791582637005 0.5377484396369651 0.8248687741484163 0.00205197 -0.939172176164364 -0.16086219303727867 0.30344518182025865 0.00409798 0.2958673730166853 -0.8276170433958248 0.47698273245994877 -0.0027094
0.15992179781841742 0.5190865570967571 0.8396273964229375 0.00209936 -0.9544399911492161 -0.1357694552903087 0.26572722537455107 0.00388394 0.251931184805712 -0.8438695404217456 0.47372447358225245 -0.00299453
0.14431866585023206 0.5006547530332058 0.8535320386209697 0.00197613 -0.9674961681958351 -0.10962364816739273 0.2278899302050182 0.00384339 0.20766147262693052 -0.8586777474860585 0.4685608164995055 -0.00340592
0.12760679802005603 0.48252735090234566 0.866535550759594 0.00209464 -0.9783091312924527 -0.08250668314552456 0.1900102388455166 0.00361206 0.16318011131530358 -0.8719862400677479 0.46153249983466665 -0.00369888
0.10982380875447295 0.46476589748791886 0.8785962619786806 0.00200496 -0.9868488922872579 -0.05449523770929221 0.152182564239205 0.00345717 0.11860857819767079 -0.8837550167321582 0.45266883654463114 -0.00408923
0.091059928531185 0.44738862435006316 0.8896918051876468 0.0018283 -0.9930880264952298 -0.02564186760844739 0.11453674631907901 0.00331734 0.07405579685416713 -0.8939719869367884 0.44196133940038845 -0.00446662
0.07126419340173556 0.4304744384143623 0.899785070231019 0.00181209 -0.997017260555973 0.003944400356583111 0.07707803746392616 0.0031045 0.029631012339497387 -0.9025941499797495 0.4294715398371237 -0.0048291
0.029461985094354104 0.43265336072900257 0.9010788316702374 0.00174665 -0.999466967753798 0.025434103865496438 0.0204667224925702 0.00291635 -0.014063136326182557 -0.9012015178695933 0.43317208172527977 -0.00511204
-0.012323616442303398 0.4357340090188896 0.8999911121017301 0.00179022 -0.9982481632650085 0.04672758507260877 -0.036292386685346234 0.00277531 -0.057868238402595085 -0.8988617280636706 0.4343948213394954 -0.00534534
-0.05452785091847229 0.4403095653499305 0.8961887078822008 0.00174601 -0.9933325422307868 0.06738030191008998 -0.09354333466275444 0.00261932 -0.10157349073225658 -0.8953141245260576 0.43369971686018405 -0.00557868
-0.09633972572574812 0.4457474732011375 0.8899594638981536 0.00153847 -0.9847180035283187 0.08764462095316217 -0.15049542831986262 0.0025415 -0.14508311677893476 -0.8908577947982371 0.430491903144452 -0.00577152
-0.10766505568627455 0.4735078360052017 0.8741845142907432 0.00142721 -0.9772939561876917 0.1109990902790286 -0.18048746537152766 0.00242016 -0.18249591497642276 -0.8737674354191161 0.45080562309937877 -0.00594891
-0.1179433918381031 0.5011335687267366 0.8572948749508127 0.00138007 -0.968346455941189 0.13321272839425247 -0.21109123681455605 0.00236619 -0.21998749416242624 -0.8550552703123728 0.4695593542068693 -0.00623287
-0.1505024581333364 0.5230411510825852 0.8389141579267976 0.00128658 -0.9535334024612923 0.14723372031578594 -0.2628617164833336 0.00230816 -0.2610039472621341 -0.8394940058607789 0.4765781715914062 -0.0064358
-0.18138286560985 0.5451338223605048 0.8184921329993249 0.00126757 -0.9359187935015126 0.1598368056848271 -0.3138601719223766 0.00222479 -0.3019209632235431 -0.8229710269912887 0.4812093314754728 -0.00654172
-0.21079386631503727 0.5673659990400978 0.796028748888625 0.00114403 -0.9155020159081725 0.1708754763593689 -0.36422195217618414 0.00216048 -0.34266894343087173 -0.8055416778244252 0.4834052135587487 -0.00678653
-0.26025551208886527 0.5865692100010897 0.766944346289912 0.000967916 -0.8848312282675246 0.17302593067366842 -0.43259186862110033 0.00210807 -0.38644632992169414 -0.791200726234 0.4739838023570476 -0.00702963
-0.30728394270732456 0.605693154512506 0.7339702862724968 0.000922658 -0.849307873735636 0.17334957507541804 -0.49862416751680305 0.00201894 -0.4292466821827449 -0.7765859433429512 0.4611524242994328 -0.00717838
-0.320762289675808 0.6292324061848222 0.7079393565333069 0.000857018 -0.82452300174168 0.1823319352116663 -0.5356462312019556 0.00196914 -0.46612591981225765 -0.7555273948764718 0.46033138332113427 -0.00725588
-0.3327119785669077 0.6525053141226059 0.6808373920106416 0.000899303 -0.7980303830222174 0.1898491594531626 -0.5719307689120599 0.00195522 -0.5024442726228511 -0.7336171424501245 0.4575539762823696 -0.00747147
-0.34312582537755904 0.6754706706540943 0.6526898505761193 0.000734764 -0.7698706721900181 0.19584348076397873 -0.6074080005597049 0.00198912 -0.5381113416948747 -0.710904145527621 0.4528261032791556 -0.00762317
-0.3546334328029146 0.6988461708282693 0.6211675763085888 0.00076171 -0.7384230313873842 0.1981937457865695 -0.6445546259610236 0.00189862 -0.5735560609522726 -0.6872650643308987 0.44575797950811696 -0.00781706
-0.36423363250957735 0.7216919425256034 0.5886379201533816 0.000844804 -0.7053708824572795 0.19892438219527014 -0.6803535906788971 0.00181428 -0.6081001390645429 -0.6630157089103175 0.43660553203988656 -0.00791132
-0.3627058057107728 0.748584715583381 0.5550364151104388 0.000703027 -0.6755220445351625 0.19908803312172568 -0.7099534649642584 0.00176312 -0.6419614208429762 -0.6324435774538871 0.4334750921178702 -0.00769447
-0.3592570975011356 0.774343244094679 0.5208904666242107 0.000718343 -0.6447171684892624 0.19761865546854418 -0.7384352643705423 0.0017432 -0.6747400318272567 -0.6011151365052565 0.4282364791958051 -0.00769602
-0.3536629624554416 0.7990480622214079 0.48625580021985776 0.000583959 -0.6131538740058439 0.19453750157892347 -0.765635348760137 0.00179787 -0.7063744302980304 -0.5689264932657326 0.42113870575083656 -0.00752947
-0.34616858554307967 0.8225652591905036 0.45116926397524426 0.000707071 -0.5807966423266065 0.18977318084227945 -0.7916194793555449 0.00177748 -0.7367785085391971 -0.5360713890946462 0.4120496270461763 -0.00753595
-0.36467537834336505 0.8289852338294985 0.42402281839869793 0.00091233 -0.5374854591735323 0.18444409367945613 -0.8228546393402549 0.0019331 -0.7603428500401254 -0.5279809261700801 0.37830528940717134 -0.00764522
-0.39379657599077483 0.8066199627595575 0.44078168339407175 0.00119367 -0.4998818981286265 0.2144925446245412 -0.8391132439806981 0.00195282 -0.7713898785058456 -0.5507787069034704 0.31874828840399677 -0.00771894
-0.42332626113103294 0.7834059291069242 0.45504947739442353 0.00108105 -0.46189918412487874 0.24546581979260373 -0.8522884928346253 0.00187635 -0.7793869516110674 -0.5709830834216216 0.2579424317648139 -0.0075964
-0.4284875477554859 0.7786276734329279 0.4584074253138961 0.000920518 -0.430192699686922 0.2703435890488379 -0.8613063247162825 0.00189554 -0.7945644483329011 -0.5662625627962864 0.21912107936210495 -0.00745634
-0.422166854644599 0.7874999858963277 0.44901995395836236 0.000752292 -0.39701591219245913 0.28467773964252524 -0.8725462452030909 0.00192953 -0.8149561413385851 -0.546628170482739 0.19246851931996029 -0.00735059
-0.39079324648284547 0.8086520515756679 0.4397300285241641 0.000635217 -0.3758866955289486 0.29587496087897275 -0.8781612606174305 0.00195505 -0.8402320099994562 -0.508468157318952 0.18833561098460389 -0.00738544
-0.35821850868677313 0.828544634288352 0.43034089862131975 0.000758296 -0.3542042571225114 0.3058666349329534 -0.8837335265061981 0.0018664 -0.8638395940627599 -0.46899828424715184 0.1839069468582244 -0.00746452
-0.3246964772199539 0.8468933176452182 0.4211221986654554 0.000744786 -0.33204862022360304 0.3148374056143901 -0.8891687814096947 0.00187064 -0.885616119709072 -0.42854301599008165 0.17898316110062207 -0.00745619
-0.2905078168512189 0.8666418820259523 0.4056316761137539 0.000698864 -0.3057847832359495 0.3176031049619941 -0.8975655597558561 0.00188028 -0.9066977857531588 -0.3847858053995952 0.17273971539082372 -0.00745065
-0.2542492941174304 0.8829268730793096 0.3947118356917883 0.000620343 -0.2825420411845508 0.322509447144588 -0.9034144405895668 0.00198102 -0.9249471830348239 -0.34121517155144954 0.16746616165380662 -0.00737229
-0.2171723207155204 0.8974629000013807 0.38392255239324835 0.000651264 -0.2590089576602694 0.3262304697625875 -0.9091138765029506 0.00196389 -0.9411432106575364 -0.2968737504724742 0.16160270206166472 -0.00742456
-0.1793240663821536 0.9063193277526873 0.38265932022895516 0.000750847 -0.2417301824810844 0.3364472606657587 -0.9101482075289545 0.00190388 -0.9536295916622086 -0.25571178489155344 0.15875164557807053 -0.00752685
-0.1412399650712433 0.9134491172405146 0.3816568910411534 0.000746072 -0.2240282520673645 0.3460291086757269 -0.9110846273671418 0.00190967 -0.964293842426838 -0.21418348713569602 0.15576526986487646 -0.00755025
-0.10288201896437271 0.9189244423538407 0.38077967306369837 0.000763314 -0.20592921452001467 0.3548404687600097 -0.9119656793637281 0.00190744 -0.9731435910393615 -0.17223852929835148 0.15272668478087464 -0.00762268
-0.06461392020310508 0.9226152816491395 0.3802710656669345 0.000900098 -0.1874697770532479 0.36305996528785645 -0.9127116435637195 0.00184459 -0.9801429099920034 -0.13026320920605222 0.14950375353063208 -0.00776238
-0.028342441377891325 0.9237499877550746 0.38194589425629355 0.00102899 -0.16882069687801743 0.37218709203620304 -0.9126753753812222 0.00175991 -0.9852391985311794 -0.09034782036183225 0.14539942583622786 -0.00790986
0.006372274489789553 0.9230188589825532 0.3847019366735397 0.00110054 -0.14952951882102533 0.3812639078309711 -0.9122931302967314 0.00169083 -0.9887367279104075 -0.051710913238910805 0.14044808412014173 -0.00802761
0.025923204667104127 0.9141846795682185 0.40446799515232473 0.00120129 -0.13106233482745716 0.4042196308981487 -0.905223262176873 0.00158448 -0.9910351415814491 -0.029544231912809582 0.13029384678993555 -0.00814944
0.04494577169588437 0.904484191670254 0.42413231971316345 0.0011696 -0.11198772873316298 0.4264471045711856 -0.8975531269044971 0.00157794 -0.9926926141660617 -0.007156397240228318 0.12045812450262999 -0.00821348
0.05863722373786512 0.8981775137636067 0.4357049801892807 0.00118586 -0.0858027991858138 0.4393753484362648 -0.8941963894125216 0.00156984 -0.9945851173450135 0.01504848683213339 0.10282989545783194 -0.00828397
0.07179013518682764 0.8914642878879299 0.44736741042494627 0.00109928 -0.05923771777716491 0.45154373145017634 -0.8902803779600015 0.00164052 -0.9956591129911929 0.03741232428647445 0.08522469541789923 -0.00831158
0.07340563770132003 0.8880448693030765 0.453858923519351 0.00103701 -0.02228500354132501 0.4564336158783802 -0.8894783487603001 0.00175694 -0.9970531535333637 0.05517847769437623 0.053294883699146534 -0.00827515
0.06283440394087009 0.8854773962920727 0.4604146156859133 0.000919325 0.026704297766087293 0.45966936483874077 -0.8876885464562267 0.00188469 -0.9976666367891711 0.06807242969484961 0.005236998493797385 -0.00822359
0.05166886624674755 0.8830091157140123 0.466503193801215 0.000940509 0.0757094634275442 0.46231944148263004 -0.883475416282028 0.00192257 -0.9957903420943033 0.08096687960609134 -0.042964624967101184 -0.00823099
0.037968473645597633 0.8803223088534613 0.4728541292448806 0.000939863 0.12569063231280664 0.4652300000495651 -0.8762208123542194 0.00196161 -0.9913426551691549 0.09270210131810602 -0.09298419464283819 -0.00825258
0.023232407004209088 0.8776153980395964 0.4788021181955986 0.000947607 0.1756748363652632 0.46789532015581214 -0.8661479788375241 0.00193306 -0.9841740735930962 0.10423618613557967 -0.14330460692901686 -0.00831295
0.008156241714351087 0.8750442790037314 0.48397415788855586 0.00093643 0.2251196451848138 0.4699591327917517 -0.853498423465145 0.00195286 -0.9742969881268033 0.11591343014709005 -0.19315655732740494 -0.0083554
-0.007033500810862681 0.8729456807778109 0.48776671501621327 0.000945033 0.273768114586205 0.47082358839937954 -0.8386752458744959 0.00189479 -0.9617700085271208 0.12763615090598673 -0.2422962312534927 -0.00843251
-0.0225679253775396 0.8708951017442959 0.49095051736600365 0.000893983 0.32168641040882257 0.4712851547261734 -0.8212235726603405 0.0019 -0.9465772774065733 0.139398797313749 -0.29079104732615135 -0.00851156
-0.017067430789812876 0.8582724568342559 0.5129104138598914 0.000914828 0.3563905148870267 0.48451298874946713 -0.7988948395324749 0.00190299 -0.934181194257728 0.1691613241043855 -0.3141495547067609 -0.00853372
0.00719611910010004 0.8330454406290144 0.5531577620508532 0.000981526 0.3786947459926313 0.5097002341103596 -0.7725257022943773 0.00197149 -0.9254936548823409 0.21503712515529894 -0.31180206794931725 -0.00850991
0.03060877923318961 0.8051498893021316 0.5922809792578345 0.00089937 0.4016843725114172 0.5326946467317258 -0.7449067580734324 0.00197352 -0.9152665008149066 0.26071070001081165 -0.30711099522145036 -0.00850518
0.052760854603455754 0.7746560275377388 0.6301780155011466 0.000747366 0.42520646735149564 0.5535640600265734 -0.7160770151103566 0.00202184 -0.9035572767367738 0.30573660305293265 -0.3001822399971042 -0.00855216
0.07356307228104392 0.7416721139754117 0.6667165437784023 0.00064468 0.44918143284044687 0.5722385245816173 -0.686133450121809 0.00194363 -0.8904069377469929 0.34995077701856586 -0.2910497189074831 -0.00870859
0.09289375487750956 0.7063501529519541 0.7017408437090631 0.0002993 0.47354036153918766 0.5886344271224186 -0.6551862614551659 0.00221687 -0.8758597355159627 0.3931653248075325 -0.27980484461655575 -0.0086352
0.11063869618127314 0.6688562371060007 0.7351125172323684 0.000113911 0.49820927036514756 0.602683165042403 -0.623346232439644 0.00205205 -0.8599689539916747 0.4352060852732563 -0.2665502982770642 -0.00886126
0.12662639009965007 0.6294353942026584 0.7666660562821831 -0.000134718 0.5231205552821624 0.6143011139160056 -0.5907444676701061 0.00195598 -0.8427992892567088 0.47586261249072614 -0.2514838604401638 -0.00893707
0.14114129708184095 0.5878569766009928 0.7965571601081718 -0.00011765 0.5480779382555226 0.6236572531358797 -0.557370795977494 0.00197412 -0.8244329614077979 0.5152434431145626 -0.23416764608250096 -0.00880115
0.15398121553330846 0.5444842582932414 0.8245160263656152 -0.000223608 0.5730649061490898 0.6305693911912438 -0.5234298961972262 0.0019157 -0.8049139075722446 0.5530995709305541 -0.21492897904474717 -0.00884789
0.16514045038307149 0.49943871571402515 0.8504643442809352 -0.000619841 0.5979866624730019 0.6350243434348521 -0.4890358215402369 0.00220757 -0.7843089844899622 0.5893259306114568 -0.1937894846405867 -0.00866855
0.1745738945888723 0.4528737559546407 0.8743164853161638 -0.00414718 0.6227577159667061 0.6370112671048135 -0.4543010816467985 0.00433834 -0.7626904893415181 0.6237964465665513 -0.1708250880840959 -0.0101861
0.18225598470314186 0.40494747018809457 0.8959912401514594 -0.00423336 0.6472911243864474 0.6365235639338718 -0.41934705536995326 0.00411997 -0.740133066637626 0.6563956877868595 -0.146108674363978 -0.0103444
0.18325536586735347 0.3800086807228381 0.9066481530649642 -0.00435069 0.6690440458809376 0.6275192915290104 -0.39824565713915183 0.00388273 -0.7202760134504609 0.679568202121183 -0.13924626786271388 -0.0103984
0.18348248013491616 0.3549748324949846 0.9166935408186849 -0.00474411 0.6902761996310047 0.6174161696664434 -0.3772479842986509 0.00380958 -0.699894954765726 0.7019901293676254 -0.13174562825349123 -0.0104427
0.18289679687146418 0.32974029134900057 0.9261857815553178 -0.00428501 0.7109952913799795 0.6062773939340507 -0.35624909437082664 0.0035818 -0.6789951821107838 0.7236705478777014 -0.12355760116128539 -0.010476
0.1815399945749777 0.3043053952036555 0.9351157451458423 -0.00438906 0.7311697857208567 0.5941171538625946 -0.33528428524928877 0.00363843 -0.6575971219665073 0.744595886327716 -0.1146428857156408 -0.0105111
0.17934254034786912 0.2788014560446913 0.9434542921249196 -0.00443662 0.7507684287091275 0.5809511674682433 -0.3143922827788765 0.00334426 -0.6357538986708622 0.7646996071168373 -0.10512607288467468 -0.0105769
0.17636398050345037 0.25318437328198934 0.95120629702856 -0.004691 0.7697669184310099 0.5668014971851595 -0.29358977175284684 0.00356432 -0.6134774956509861 0.783985800837278 -0.09492958661727358 -0.0104963
0.17259979068892572 0.22751979273774875 0.9583548696420917 -0.00478934 0.7881376799643018 0.551684016457328 -0.27291709987832935 0.0033778 -0.5908031056744932 0.8024210178566374 -0.08409637582732737 -0.0105035
0.16805583511080402 0.20179487576756577 0.9649021009403818 -0.0044492 0.8058622397816171 0.535624370091837 -0.25237389852731984 0.00341479 -0.567752839516779 0.8199910745109822 -0.07260406974102168 -0.0104727
0.16273996476361768 0.17607079319387253 0.9708320038260053 -0.00464626 0.822913206761248 0.5186399290028842 -0.23200534084758134 0.00336415 -0.5443616059262958 0.8366670184894129 -0.060487537273231584 -0.010525
0.1566584525014588 0.1504012928695428 0.9761339971351362 -0.00464613 0.8392644701863126 0.5007549884383503 -0.2118480366607054 0.00296073 -0.5206661870553302 0.8524223675252061 -0.047778959804355425 -0.0105003
0.14981978428797 0.12479975119011305 0.9808053090898277 -0.00515582 0.854897081921564 0.4819946145752576 -0.1919170936692297 0.00303095 -0.4966940824671673 0.8672405742487693 -0.034478613933336566 -0.0106664
0.14224052026980483 0.0992933105296469 0.9848393132270048 -0.00513872 0.8697898499691132 0.4623832077879691 -0.17224223072874772 0.00305415 -0.4724756621076716 0.8811030630066898 -0.02059468562873612 -0.010609
0.13393421980515424 0.0739418612332649 0.9882278208604258 -0.0051432 0.8839187081173991 0.4419501862481742 -0.1528651376713243 0.00287157 -0.4480506022819894 0.8939869316900362 -0.0061663410692117115 -0.0105071
0.12490917100792542 0.04875662121690105 0.9909694702086562 -0.00505752 0.8972685262343242 0.4207222339360933 -0.13379833220600135 0.00296422 -0.42344644387147373 0.9058783548354244 0.00880428380210585 -0.010399
0.11516667175573425 0.023778059232819837 0.9930615497620616 -0.00531303 0.9098230981670178 0.39872671243768043 -0.11506058765019556 0.00292881 -0.39869608445340426 0.9167614808049909 0.024286200891950382 -0.0105136
0.1047277819716767 -0.0009636996525110297 0.9945004590075726 -0.0047188 0.9215654700617655 0.37599136401931926 -0.09668287631596728 0.00275037 -0.3738304108457869 0.9266226661731685 0.04026485391751328 -0.0102385
0.09360241557782328 -0.025436110475967777 0.9952846789144554 -0.00491931 0.9324794362159097 0.3525487656055808 -0.07868588758119271 0.0028093 -0.3488849220480234 0.935447685417969 0.05671806602581825 -0.0103051
0.08177013024666985 -0.049558706184337775 0.995418294206399 -0.00579663 0.9425530449458694 0.3284257292737016 -0.06107616404381733 0.00277167 -0.32389412353840663 0.9432287500878946 0.07356712407669336 -0.0106256
0.06928767795797008 -0.0733012656421329 0.9949000664079054 -0.00692845 0.9517661260829363 0.3036661154679685 -0.04391049484662085 0.00229412 -0.29889874359768276 0.9499546382706157 0.09080598165248133 -0.0108188
0.05617250259704576 -0.09668301188745754 0.9937288589773141 -0.00687954 0.9601096412689434 0.27829817810282487 -0.02719560271568222 0.00245721 -0.2739235782009386 0.9556163033754804 0.10845899699230188 -0.0108141
0.04243991613016951 -0.11965868424015275 0.991907582794274 -0.00677886 0.9675725763102181 0.2523554620730119 -0.010955835628730315 0.00230064 -0.2490023355136881 0.9602075400911159 0.12648840603350428 -0.0107431
0.028106288051441553 -0.1422047345485002 0.989438148670224 -0.00665717 0.9741451786963267 0.22587212387798025 0.0047910831293328515 0.00195706 -0.22416781079064685 0.9637217425828065 0.14487648352471785 -0.0106744
0.013190091591828879 -0.16435747139184642 0.9863126497624763 -0.00607334 0.9798194639574181 0.19887765462713689 0.02003737857621668 0.00190809 -0.19944883938994612 0.9661440369260099 0.1636638639966558 -0.0107877
-0.002285225211165476 -0.18600370084842255 0.9825463861907106 -0.00608674 0.9845860045495076 0.1714161748980595 0.034740389009839 0.00153495 -0.17488618410546708 0.9674808102768802 0.1827449160852916 -0.0104478
-0.018304147345251987 -0.20713352738707075 0.9781414315027009 -0.00619186 0.9884389663980981 0.143520932569836 0.04888917692234507 0.00174111 -0.15051035810143787 0.9677279802436604 0.20211182141998207 -0.0105213
-0.03484077793018131 -0.22771143241158204 0.9731051452655491 -0.00611444 0.9913730628907147 0.11523131690251703 0.06245953713881364 0.00145914 -0.12635493804320796 0.9668863672396966 0.22173223148229915 -0.0104443
-0.0518666632011201 -0.24762264850473015 0.9674672465752443 -0.00608004 0.9933836475343201 0.08660471922251467 0.07542248616824387 0.00124047 -0.10246354502842042 0.964978054960781 0.24149239198019595 -0.01022
-0.0693658743305765 -0.26693342162031114 0.9612153369044982 -0.00598606 0.994470011593573 0.05765831979537739 0.08777764065781646 0.00104336 -0.07885284725001013 0.9619886000262411 0.2614577631284246 -0.010143
-0.08730238898048787 -0.28561521965749387 0.9543595963672713 -0.00595284 0.9946313566161842 0.028438603124739725 0.09949728784324896 0.00102454 -0.055558593522050115 0.957922330960248 0.28159909540610495 -0.0101205
-0.10566241180504271 -0.3036437735419698 0.946908608853428 -0.00582097 0.9938671698912863 -0.0010183240337212074 0.11057581846157366 0.000857838 -0.032611398986031104 0.952785086892818 0.30188917643867025 -0.0100252
-0.12441068269865974 -0.3209159551589557 0.9389009168995783 -0.00606443 0.9921799332575372 -0.03065354454998992 0.12099314132458516 0.000558337 -0.010047988431654165 0.9466114883789111 0.32221999937548945 -0.00988964
-0.14352807742612494 -0.3374873751453265 0.9303235795183729 -0.00592192 0.9895721132003579 -0.06044801745807704 0.13074046795681343 0.000490282 0.01211295862037065 0.9393871985517506 0.34264408273098124 -0.00973266
-0.15996646971071504 -0.3571320826490047 0.9202539889134277 -0.00566022 0.986596965847643 -0.08825861526212708 0.13724738180466772 0.000492335 0.03220489944892391 0.9298747724155096 0.36646384825339645 -0.00960685
-0.17679295889164431 -0.3761005598651756 0.9095562756396323 -0.00559488 0.9828815911982749 -0.1161407893432233 0.14302130867209933 0.000238542 0.05184618954064263 0.9192712798297542 0.39019519052684554 -0.00948076
-0.19398516881556965 -0.39437434262010507 0.8982419674912521 -0.00562905 0.9784310359029215 -0.14405805670032662 0.14805399110345502 0.000206249 0.07101029686975974 0.9075880972019663 0.41381322303157875 -0.00927585
-0.2108280267977271 -0.41330369462257743 0.8858507770092567 -0.00571776 0.9734252441807296 -0.17165763244831794 0.15158150023642364 0.000158587 0.08941385299976484 0.8942671375118094 0.43851048979262863 -0.00907003
-0.22800376004054818 -0.43153543810461126 0.8728066515942883 -0.00551624 0.9677320874378537 -0.1992069916219354 0.15430872117969435 0.000282776 0.10727950573407113 0.879825971513003 0.4630306334365514 -0.00891844
-0.24550330410218452 -0.4489902729318053 0.8591483355553526 -0.00605209 0.9613561081313877 -0.22667178866571497 0.15625086745857275 0.000322945 0.1245895703234478 0.8643076044069657 0.4872882144387552 -0.00858886
-0.26325538415396865 -0.4657757075515039 0.8448370215425236 -0.00573865 0.9543217801852584 -0.2539979320698291 0.15733718685768483 0.000691851 0.14130301687503344 0.8476662319327971 0.511366225578956 -0.00844512
-0.28127731122709043 -0.4817717432810422 0.8299271423232306 -0.00552293 0.9466287871494816 -0.28116004084906765 0.15761653076264504 0.00137463 0.15740715844192005 0.8299668781377338 0.5351429413395491 -0.00816119
-0.29955106636976403 -0.4969212187246563 0.8144559294510287 -0.00551354 0.9382851893959538 -0.3081242677842595 0.15709977391012514 0.00178038 0.1728874257918594 0.811251340820843 0.5585527728151101 -0.00785445
-0.3180414749754229 -0.5112469840133327 0.7984210302420198 -0.00567548 0.9293097009917846 -0.3348403687284306 0.15577357642542755 0.00253484 0.18770482103030112 0.7915228668883039 0.5815999065980865 -0.00761773
-0.3367293409635751 -0.5246477157783331 0.7818939347909113 -0.00573226 0.9197074155984859 -0.36128557717543186 0.1536587173516985 0.00289278 0.2018703064529067 0.7708550486658257 0.6041778490800678 -0.00734315
-0.3555804050273652 -0.5372111228878172 0.764831213409982 -0.0059323 0.909504831198327 -0.3874022914048729 0.15073296467978176 0.00337002 0.21532193940116112 0.7492153722794697 0.6263487753262221 -0.00705745
-0.37448162512614036 -0.5490616164516793 0.7471913100286658 -0.00600103 0.8987654130078702 -0.4130883722718516 0.1468970015847309 0.00382392 0.22800053689339678 0.7265599342334126 0.6481715954460374 -0.0067473
-0.38851719003218327 -0.5910891699723527 0.7068719729844233 -0.00580777 0.8934570646738836 -0.42928261611289215 0.13210188903872133 0.00453485 0.22536385387595725 0.682883612810167 0.694896470505866 -0.00659999
-0.4023565926691075 -0.630394092929737 0.6638617777331364 -0.00599279 0.8882119814348374 -0.4444810247236104 0.11625874030045841 0.00466974 0.22178514010480077 0.6364274556144978 0.738763456979804 -0.00615787
-0.41476784839070835 -0.6774033325628738 0.6075297169472904 -0.005898 0.8853772287187084 -0.45449228118966956 0.09769303560331224 0.00518097 0.20993997906002107 0.5784129073349961 0.7882662708885588 -0.00599095
-0.42621727675266957 -0.720093301144864 0.5475440353467746 -0.00611315 0.8828867349430192 -0.4630052441536024 0.0783400098794832 0.00531516 0.19710364344474376 0.5168092312764496 0.8331016577874828 -0.00556931
-0.43669004272508705 -0.7581236815805533 0.4843039231840988 -0.00638366 0.8807212104658612 -0.470025645216541 0.058361308024432595 0.00547985 0.18339017427416865 0.45202253955474636 0.8729511256159579 -0.00516731
-0.4428083816325405 -0.8032113712627157 0.3984623322602001 -0.00644467 0.8828284454756802 -0.46821507428709513 0.03726365614541813 0.00577339 0.15663547814899514 0.36827454064135046 0.9164274055812811 -0.0049502
-0.4463143149757881 -0.8399493315494899 0.308688601469601 -0.00625284 0.8854571682205008 -0.4644276189508686 0.016510299893054747 0.00608643 0.1294956968189474 0.28069931810603316 0.9510198511704071 -0.00485635
-0.44715886931518994 -0.8680350026590441 0.2157873484509093 -0.00637553 0.8885965790610776 -0.4586745216400487 -0.0037152226342899303 0.00623521 0.10220110211593014 0.19008660488573548 0.9764333143483499 -0.00455081
-0.44533694397503226 -0.8871959606917235 0.12065792001882095 -0.00679259 0.8922151814344232 -0.45101349619532155 -0.02321413938985018 0.00583907 0.07501384104895364 0.09731471410820619 0.9924226771235731 -0.00382731
-0.4408474408746496 -0.897256125955561 0.0241863248446492 -0.00694638 0.8962882922636185 -0.4414984161413386 -0.041790497674181866 0.00627701 0.04817500415608383 0.0032546858386026875 0.9988336077619002 -0.00378731
-0.43374995507741776 -0.8980998056723579 -0.0726478872480824 -0.00710294 0.9007653685469108 -0.4302432122655915 -0.059266593675798986 0.0060176 0.021971055889174206 -0.09114558327564279 0.9955951764409352 -0.00323273
-0.42412777902183485 -0.8897118997865913 -0.16890341157046118 -0.00739358 0.9055961586808728 -0.417372821618338 -0.07546870316094484 0.00581641 -0.003350290204372261 -0.18496665416361374 0.9827390866364607 -0.00276719
-0.4120695137137408 -0.8721779726122774 -0.2636366817376866 -0.00761147 0.910736143665914 -0.40300830473366067 -0.0902440188391461 0.00594907 -0.027538926781202094 -0.27729026381327926 0.9603914395214594 -0.00257902
-0.40129369930250675 -0.8366210895608409 -0.372865283181662 -0.00782005 0.9137520731148926 -0.3938397923390516 -0.09973648704746518 0.00589465 -0.06340753723608639 -0.3807300493425289 0.9225096821981276 -0.00223084
-0.39747591333930743 -0.7751754889000875 -0.49103549741703334 -0.00790194 0.9106843602961261 -0.39887624341692296 -0.10747901353119438 0.00580815 -0.11254729773352376 -0.48989866691604056 0.8644838933877066 -0.00180919
-0.38714465961324307 -0.6997492264573023 -0.6003915660678062 -0.00772611 0.9078956899329559 -0.40285288631406013 -0.11590931019375814 0.00570904 -0.16076202516175273 -0.5899665855460271 0.791261650280774 -0.00137606
-0.3704967109566628 -0.6116939945696346 -0.6989725632510471 -0.00747046 0.9054326350198806 -0.4057024092151793 -0.12488914523670608 0.0057975 -0.20718091275803108 -0.6791435872953842 0.7041591135704388 -0.00107547
-0.34704519964400293 -0.5112630222861003 -0.7862377194251984 -0.0071697 0.903345252779677 -0.40753297127037547 -0.13373193937112038 0.00595321 -0.2520455984231344 -0.7566551389969027 0.60327938547998 -0.000830683
-0.3177563413802838 -0.4013069320890278 -0.8590597498253012 -0.00663459 0.90165111744083 -0.4082002222191932 -0.1428210103517824 0.00611745 -0.29335331927612335 -0.8199544651000407 0.4915470529178128 -0.0006486
-0.2831678733754832 -0.2838415005034028 -0.9161058661966875 -0.00615016 0.9003806829280852 -0.40769322626320736 -0.15198966763912697 0.0065098 -0.33034918086467446 -0.8678826164010165 0.37101102793712837 -0.000671039
-0.2439060901044994 -0.1610042271395104 -0.95634066004387 -0.00600612 0.8995590169926326 -0.40601744048767263 -0.16106959044800406 0.00691344 -0.3623581020995452 -0.8995707181000548 0.24386293072086093 -0.000787085
-0.20068881448730255 -0.03504417014649491 -0.979028041415783 -0.00584801 0.8992010062763924 -0.4032047352635679 -0.16989258892770714 0.00718347 -0.3887949974616492 -0.914438542275958 0.11243043337556144 -0.000822626
-0.15706361513634332 0.08622235431055947 -0.983817425347532 -0.00569661 0.89950746326416 -0.3987554208742257 -0.17855093910560904 0.00789785 -0.4076976138418993 -0.9129949725713518 -0.014927683244834955 -0.00109258
-0.11137824079153323 0.20625318840520596 -0.9721391411474337 -0.00503831 0.9002719526624994 -0.3933117974435171 -0.18659110707909027 0.00846409 -0.42083880373301363 -0.8959717921142589 -0.14187758458660638 -0.00107651
-0.06442724386836843 0.32299668612593674 -0.944204570524412 -0.00543192 0.9014807147543313 -0.38696357974197865 -0.19388581402282468 0.00919304 -0.42799725603506605 -0.8636737397333188 -0.26624428655187654 -0.00144753
-0.01695848081866147 0.4345709169427318 -0.9004779442473184 -0.00612794 0.9031148239188784 -0.3798163625932103 -0.20030762722481715 0.00986813 -0.42906412661313975 -0.816631893115874 -0.3860263286353501 -0.00180079
0.03022449444614065 0.5390985526252517 -0.8417002022649359 -0.00649613 0.9051463640875205 -0.3719895298523094 -0.20575191192161446 0.0104626 -0.42402422043394783 -0.7556431302126796 -0.49920629027263497 -0.0020738
0.07633988037639311 0.6348507237759786 -0.7688542002130401 -0.00657936 0.9075404910642111 -0.3636145942015893 -0.21013015957387843 0.0110071 -0.4129678919032908 -0.6817250071727816 -0.6039110322325818 -0.00226405
0.12062003743494858 0.7202414491227451 -0.68315668886044 -0.00694907 0.9102588605934903 -0.3548265946546229 -0.21337032229634226 0.0114467 -0.3960803116543824 -0.5961126929460338 -0.69840535796083 -0.00247238
0.16043572244249543 0.7906759168775992 -0.590840057404813 -0.00746566 0.9131063553432741 -0.3462054593088976 -0.2153568289524106 0.0116162 -0.3748295116397282 -0.5049488829718147 -0.7775149276955649 -0.00256256
0.19686134494099816 0.8488098719779832 -0.49068056014146433 -0.00774295 0.9161287155212859 -0.3375183472757456 -0.21630890376858758 0.0121688 -0.3492188246147968 -0.40694368957506766 -0.844063413523943 -0.00278265
0.2298962197424378 0.8945947821607353 -0.3832073901674168 -0.00812404 0.9193168617691881 -0.3288394226495748 -0.2161507385560949 0.0120329 -0.3193810198101755 -0.3025967776468883 -0.8980150078605209 -0.00271582
0.2591143805364167 0.9272348786786215 -0.27036127230258195 -0.00854882 0.9225842000581876 -0.32045228131867726 -0.21482255282127444 0.0118755 -0.28582885019224874 -0.19376742543445524 -0.9384860431771372 -0.0026306
0.2840866367618775 0.9463998129724389 -0.15369507740671884 -0.00891203 0.9258977936241144 -0.31242286241563144 -0.21237992090124716 0.0116684 -0.24901417344264087 -0.0819716356171796 -0.9650246589486314 -0.00251245
0.30442543643537956 0.9519042552671546 -0.034690668131539815 -0.009114 0.9292250871646777 -0.3047861256091692 -0.208916622172457 0.0110904 -0.20944185597660764 0.031364094765124514 -0.977317963881069 -0.00222338
0.3198234078561849 0.9436671451921981 0.08488407902582949 -0.00950474 0.9325179260986833 -0.29765106480194514 -0.20448511223773383 0.0110947 -0.16770004559291785 0.14455505078368977 -0.975182307059074 -0.00221654
0.3300652094636421 0.9218050452666792 0.20330375309525975 -0.00954282 0.9357264027326812 -0.29112735753610935 -0.19915059860065482 0.0108969 -0.12439074214216625 0.25596937358781535 -0.9586483312739783 -0.00201375
0.33803462981148436 0.8861709240055725 0.31691273640439604 -0.00952359 0.937778888725055 -0.2887517995390867 -0.1928552672978876 0.0106784 -0.07939360748708518 0.36238583265636715 -0.9286404919989961 -0.00176622
0.34060144746356535 0.8381172701592852 0.42608695761132165 -0.00975868 0.9396016939756819 -0.28715282637705275 -0.18625764677376225 0.0105771 -0.033753676299827534 0.46379165124484323 -0.8853010750992165 -0.0015313
0.33771127962058767 0.778330391817778 0.5292947126032992 -0.00949364 0.9411748211880833 -0.2863304616864384 -0.17945702179633394 0.0100428 0.011876345338701244 0.5587635169579478 -0.829241993954829 -0.00118932
0.32941200514202723 0.7076670932872022 0.6250560102476823 -0.00948181 0.9424736539496705 -0.2863011732485115 -0.17255448359078335 0.0100021 0.05684313924358125 0.645940340337223 -0.7612686347446391 -0.000920896
0.31595211862109235 0.6272511322992659 0.7118498969362378 -0.00949576 0.943437621287542 -0.28717854242042606 -0.16569230372164057 0.0100025 0.10049733070160627 0.7239368078793679 -0.6825069851065875 -0.00074007
0.29740699702523443 0.5381543130910575 0.7886311009730241 -0.00963277 0.9440947816771788 -0.2888306856015447 -0.15893985738279054 0.00977909 0.14224669180811333 0.7918123327887951 -0.593968945579829 -0.000468131
0.27403876300161356 0.4416330294298315 0.8543202114483626 -0.00946636 0.9444366440976782 -0.29122953041257493 -0.15239680410424128 0.00962395 0.18149981173009766 0.848613945167236 -0.496902596501204 -0.000216833
0.24616976126792417 0.33904827124393194 0.9079904836526616 -0.00932166 0.9444609941144848 -0.29433530017570225 -0.14615116033325892 0.00973325 0.21770135331130108 0.8935395910853531 -0.39267431788881696 -0.000132932
0.2141797810313677 0.2318373580482711 0.948882743446498 -0.00900191 0.9441715783452582 -0.2980947136320167 -0.14028389911058703 0.00959583 0.25033388113153754 0.925954092338191 -0.28274010476014455 -4.83629e-06
0.1872487154180674 0.13566593118920078 0.9728991076616581 -0.00899708 0.9415795775785056 -0.30703691274998446 -0.13840604501264098 0.00944016 0.2799389534547959 0.9419782849532814 -0.18523253767928613 0.000179318
0.1617319193680312 0.04193885109209128 0.9859431621683921 -0.00873257 0.9376802392141239 -0.317921420634014 -0.14029162230651465 0.00922693 0.3075687813235864 0.947189053500475 -0.09074327349174793 0.000427303
0.1443725882642504 -0.04014389889035841 0.988708765582546 -0.00880504 0.9309956912117286 -0.3330265256101537 -0.14946690665570478 0.00918016 0.3352664294305005 0.9420625247943526 -0.010706104567625552 0.000731618
0.12469115228514885 -0.12170158496509526 0.9847034278191509 -0.00845739 0.9240728863587093 -0.3471530137298352 -0.15991899747990163 0.00936161 0.36130515805685054 0.9298782228202125 0.06917422559189004 0.000731698
0.10285187250869476 -0.2020809997708417 0.9739531620427505 -0.00831308 0.9169573671274058 -0.36021156983443525 -0.17157159388484905 0.00938572 0.3855005566691584 0.9107199868724902 0.1482512270395768 0.000785003
0.07900252820860043 -0.2806971253227733 0.956539452595752 -0.00816014 0.9097005921770793 -0.37211170809402977 -0.18433043506706942 0.00951293 0.407680552797556 0.8847270768631845 0.22595257541308156 0.000787912
0.05911608292802331 -0.3509809965996189 0.9345146487697157 -0.0079952 0.9010075052085258 -0.38426209087488716 -0.2013159732221167 0.00933045 0.4297566338023825 0.8539057240365578 0.2935204424915693 0.00109064
0.037510923481101854 -0.41889708291055083 0.9072585984980389 -0.00787476 0.8921853892363097 -0.3949018630828707 -0.2192207785930248 0.00953334 0.45010905551082747 0.8176660396902323 0.3589207233978584 0.00112607
0.01433317723914912 -0.48401220483254725 0.8749438528290643 -0.00773032 0.8832886254129733 -0.403963077058337 -0.2379391447190231 0.00963657 0.4686104610935305 0.7762383770123042 0.4217324007080939 0.0011371
-0.009948190329551965 -0.5465098986693011 0.8373935539312668 -0.00773039 0.8744970112217043 -0.41087142579518876 -0.25775889670258756 0.0096549 0.4849288719734818 0.7297339255656812 0.48200870013416514 0.00115601
-0.030936862707268475 -0.6030704564212783 0.7970877838216206 -0.00768929 0.8649117971348694 -0.41585147109596265 -0.2810607357213987 0.00969047 0.500969553668446 0.6807154901859915 0.5344678921301853 0.00119513
-0.05315444575197814 -0.6560721637509654 0.7528239640499803 -0.00744096 0.855364950379055 -0.4189367796762551 -0.3047011261835526 0.00941596 0.515291574314811 0.6277430131714847 0.5834494861207339 0.00122324
-0.0762974205789555 -0.7052949767861326 0.7047962112080673 -0.00746952 0.8459324775043472 -0.4199603733541699 -0.328681499807311 0.00943562 0.527803890774173 0.5711324544555972 0.6286738203163624 0.00131705
-0.10040791338428467 -0.7503431891601269 0.6533784121095707 -0.00741981 0.8366271106638421 -0.4190958983828826 -0.35272327065408615 0.00945764 0.5384917164006193 0.5112178854849022 0.6698379990178672 0.00127005
-0.12502693537903153 -0.7852685511466762 0.6064005013270746 -0.00734141 0.8252291674454526 -0.42160806866444406 -0.37582370552470795 0.00916965 0.5507858809256212 0.453431294704101 0.700738877440056 0.00137435
-0.1390043022056115 -0.8145532559821969 0.5631880655137614 -0.00739742 0.8136162080341456 -0.41814503871922104 -0.40395964231422815 0.00881669 0.564540937392913 0.40206681007427486 0.7208576907020052 0.00167188
-0.1538417779085029 -0.8411180734213337 0.5185104569185993 -0.00757681 0.8019361035529078 -0.41285730767415313 -0.4317954716279797 0.00859108 0.5772618064520904 0.3493840724246505 0.7380376526625425 0.00180291
-0.1694916147054309 -0.8648719353838532 0.47251362724257323 -0.00758809 0.7902340639877041 -0.4057587319470991 -0.4592275858026813 0.00859902 0.5888995811324904 0.2955611389104966 0.7522239669858355 0.0018211
-0.18591531418789203 -0.8857097311569987 0.42538661013743073 -0.00775407 0.7785406431878729 -0.39690605356849057 -0.4861481785888947 0.00822745 0.5994246932309603 0.24079837369567844 0.7633519374249899 0.00197656
-0.20305694851456957 -0.9035565294477025 0.37729759309114974 -0.00750198 0.7668962563925937 -0.3863333846069553 -0.5124613623183311 0.00857425 0.6088004661553544 0.1852892712235593 0.7713817980601213 0.00171027
-0.22084314228773283 -0.9183517469184722 0.32841798890479557 -0.00775311 0.7553434118348964 -0.37406919659788374 -0.5380785875262385 0.00808526 0.6169964640920548 0.12923739818026406 0.7762815585916604 0.00193228
-0.23915231516876823 -0.9300413757900163 0.27897886921419623 -0.00752347 0.7439067324642248 -0.3601493884719511 -0.5629344467854849 0.00785184 0.6240263965120533 0.07290718278669855 0.7779946009801665 0.0026947
-0.25799687274958344 -0.938590358908113 0.22909769055181403 -0.00755894 0.7326398509193097 -0.3446423248262834 -0.586907587941463 0.00791527 0.6298225642959824 0.016425775569940626 0.7765653426470687 0.00272235
-0.2775884304649809 -0.9439333368346551 0.178702319190832 -0.00762664 0.7215794537200154 -0.32766106951065516 -0.6098863135833249 0.00789196 0.6342458161005972 -0.040349462689447946 0.7720778235512016 0.00262028
-0.30057868052721565 -0.9429101129237512 0.14343282664242762 -0.00766565 0.7037605988673641 -0.3207700442742935 -0.6338987286452913 0.00769855 0.6437184759616326 -0.08959407146896753 0.7599996224099368 0.00247698
-0.3240075813493338 -0.9397963116686365 0.1086369173079858 -0.00781348 0.685786215239641 -0.31241975635071745 -0.6573364152616583 0.00764266 0.6517026578244436 -0.13848028168582577 0.7457257252963525 0.00247084
-0.36025834779671384 -0.9308753777442629 0.06070382156222126 -0.00797683 0.6689850198545244 -0.30315930692534176 -0.6786409049230588 0.00757653 0.6501330371954834 -0.20387610388179978 0.7319573540944541 0.00246878
-0.3964089807300707 -0.9179730742555214 0.013614512051961736 -0.00785361 0.65243628854771 -0.29211314505956787 -0.6992830613346049 0.00767981 0.6458999995220897 -0.2683194838718843 0.7147152196449225 0.00252491
-0.4323022350841037 -0.9011457313347107 -0.0324214194402061 -0.00785736 0.6362143438523284 -0.2793337371090716 -0.7191689453732211 0.00760477 0.6390196289769505 -0.331525314583833 0.6940784390630867 0.00261331
-0.4672375368040148 -0.8808591287425496 -0.07600183887402667 -0.00775782 0.6201351070836569 -0.26523942798823563 -0.7382956689584567 0.00729957 0.630175795444143 -0.39209085828592094 0.6701814871249068 0.00289329
-0.5016285269466532 -0.8569780424485538 -0.11814167644982648 -0.00789139 0.6044938107063453 -0.2495460227303774 -0.7565143854264578 0.00743843 0.6188344316301833 -0.4509051089758183 0.6432173263590257 0.00285664
-0.5353395921196444 -0.8295992580103905 -0.15867133395097643 -0.00777673 0.5893560269884771 -0.23232178204434992 -0.7737480617359211 0.00708333 0.6050380108402531 -0.5077318787473828 0.6133003707337235 0.00309936
-0.5682257901973256 -0.7988404267549373 -0.19741687855047907 -0.00770514 0.5747865532882351 -0.2136401863068529 -0.7899229639362335 0.00718224 0.588846218900704 -0.5623271675606318 0.5805585992038884 0.00314444
-0.5994695221626861 -0.7666095312373126 -0.23010023601497798 -0.00738069 0.5588379163321905 -0.19507181686744154 -0.806006928961241 0.0071261 0.573006522883934 -0.6117653250063648 0.5453500819219892 0.00339859
-0.6242202855465997 -0.7442498862319616 -0.23757344539285905 -0.00726181 0.5331045801234721 -0.18348635526153648 -0.8259129882040929 0.00727702 0.5710941619063341 -0.642203133188051 0.5112989281818928 0.00347568
-0.6485793778716252 -0.7210756185928351 -0.24371036676886682 -0.00718637 0.507173667111448 -0.17066362612892302 -0.8447773659996183 0.00727427 0.5675558668434161 -0.6715086589073049 0.4763994742063966 0.00358145
-0.6725004954236304 -0.6971162721194052 -0.2485397087012765 -0.00733165 0.48112627316505485 -0.15661704729647472 -0.8625477434707247 0.00738461 0.5623705121405967 -0.6996427685915703 0.440725995866191 0.00353428
-0.6970294253150258 -0.6695348563916592 -0.25665746885996615 -0.00734496 0.4581141696348426 -0.14046212452205126 -0.8777253551963335 0.00763113 0.5516170662921724 -0.7293788231442913 0.4046296387115817 0.00341413
-0.7208538828672826 -0.6411741862620279 -0.2631830967717885 -0.00728407 0.4352080164399566 -0.12320997538722192 -0.8918594532724755 0.00744613 0.5394104763364915 -0.7574397433699309 0.36786053496146165 0.00371865
-0.7417215397697318 -0.6132499978221182 -0.2716129555319299 -0.00732347 0.4159259727219142 -0.10286522867918542 -0.9035620232967453 0.00746687 0.5261698800358565 -0.7831622979306082 0.3313639576705673 0.00383061
-0.762007329595675 -0.5845361619737055 -0.2786795740407223 -0.00717677 0.39696841961704327 -0.0816472735741384 -0.9141935224801458 0.00770359 0.5116257455105397 -0.8072491548852558 0.29425821733271074 0.00389781
-0.7816668789405891 -0.555093919044342 -0.2843723464179875 -0.0071443 0.37837931166612376 -0.05959951117681882 -0.9237299360584534 0.00766173 0.49580841750654936 -0.8296497087973198 0.2566230188860179 0.0041056
-0.8006561818248988 -0.5250139199093118 -0.2886348253538247 -0.00715423 0.3601588473161633 -0.03677595077216404 -0.9321658297452742 0.00798152 0.4787852161517382 -0.8502987200662258 0.21853330054769954 0.00394034
-0.8189065461780922 -0.4943796996814491 -0.2915146328566512 -0.00721276 0.34240971019074073 -0.013220365041523005 -0.9394577224735883 0.00798633 0.4605948968386003 -0.869145519743989 0.18010665316747765 0.0040582
-0.8385285924847359 -0.45508329790188573 -0.2996147385498776 -0.00730659 0.3305780994238693 0.012189452260749772 -0.9436999191665142 0.00800535 0.433114210996211 -0.890365435775854 0.14021936745258548 0.00412507
-0.8538304702343466 -0.4271436229168577 -0.2975262232154598 -0.00730623 0.3114839954578479 0.038711752534427005 -0.9494625431207533 0.0081765 0.41707463201807143 -0.9033547064233265 0.09999512843041776 0.00425755
-0.8607542182056205 -0.42075680219067163 -0.28647144578737865 -0.00732951 0.28818897317368003 0.06107808053277278 -0.9556236622329587 0.00824479 0.41958228225501965 -0.9051150100891666 0.06868425532068415 0.00430969
-0.8674482975828399 -0.41433619534098487 -0.2754250683053206 -0.00752373 0.2650607981334613 0.08361935833760276 -0.9605990715194663 0.00838979 0.42104183202323947 -0.9062744176801889 0.03728881259774025 0.00402212
-0.8707718262034179 -0.41714601971245835 -0.26027989728063444 -0.00746193 0.23777539436153713 0.10608880477890337 -0.9655092062413485 0.00870953 0.4303711055897919 -0.9026263699552749 0.006807917066411706 0.00407994
-0.880272342476806 -0.3957906147937247 -0.2616684778715273 -0.00758192 0.23040155507080895 0.1255327814272542 -0.9649645818412662 0.00864143 0.4147718969401731 -0.9097204570791746 -0.01931226243369224 0.0039506
-0.8894185100082637 -0.3742587789331397 -0.2624215700855317 -0.0075516 0.22334588803187655 0.14507512595709013 -0.9638826806867042 0.00877114 0.3988123974426232 -0.9159058762886119 -0.045443343033468454 0.00403276
-0.8851263197142035 -0.37169215660422467 -0.27999346218811993 -0.00769376 0.23071751337253904 0.17200943149212572 -0.9576962903243116 0.00902393 0.40412971577499956 -0.9122815882153144 -0.06649418494095455 0.0041509
-0.8896163994864792 -0.3555129868173672 -0.2866935262068306 -0.0075777 0.22938997391036184 0.19499317667508836 -0.9536025906631969 0.00910769 0.39492138665070503 -0.9141051237436268 -0.09191801298729248 0.00382229
-0.8939683955118989 -0.3391198429771396 -0.29294750370167144 -0.00757206 0.22830050094849227 0.21787114463605783 -0.9488999133742405 0.00929902 0.3856155975742529 -0.9151665949072517 -0.11734868756538241 0.00377386
-0.9011246130453212 -0.3188612836497742 -0.2937718733186326 -0.00762072 0.22297604571871454 0.24026717434871975 -0.9447504262852322 0.00951402 0.3718280715593783 -0.9168419529666498 -0.14541223635146278 0.00369031
-0.9013486526710245 -0.3218799476561088 -0.2897652595205806 -0.00766097 0.20856628896199408 0.26376554525841783 -0.9417684642432829 0.00974634 0.3795664756491947 -0.9092970012220596 -0.17061141266579744 0.00351964
-0.9014950246663489 -0.32496266524997564 -0.28584259076535623 -0.00771629 0.19397461227592516 0.28703255082863555 -0.9380757776199165 0.00982441 0.38688573286465755 -0.901116852000027 -0.19572390949329055 0.00362593
-0.9015605799493579 -0.32813525065018806 -0.28198542154181583 -0.00764778 0.17918361177705072 0.3100536041515292 -0.9336808854331216 0.00990795 0.3938042076361151 -0.8922970468590519 -0.22073564781137273 0.00326605
-0.9015419199339783 -0.3313976044914462 -0.2782045907944133 -0.00765723 0.1642131829010915 0.3328084216233048 -0.9285863368896276 0.0100263 0.40032011835935577 -0.8828443703359813 -0.24562088796113368 0.0030957
-0.9045668846126154 -0.33021486554172313 -0.2696607013220298 -0.00754193 0.14576892377366868 0.35483696732542536 -0.9234945302930394 0.00995642 0.4006372076131891 -0.8746707204397303 -0.2728387045148648 0.00330986
-0.9073447418518977 -0.329509279380253 -0.26105392974636366 -0.00750952 0.12722590648451737 0.37662656656454646 -0.9175870520430168 0.0100017 0.4006732935359004 -0.8657806097159416 -0.2998080180498622 0.0034044
-0.9099528226422947 -0.3290759706974366 -0.25237841840153596 -0.00753185 0.10863870587793699 0.3981610538909192 -0.910859707501457 0.0101243 0.40022929946530406 -0.8562574266387489 -0.32655738726217726 0.00299444
-0.9123755044509033 -0.32890085504079036 -0.2437112357512402 -0.00752148 0.09009193935218551 0.4194238529616895 -0.903308958236623 0.0102021 0.3993173942388707 -0.8461133843169059 -0.353040733539446 0.00325669
-0.9146402610644792 -0.3289312840157719 -0.23502638838146814 -0.00758606 0.0715879147889675 0.4403925760864899 -0.8949466740449245 0.0102837 0.3978798352468602 -0.8353793086518485 -0.3792532760310589 0.00323283
-0.908444981673017 -0.34810528304165245 -0.23140965233024047 -0.0076799 0.049654143361034825 0.459818400097986 -0.8866236546463274 0.0104118 0.4150447943538065 -0.8169392577479794 -0.40043484842104704 0.0033031
-0.9017102817234877 -0.3671783793081884 -0.22825118970721808 -0.00765596 0.027321837916145897 0.4784923671436007 -0.8776665492988766 0.010524 0.4314766332109216 -0.7976371934369194 -0.42142949901382326 0.0034957
-0.8798513935688641 -0.4129900260027925 -0.23516114402073401 -0.00772128 0.0011110853637195106 0.49302791434552606 -0.8700127821850752 0.0106752 0.4752476099090264 -0.7657432429335 -0.43333243033200786 0.00375414
-0.8553700843122557 -0.4575188108770044 -0.2429373510955792 -0.00775334 -0.02573189517831359 0.5059235212499948 -0.86219444455212 0.0106322 0.5173778971256668 -0.7312440962768166 -0.444524671110755 0.00386126
-0.8337590216971486 -0.49213710679786193 -0.250293751123043 -0.00779955 -0.04967766683052033 0.5183528322377909 -0.8537227130218198 0.0105572 0.5498891007802298 -0.6993650044316563 -0.4566295735269671 0.00375749
-0.8106190121215708 -0.5255667243535944 -0.25821780620104806 -0.00784531 -0.07414176002021122 0.5295344044817617 -0.8450421965152106 0.0104801 0.5808612713963245 -0.6658625479198985 -0.46821709779702253 0.00337227
-0.7864660343919394 -0.5549054296372865 -0.27120313587212674 -0.00776649 -0.09135382737204256 0.5387821763090537 -0.8374773099709382 0.0104867 0.6108401222679268 -0.633872014408854 -0.47442661642973394 0.00349476
-0.7611019947517648 -0.5827560477290841 -0.28481422439910237 -0.00781212 -0.10841782154276294 0.5472189506755156 -0.8299379470740624 0.0104701 0.6395070989104079 -0.6007884892845112 -0.4796705761107602 0.00359923
-0.7408500852606817 -0.599470638057753 -0.30294571341392396 -0.00790989 -0.11333567650097534 0.5561372515950912 -0.823326412682312 0.0103727 0.6620394063810002 -0.5756268856602244 -0.47995574056761126 0.00326348
-0.719913792859386 -0.6153447807895983 -0.32105284861812844 -0.0079737 -0.11858471796696066 0.5648191758534831 -0.8166498412740243 0.0103598 0.683858022922529 -0.5498455231637281 -0.47959160245076915 0.00314384
-0.6983412874606655 -0.6303365694534337 -0.33910950360828385 -0.00800093 -0.12413992687170533 0.5732544349152883 -0.8099189042158735 0.0103095 0.7049175304842885 -0.5235027813294119 -0.4785771757577896 0.00324136
-0.6761531544382999 -0.6444430289979136 -0.3570855557413807 -0.00801655 -0.1300088155290361 0.5814274763693429 -0.8031436967364646 0.0102614 0.7251997101680844 -0.4966238738711334 -0.47691729710019426 0.003269
-0.6492081911077918 -0.6632177646334725 -0.3723854471822561 -0.00802351 -0.14359955108057249 0.587655987969388 -0.7962660414291071 0.0102295 0.7469323219194675 -0.46346805335244234 -0.476748854213296 0.00329891
-0.6214997287386681 -0.6807446936180346 -0.38771735747661595 -0.0080037 -0.1573696968905255 0.5933025900264637 -0.7894471579329893 0.0102354 0.7674456760438135 -0.4296262314835747 -0.4758659848559002 0.00316743
-0.5930397826677314 -0.697050753005718 -0.40301868927826623 -0.0080207 -0.17139993394629321 0.5983542315943695 -0.7826840206471051 0.0102052 0.7867184240988744 -0.3950853847806488 -0.4743223164854362 0.00324187
-0.5638774446373133 -0.7121040314420375 -0.41827033821834836 -0.00800985 -0.18565455781688855 0.6028046313435095 -0.7759890215670782 0.0101848 0.804720207644315 -0.35990891185800505 -0.4721132942145111 0.00318976
-0.534481261840606 -0.7255807582611508 -0.43343089873986496 -0.00802945 -0.19969976217179009 0.6067226892011328 -0.7694202904765873 0.0100958 0.8212489182518319 -0.32468468034343567 -0.4691802133727262 0.00329679
-0.5044707649568705 -0.7378165272330944 -0.4484819053713608 -0.00801421 -0.21396094091483897 0.6100423758619489 -0.7629344764890006 0.0100948 0.836498633033352 -0.2889205285098396 -0.4656124623964959 0.00324653
-0.473901256101841 -0.7487953846390161 -0.4633822087741445 -0.00800978 -0.22841631238452292 0.6127436344285051 -0.7565521969461211 0.0100137 0.8504372920455411 -0.25268698108658905 -0.4614170585138704 0.00325899
-0.48011079945032253 -0.7451245700088203 -0.4629071131667158 -0.00794484 -0.2095291797157291 0.6098417326098103 -0.7643236121009988 0.0102522 0.8518163787453408 -0.26996747273817057 -0.44891694172144925 0.0030386
-0.4842920708871138 -0.7516209747864362 -0.44780252381709285 -0.00791975 -0.20647721601738528 0.5955588364565788 -0.7763226336931031 0.0101506 0.8501931247320109 -0.283505877504459 -0.44361702861685315 0.00304962
-0.48842231922245904 -0.7603901729972354 -0.4280775898065545 -0.00779337 -0.2078148391717639 0.5778188994636564 -0.7892644119955129 0.010437 0.8475002246049073 -0.2965334791079134 -0.44024000847581823 0.00270462
-0.4680237420268792 -0.7805057435077944 -0.4144448832480648 -0.00784368 -0.22579474868279914 0.5590298243707168 -0.7978109969982347 0.0105625 0.8543831156843098 -0.2798150099894402 -0.4378733285074357 0.0028555
-0.4470646703255021 -0.7998099675450826 -0.40054612264043193 -0.00789677 -0.24324367914621658 0.5396144353679451 -0.8060079240912872 0.0101538 0.8607936414159683 -0.2629073543248033 -0.4357912687741343 0.00285086
-0.42553881195806353 -0.8182969308652916 -0.38640244881957436 -0.00770852 -0.2601632939989595 0.519591699475669 -0.8138424456192963 0.0112766 0.8667362805218961 -0.24579381353571544 -0.4339972595013005 0.00201905
-0.4039502795837434 -0.8357209604152515 -0.37201431148119235 -0.00771108 -0.27615785252875324 0.4991039947214132 -0.8213598741963448 0.0112946 0.8721014918637183 -0.22905387745187294 -0.4324041039506211 0.00191597
-0.37993382312147483 -0.8527324029669854 -0.35846581284475476 -0.00772401 -0.29243957632485956 0.47837770814671426 -0.8280301096863771 0.0113061 0.8775701591595036 -0.20976705479757296 -0.43112457419441474 0.00187989
-0.3172364355249041 -0.8791244251075994 -0.3556701971696341 -0.00775831 -0.3301928585651778 0.45396777811375566 -0.8275783543490105 0.0111682 0.8890071541489473 -0.14509824814136424 -0.43429572673271527 0.00197607
-0.2528022313082706 -0.9007986511152262 -0.35306206535756524 -0.00779961 -0.366009624731235 0.42683580665770005 -0.8269511163055359 0.0110555 0.8956159815733867 -0.07983097333654743 -0.4376060205784186 0.00191511
-0.24194453667160998 -0.8962819902278218 -0.3716738290060447 -0.007657 -0.35350378342229566 0.43815109451354806 -0.826473649599733 0.0111168 0.9036027425151401 -0.06857267947101375 -0.4228473381130393 0.00189305
-0.23085902867120509 -0.8914290734574669 -0.3899465551530746 -0.0075493 -0.34102386963366815 0.44948161729898706 -0.8256324824341432 0.0111207 0.9112666071030293 -0.05762362974552204 -0.40776548170962723 0.00179969
-0.21940531437106164 -0.8864613632330642 -0.40748933669571413 -0.00777395 -0.32899126791707656 0.46042663662079836 -0.824482903354808 0.0110633 0.9184911832239055 -0.046835497061915865 -0.3926580988021428 0.00185064
-0.207676165997906 -0.8811675064241167 -0.4247522050545641 -0.00775407 -0.31703929470061004 0.47141289347194565 -0.8229556303253217 0.011162 0.9253954266648122 -0.03624513057932499 -0.37726594706803024 0.00187923
-0.14230107176301213 -0.882860378896817 -0.44755776872853703 -0.00775108 -0.3401122101295229 0.4682405970478172 -0.8155209548485647 0.0110934 0.9295558560387369 0.03617035596275481 -0.3669027335052415 0.00192981
-0.10187885268929259 -0.8798896012055113 -0.46412820326405413 -0.0077574 -0.3492025963020824 0.46849788200048464 -0.8115215839994303 0.0108328 0.9314924831208236 0.07939788568636902 -0.3549897599057415 0.00194477
-0.08633756715809227 -0.874368585271215 -0.47752005359778993 -0.00774062 -0.3431175575041271 0.47608323004628683 -0.80970062356472 0.0108434 0.9353160782482166 0.0939379324847453 -0.34111508118356115 0.00176195
-0.07071398309012561 -0.8685006983982719 -0.490618048462593 -0.00779784 -0.33711291147561107 0.48371721981232524 -0.8076958190887652 0.0102184 0.938804781364031 0.1082782902466991 -0.32698837035785433 0.00181363
-0.05497464162961008 -0.8622921441940755 -0.5034183616425603 -0.00776034 -0.3312171720525946 0.4913819187138432 -0.8055054282241578 0.00990063 0.9419516833230768 0.1224584338552705 -0.3126195103676936 0.00185383
-0.04069152267778975 -0.8571174127227337 -0.5135113833106817 -0.00761828 -0.32523494067176756 0.4973104489431577 -0.8043037677011011 0.00984791 0.9447573409867716 0.13428349928208577 -0.2990008502866895 0.00177756
-0.02067824943805935 -0.8562632572674117 -0.5161256089887228 -0.00749708 -0.325855805740051 0.49381923891133805 -0.8062013105586776 0.0099943 0.9451933156056912 0.15151169438307205 -0.28922967102199426 0.00174287
-0.0006529250504220818 -0.8550532322431355 -0.5185398188369386 -0.00753924 -0.3264001579149373 0.4903225829392006 -0.8081130499954413 0.00978999 0.9452314587454136 0.1687238414996447 -0.2794096539270257 0.00180617
0.01903428130333229 -0.8490505896246103 -0.5279685524663063 -0.00754444 -0.3237673597527519 0.4943760260116082 -0.8067013336196374 0.0098936 0.9459452377881066 0.18629396437638773 -0.2654847753505489 0.00171296
0.038729493419229766 -0.8426445656483554 -0.5370755648163339 -0.007501 -0.3212079350761076 0.4984546958259183 -0.8052132504208025 0.0104531 0.9462164069511967 0.20369843443773789 -0.25135922307323794 0.00134054
0.05237386568408725 -0.8418491727446971 -0.5371656621028325 -0.00742592 -0.31798479142734615 0.495846744840462 -0.8080975671613081 0.0106428 0.9466481134055105 0.21313370446784552 -0.24172582279434013 0.00118604
0.06637652370854663 -0.8411416636487845 -0.5367260556135907 -0.00734534 -0.31496714197658 0.49274648231538076 -0.8111698981353552 0.0106 0.9467786734899943 0.22289370973621642 -0.23222518723117364 0.0011313
0.05081125183472718 -0.8432982021636021 -0.5350386517950121 -0.00732422 -0.29587600998440433 0.4989696871051404 -0.8145468912628091 0.0109956 0.9538739976551915 0.19969324870369193 -0.2241584328537939 0.000989367
0.035204744786230535 -0.8450808479951304 -0.5334781966457184 -0.00728371 -0.27662665442100715 0.5047120447234328 -0.8177673544321347 0.0110167 0.9603324007906727 0.17636357975195144 -0.21600362897113545 0.00104791
0.050518974398942484 -0.844669914697196 -0.5328982721224667 -0.00729732 -0.2730764778623026 0.5015640654613097 -0.8208914212465874 0.0111175 0.9606649106030667 0.18699257590437796 -0.20532098307929253 0.00115116
0.06665251747439815 -0.8434636228428647 -0.5330352322831156 -0.00732668 -0.2694881352442573 0.4991510841523723 -0.8235437694209607 0.0111321 0.960694325411001 0.1985379362497287 -0.1940337625074583 0.00119769
0.08285676361696787 -0.8420603575587189 -0.5329813420289724 -0.0073705 -0.26588578720666317 0.49675446075563134 -0.826159641885801 0.0112649 0.9604371425993556 0.21016507784944777 -0.1827324141145205 0.00110998
0.08090722451237464 -0.8346806765679604 -0.5447588358032899 -0.00742219 -0.24458102514032792 0.5132143571017265 -0.822673170709953 0.0110399 0.9662474544147633 0.19979787743795757 -0.1626243063268109 0.00119078
0.11549817017681 -0.8348954981460437 -0.5381539555380768 -0.00739675 -0.2566494316246733 0.4982998732476567 -0.8281475143765762 0.0110851 0.959578679386188 0.23376642936238512 -0.15672273150573995 0.00126897
0.14986871483462877 -0.8337820271936466 -0.5313632462286697 -0.00738908 -0.26797045121719243 0.48306281824779146 -0.8335719230522076 0.0115414 0.9516991150506924 0.26731600168219316 -0.15103294228867653 0.0010628
0.18430714482486488 -0.8313908838211472 -0.5242328439401691 -0.00745496 -0.2788668508470112 0.4672175963567341 -0.8390119171700162 0.0110391 0.9424776686294358 0.30082705322780934 -0.14573581639767075 0.00126969
0.21857407065932125 -0.8276963368474308 -0.516859893592798 -0.00736232 -0.2891342166178894 0.4509500340022924 -0.8444201984877499 0.0121864 0.9320014916383844 0.3340102405655788 -0.14074934735603817 0.000866759
0.2526230523387664 -0.8227039762567079 -0.5092541221025586 -0.00737664 -0.29875723545456195 0.4342825833932649 -0.8497898281485958 0.0121974 0.9202856663507224 0.3668198538965343 -0.13607897374955824 0.000850923
0.28640981615523253 -0.8164186959232673 -0.5014278912833603 -0.00738931 -0.3077255610437056 0.41723870212595504 -0.8551121824232099 0.0121658 0.9073446954108799 0.39921470212806554 -0.13173164128081527 0.000859165
0.31988135306979903 -0.8088519195021374 -0.4933908108953208 -0.00740664 -0.3160261918570232 0.3998417618970349 -0.8603801552240862 0.0121919 0.893198391186741 0.43114398727198133 -0.12771646808706805 0.000836093
0.35298594920845183 -0.8000128799002366 -0.4851600886873715 -0.00742878 -0.3236373348215568 0.38212844434777926 -0.8655846160427911 0.0121603 0.8778723114274696 0.4625551253786689 -0.12402806462618082 0.000825866
0.38567961662156475 -0.7899163150932144 -0.4767425389790609 -0.00745123 -0.3305572363599111 0.3641143780309701 -0.8707196065331355 0.0121293 0.8613844361333338 0.49340950017270474 -0.12068106034743359 0.000814669
0.4179174822090486 -0.7785761615309857 -0.46814969695571307 -0.00745394 -0.3367764884423389 0.34582417458822357 -0.8757780752581222 0.0120911 0.8437574147208999 0.5236647791918513 -0.11768017733438763 0.00087978
0.4496527361169034 -0.7660088182008395 -0.4593940654178449 -0.00745642 -0.3422859000648289 0.32728442833849386 -0.8807526699272361 0.0120507 0.8250168359005724 0.5532769590410376 -0.11502967910460987 0.000943477
0.48084016643916067 -0.7522322745561327 -0.4504878904641806 -0.00743575 -0.3470744140243627 0.3085235173047344 -0.8856368275989661 0.0119814 0.8051907137246467 0.5822025801952637 -0.11273007649057948 0.000970038
0.5114351772121823 -0.737264948980915 -0.4414458681583876 -0.00744043 -0.35114068219325867 0.28956674523071757 -0.8904219906119467 0.0119679 0.7843049667181744 0.6104027318587767 -0.11078909748050969 0.000983928
0.5413922845498389 -0.7211298098428351 -0.4322802234499543 -0.00744031 -0.35447520511559877 0.2704433758438965 -0.8951020664820359 0.0119127 0.762392105932479 0.6378339735528307 -0.1092066801695139 0.0010907
0.5706703922443257 -0.7038499921734773 -0.42300176351063135 -0.00747036 -0.35707321319092894 0.2511777267551741 -0.8996713122044122 0.0119166 0.7394822674258075 0.6644583795088295 -0.10798628645938035 0.00112488
0.5992252864388192 -0.68544880559932 -0.41362904998897343 -0.00746375 -0.35893356579125024 0.23180222650829113 -0.9041208011843203 0.0120564 0.7156086580252459 0.6902373958923587 -0.10712882838453058 0.000985105
0.6270161925851414 -0.6659565617254718 -0.40416896482884557 -0.00744402 -0.3600500249729238 0.21233949545786596 -0.9084469814940748 0.0120485 0.6908072623771624 0.7151320133817858 -0.10663737470269757 0.00102752
0.6540049374157734 -0.6453967566670862 -0.3946397956610512 -0.00742149 -0.36042360428571163 0.19282082495279676 -0.9126417451213918 0.0120082 0.6651107932589029 0.7391097049478709 -0.10651045367654793 0.00106941
0.680152547745162 -0.6238008780062714 -0.3850519138952183 -0.00743772 -0.3600522324916384 0.1732712626964012 -0.916700310571226 0.0119509 0.6385568899272428 0.7621348529769519 -0.10675000798242368 0.00110519
