0 0 0 0 0 0 1
5.90339e-05 1.95168e-05 3.14298e-05 -1.89283e-05 2.52163e-05 -4.17812e-06 1
0.000178687 6.9807e-05 -2.19954e-05 -5.66515e-05 0.000263455 0.000102012 1
0.000365628 0.00012037 4.44824e-05 -0.00011898 0.000552448 0.000220366 1
0.000712424 0.000251467 2.42162e-05 -0.000198133 0.000906814 0.000363934 1
0.000961204 0.000406556 -0.000119543 -0.00626755 0.0145048 0.00533257 0.999861
0.00113794 0.000503889 -0.000148832 -0.0167088 0.0434007 0.015713 0.998794
0.00130162 0.000625812 -0.000232872 -0.0318246 0.0894348 0.0320787 0.994967
0.00139664 0.000729276 -0.000204454 -0.0468625 0.135257 0.0483684 0.988519
0.00143509 0.000859259 -0.000281188 -0.0618051 0.180814 0.0645471 0.979449
0.00135297 0.000769761 0.000100467 -0.0765845 0.225892 0.080555 0.967791
0.00133883 0.000793314 0.000155545 -0.0911618 0.270375 0.09635 0.953574
0.00145171 0.000846701 0.000198439 -0.105465 0.319131 0.113556 0.934953
0.00127081 0.000882028 0.00014568 -0.119425 0.366797 0.130367 0.913347
0.00124754 0.000895639 0.000174298 -0.132995 0.413284 0.146757 0.888803
0.00109453 0.000917693 0.000223085 -0.146134 0.458414 0.162663 0.861419
0.000954121 0.000964678 0.000211049 -0.158801 0.50207 0.178043 0.83127
0.000940535 0.00104136 0.000393122 -0.170959 0.544107 0.192849 0.798455
0.000984736 0.00109869 0.000496166 -0.182562 0.584446 0.207034 0.763041
0.000763173 0.00115839 0.000584257 -0.193597 0.622848 0.220547 0.725217
0.00072985 0.00125993 0.000732215 -0.204017 0.659273 0.233359 0.685041
0.000651481 0.00137898 0.000837378 -0.213781 0.693578 0.245422 0.642664
0.000614591 0.00147385 0.000928545 -0.222829 0.725726 0.256689 0.598148
0.000531948 0.00159188 0.0010714 -0.231159 0.755529 0.267129 0.55171
0.000538171 0.00173898 0.00113711 -0.238745 0.782897 0.276708 0.503496
0.000511359 0.00185752 0.0014001 -0.245561 0.807739 0.285395 0.453659
0.000530526 0.00200744 0.0014692 -0.251585 0.829984 0.293165 0.402351
0.000513327 0.00209088 0.00173302 -0.256797 0.849549 0.299989 0.349756
0.000525424 0.0022555 0.00184342 -0.261181 0.866376 0.305846 0.296033
0.000536821 0.00236277 0.00205651 -0.264722 0.880412 0.310717 0.241357
0.00054228 0.00249184 0.00221878 -0.267409 0.891609 0.314588 0.185905
0.000555727 0.00263371 0.00233565 -0.269233 0.899933 0.317447 0.129855
0.000610497 0.00277093 0.00246438 -0.270163 0.90529 0.319402 0.0737851
0.000642696 0.00289735 0.00257567 -0.270231 0.907775 0.320335 0.0174942
0.000704533 0.00305141 0.00267201 -0.269382 0.907337 0.320546 -0.0377272
0.000774582 0.00319724 0.0027634 -0.267555 0.904394 0.319909 -0.0902528
0.000865007 0.00335037 0.00285627 -0.265041 0.899254 0.318578 -0.140013
0.00092237 0.00350275 0.0029417 -0.261895 0.892078 0.316743 -0.187835
0.000967386 0.00365892 0.00298489 -0.258617 0.884018 0.313922 -0.230396
0.00101655 0.00377631 0.00304762 -0.254851 0.874284 0.310504 -0.272519
0.00105098 0.00391991 0.00310474 -0.250685 0.863812 0.306184 -0.311828
0.00108879 0.00406211 0.00315991 -0.246096 0.851881 0.301347 -0.35061
0.00112824 0.00418721 0.00317663 -0.241091 0.838509 0.295998 -0.388796
0.00114639 0.00428977 0.00321766 -0.236713 0.826383 0.289987 -0.420673
0.00115703 0.00439807 0.00324671 -0.232482 0.813967 0.283345 -0.450695
0.00118322 0.00451491 0.0032802 -0.226417 0.803393 0.281365 -0.473423
0.00117891 0.00460048 0.00330552 -0.220308 0.79276 0.279606 -0.49479
0.00114977 0.00466321 0.00332642 0.217249 -0.787188 -0.277551 0.506067
0.00116525 0.00474641 0.00339209 0.214135 -0.78149 -0.275467 0.517241
0.0011891 0.00484136 0.0034739 0.208639 -0.776558 -0.275612 0.526751
0.00120694 0.00491808 0.00348033 0.203091 -0.771551 -0.275763 0.536114
0.00111828 0.00495634 0.00348945 0.198067 -0.770122 -0.278231 0.538767
0.00123608 0.00504686 0.00351828 0.193001 -0.768662 -0.280697 0.541404
0.00123122 0.00511456 0.00358045 0.187868 -0.767184 -0.28318 0.544008
0.00120701 0.00517812 0.00362964 0.182665 -0.765697 -0.285686 0.546557
0.00125467 0.00527619 0.00370989 0.177443 -0.764178 -0.288184 0.549087
0.00135535 0.00533323 0.00378443 0.164219 -0.761692 -0.292679 0.554254
0.00137051 0.00538347 0.00382814 0.153782 -0.761575 -0.29691 0.555158
0.00142016 0.00542773 0.00388801 0.143327 -0.76136 -0.301097 0.555995
0.00150577 0.0054992 0.00394472 0.132277 -0.760896 -0.3049 0.557294
0.00151663 0.00552252 0.00401508 0.121208 -0.760326 -0.308661 0.558518
0.00151161 0.00553787 0.00407051 0.111135 -0.759484 -0.311604 0.560122
0.00155428 0.00558013 0.00413036 0.1009 -0.758502 -0.314485 0.561777
0.00158065 0.00561284 0.00417463 0.100177 -0.759563 -0.312244 0.561723
0.00158537 0.0056604 0.00422994 0.0933372 -0.760078 -0.312051 0.562311
0.00164372 0.0057121 0.00428868 0.0864997 -0.76055 -0.311827 0.562891
0.00174112 0.00576553 0.00434423 0.0811122 -0.76395 -0.312418 0.558746
0.00178962 0.00583342 0.00440508 0.075738 -0.767331 -0.313003 0.554524
0.00176289 0.00588351 0.00448079 0.0703595 -0.770667 -0.313569 0.550269
0.00183073 0.00595121 0.00454497 0.0649645 -0.773946 -0.314122 0.545999
0.00170871 0.00598541 0.00462103 0.0595652 -0.777179 -0.314657 0.541697
0.00191828 0.0060351 0.00468981 0.0541572 -0.780357 -0.31517 0.537382
0.0019354 0.00608891 0.00478802 0.0487451 -0.783488 -0.315664 0.533036
0.00192302 0.00614189 0.00487773 0.0431719 -0.786445 -0.316145 0.528861
0.00199399 0.00618636 0.00494685 0.0376021 -0.789365 -0.316613 0.524639
0.00197874 0.00621716 0.00502075 0.0270905 -0.788281 -0.317411 0.526433
0.00205725 0.00626036 0.00509626 0.0165952 -0.787028 -0.318144 0.528295
0.00208022 0.00628025 0.00513033 0.00609975 -0.785684 -0.31884 0.5301
0.00214079 0.00630529 0.00517839 -0.00712947 -0.779558 -0.318626 0.539182
0.00216692 0.00634487 0.00518343 -0.0225773 -0.770526 -0.318724 0.55154
0.00228163 0.00642471 0.00514916 -0.0386366 -0.758333 -0.318163 0.567636
0.00223758 0.0064798 0.00520947 -0.0546977 -0.745561 -0.317371 0.583459
0.0022239 0.00651018 0.00523155 -0.070907 -0.732168 -0.31642 0.598983
0.0021891 0.00657462 0.00518124 -0.0870676 -0.718275 -0.315253 0.614099
0.00209813 0.00661774 0.00514776 -0.106855 -0.690991 -0.316005 0.641292
0.00198403 0.00671532 0.00514531 -0.12908 -0.656329 -0.316657 0.672532
0.00170866 0.00689877 0.0053173 -0.150968 -0.619896 -0.316473 0.701985
0.00177252 0.00703328 0.00540983 -0.172574 -0.581681 -0.315508 0.729603
0.00191072 0.00716195 0.00549973 -0.204206 -0.527172 -0.317119 0.761463
0.00188419 0.00727144 0.00555298 -0.244221 -0.452034 -0.319428 0.796234
0.00178081 0.00732365 0.00550095 -0.282156 -0.373101 -0.319031 0.824259
0.00173895 0.00749923 0.00565325 -0.317725 -0.290986 -0.315944 0.845316
0.00178127 0.00750942 0.00561977 -0.338795 -0.209025 -0.310118 0.863339
0.00196198 0.00769906 0.0056691 -0.357358 -0.125452 -0.30196 0.874859
0.00208568 0.00774352 0.00553586 -0.376312 -0.0393394 -0.291178 0.878668
0.00220607 0.00785585 0.00553719 -0.392293 0.0470842 -0.278094 0.875531
0.00236278 0.00791898 0.00550595 -0.405164 0.133167 -0.262826 0.865466
0.00251031 0.0079707 0.00544665 -0.417358 0.226633 -0.248078 0.844338
0.00242749 0.00796166 0.0054024 -0.425549 0.317822 -0.230915 0.815215
0.00233727 0.00796401 0.0053635 -0.430289 0.405324 -0.210946 0.778503
0.00220123 0.0080432 0.00541777 -0.431012 0.489007 -0.188959 0.734435
0.00214477 0.00819107 0.00550109 -0.429969 0.558642 -0.15708 0.691645
0.00209715 0.00833639 0.00559041 -0.427771 0.620015 -0.11904 0.646857
0.00220428 0.00845687 0.00552371 -0.422488 0.676908 -0.0801327 0.597394
0.00222244 0.00861665 0.00554473 -0.414171 0.728873 -0.0406158 0.543652
0.00222709 0.00879973 0.00555194 -0.404665 0.773438 0.00309416 0.487885
0.00229127 0.0090864 0.00559823 -0.392344 0.812402 0.0469171 0.428799
0.00228889 0.00935567 0.00574204 -0.380582 0.837503 0.104511 0.377922
0.00221607 0.0095181 0.00586929 -0.368169 0.850355 0.168667 0.336004
0.00218406 0.00962471 0.00619541 -0.353473 0.857895 0.231856 0.29209
0.00214738 0.00956422 0.00645298 -0.336586 0.860116 0.293614 0.246377
0.00222082 0.00971102 0.00652142 -0.31803 0.850841 0.363876 0.206211
0.00226406 0.0098379 0.00652715 -0.297196 0.824028 0.446275 0.183007
0.00225166 0.00977793 0.00660532 -0.273848 0.790202 0.524897 0.158342
0.00222747 0.00975612 0.00657432 -0.248557 0.735669 0.611762 0.150857
0.00223251 0.00980641 0.0065443 -0.220495 0.672882 0.691758 0.141718
0.00223616 0.0096825 0.00659352 -0.189955 0.602543 0.763999 0.131014
0.00225565 0.00933594 0.00664044 -0.157231 0.525428 0.827688 0.1189
0.00216057 0.00930299 0.00651334 -0.134019 0.491031 0.85366 0.110417
0.00215559 0.00926843 0.00647543 -0.115524 0.470219 0.868984 0.102062
0.00234911 0.00867502 0.00612127 -0.0943428 0.429202 0.893735 0.0901265
0.0024111 0.00774935 0.00557858 -0.0667932 0.387314 0.915271 0.088353
0.00211305 0.00658444 0.00501788 -0.040591 0.345545 0.933692 0.0846826
0.00190102 0.00666967 0.00505447 -0.0142806 0.302839 0.949506 0.0807773
0.001704 0.00674771 0.00520011 0.0122928 0.270779 0.959066 0.0819816
0.00151402 0.00674687 0.00538712 0.0414259 0.244625 0.964681 0.0885061
0.00129486 0.00676196 0.005572 0.0716543 0.222571 0.967201 0.0992421
0.00109323 0.00684749 0.0058185 0.101749 0.200231 0.968242 0.109829
0.000802246 0.00692658 0.00609541 0.128444 0.178166 0.968506 0.117285
0.000586962 0.0068825 0.00628385 0.144634 0.156236 0.970155 0.116066
0.00048292 0.00684949 0.00650571 0.160823 0.134246 0.971043 0.114842
0.000342213 0.00685508 0.00673682 0.176861 0.112175 0.971211 0.113518
0.000287836 0.00686189 0.0069435 0.192765 0.0900424 0.970652 0.11211
0.000191399 0.00688098 0.0071301 0.201847 0.0727732 0.970867 0.106682
0.00010084 0.00678771 0.00714783 0.210841 0.0554664 0.970683 0.101213
-3.87873e-05 0.00673764 0.00720049 0.217094 0.0384585 0.970782 0.0947305
-0.000287679 0.00653433 0.00696803 0.223279 0.0214434 0.970516 0.0882308
-0.000382901 0.00647734 0.00691747 0.229421 0.00445892 0.96988 0.0817286
-0.000502566 0.00649371 0.00704813 0.23032 -0.0123047 0.970401 0.0715734
-0.000635337 0.00648695 0.00696613 0.231141 -0.0290579 0.970547 0.0613926
-0.000905804 0.0063844 0.00678635 0.227824 -0.0446958 0.971474 0.0483321
-0.000962329 0.00634668 0.00678013 0.224404 -0.0603148 0.971989 0.0352482
-0.000978538 0.00632911 0.00661308 0.221005 -0.0758456 0.972066 0.0221835
-0.000931303 0.00632206 0.00646061 0.221515 -0.0912814 0.970814 0.0109444
-0.000984269 0.00634795 0.00646016 0.221896 -0.106682 0.969217 -0.00032301
-0.000873465 0.00633373 0.00644766 0.222234 -0.122054 0.967255 -0.0115796
-0.000804086 0.00632572 0.00649914 0.222581 -0.13737 0.964918 -0.0228058
-0.000707512 0.00628443 0.0064829 0.222848 -0.152635 0.962229 -0.0340238
-0.000915774 0.00632685 0.00647733 0.223015 -0.167837 0.959192 -0.0452399
-0.000764235 0.00626948 0.0060997 0.223104 -0.182978 0.955803 -0.0564385
-0.000640302 0.00618236 0.0059319 0.223111 -0.198052 0.952063 -0.0676169
-0.000425943 0.00613753 0.00566574 0.226698 -0.212331 0.947303 -0.0783638
-0.000233451 0.0061237 0.00578843 0.230206 -0.226534 0.942206 -0.0890829
-0.000329523 0.00608729 0.00545603 0.233631 -0.240656 0.936775 -0.0997712
-0.000110229 0.00620163 0.0054131 0.236976 -0.25469 0.931011 -0.110424
-0.000323164 0.00616615 0.00550368 0.240229 -0.268635 0.924919 -0.12104
-0.000539896 0.00656737 0.00479777 0.243391 -0.282482 0.9185 -0.131614
-0.00046072 0.00644886 0.00470773 0.246472 -0.296227 0.911755 -0.142144
-0.00103124 0.00632783 0.00435521 0.249453 -0.30987 0.904688 -0.152624
-0.00142318 0.00617613 0.00387486 0.252346 -0.323403 0.8973 -0.16305
-0.00204811 0.00609486 0.0028714 0.254025 -0.336616 0.889905 -0.173866
-0.00328121 0.00655551 0.000247861 0.255597 -0.349716 0.882204 -0.184625
-0.00303305 0.00635003 -5.81595e-05 0.257079 -0.362692 0.874194 -0.195319
-0.00270514 0.00626749 -0.000835296 0.258446 -0.375549 0.865884 -0.20595
-0.0023382 0.00622426 -0.00152001 0.259723 -0.388258 0.857274 -0.216521
-0.00207287 0.00606295 -0.00177836 0.260901 -0.400833 0.848367 -0.227018
-0.00172415 0.00571208 -0.00227699 0.262254 -0.414666 0.838368 -0.237517
-0.00136965 0.00525662 -0.00258702 0.265098 -0.428861 0.827238 -0.247952
-0.00127784 0.00449238 -0.00282758 0.267826 -0.442892 0.815725 -0.25828
-0.0020295 0.00476062 -0.00436938 0.270405 -0.456729 0.803859 -0.268498
-0.00198963 0.0039148 -0.00461643 0.272862 -0.470373 0.791631 -0.278597
-0.00196544 0.0031282 -0.00515952 0.278185 -0.485833 0.776315 -0.289682
-0.00248588 0.00313671 -0.00652357 0.283334 -0.500988 0.760514 -0.300586
-0.00288052 0.00196287 -0.00705715 0.288285 -0.515848 0.744236 -0.311298
-0.00328888 0.000293216 -0.00754959 0.293036 -0.53041 0.727485 -0.321808
-0.00393712 -0.00056028 -0.00867468 0.297613 -0.544639 0.710276 -0.332122
-0.00472669 -0.00143667 -0.0101491 0.302003 -0.558525 0.692622 -0.342226
-0.0050385 -0.00312804 -0.0108546 0.305304 -0.572706 0.674547 -0.351831
-0.00594005 -0.00383319 -0.0123803 0.308416 -0.586519 0.656046 -0.361217
-0.00662625 -0.00441733 -0.0140382 0.3021 -0.604696 0.639939 -0.365456
-0.00688882 -0.00490749 -0.0155039 0.295589 -0.622482 0.623414 -0.369457
-0.00677319 -0.0051401 -0.0170129 -0.289225 0.639931 -0.606272 0.373193
-0.00713554 -0.00568304 -0.0185851 -0.282672 0.656964 -0.58873 0.376684
-0.00606048 -0.00598881 -0.0192798 -0.275937 0.673566 -0.570806 0.379932
-0.00541279 -0.005884 -0.0203817 -0.271453 0.689858 -0.551232 0.38282
-0.00656015 -0.00578579 -0.0218723 -0.266784 0.705685 -0.531288 0.385448
-0.00643053 -0.00584918 -0.0232141 -0.262171 0.721133 -0.510796 0.387713
-0.00709111 -0.00515329 -0.0244159 -0.257389 0.736085 -0.489952 0.389715
-0.006613 -0.00478985 -0.0249485 -0.252432 0.750532 -0.468771 0.391451
-0.00671329 -0.00395945 -0.0257659 -0.266311 0.760752 -0.438563 0.397491
-0.00738551 -0.00315267 -0.0264077 -0.279852 0.770026 -0.407809 0.403032
-0.00719839 -0.00225943 -0.0266961 -0.293051 0.778336 -0.376548 0.408076
-0.00717617 -0.00136347 -0.0272389 -0.307148 0.785272 -0.344032 0.413097
-0.00691774 -0.000600076 -0.0275927 -0.326778 0.788321 -0.308129 0.420504
-0.00607972 0.000115674 -0.0281317 -0.349474 0.789207 -0.268328 0.427809
-0.00757897 0.00126008 -0.0284657 -0.371418 0.788396 -0.227949 0.434191
-0.00820324 0.00259397 -0.0287183 -0.393243 0.785476 -0.186632 0.43995
-0.00920924 0.00317724 -0.0284633 -0.41394 0.780835 -0.145188 0.444828
-0.00975895 0.00378681 -0.0286578 -0.433737 0.774478 -0.103418 0.448732
-0.00879923 0.00446682 -0.0284379 -0.452593 0.76641 -0.0614169 0.451668
-0.00939149 0.0053691 -0.02878 -0.47164 0.755614 -0.0181488 0.454173
-0.0102021 0.00587717 -0.0287699 -0.489563 0.743041 0.0251457 0.455618
-0.0111996 0.00633673 -0.0285308 -0.506303 0.72874 0.0683502 0.455987
-0.012298 0.00723888 -0.0282033 -0.522062 0.712481 0.111574 0.455384
-0.0120641 0.00863565 -0.0283101 -0.538126 0.693039 0.156296 0.45353
-0.0129684 0.00871105 -0.028215 -0.552771 0.671769 0.200604 0.450478
-0.0134806 0.00870568 -0.0285949 -0.565956 0.648728 0.24438 0.446233
-0.014363 0.00814975 -0.0291099 -0.577651 0.623975 0.287513 0.440808
-0.0149054 0.00747432 -0.0291772 -0.587818 0.597577 0.329885 0.434221
-0.0151691 0.00743128 -0.0293274 0.596435 -0.569604 -0.371384 -0.426488
-0.0155767 0.00737017 -0.0298839 0.603494 -0.540118 -0.411909 -0.417611
-0.0159948 0.00727174 -0.0302134 0.610818 -0.512215 -0.448818 -0.403858
-0.0166383 0.00733797 -0.0306368 0.622013 -0.484854 -0.481622 -0.382174
-0.0173515 0.00622746 -0.0310535 0.631704 -0.45632 -0.51326 -0.359565
-0.0182017 0.00636711 -0.0311887 0.644339 -0.422157 -0.543625 -0.333291
-0.0188062 0.0051947 -0.0316013 0.655081 -0.386757 -0.572391 -0.306036
-0.019868 0.00525338 -0.0312268 0.664405 -0.3494 -0.599515 -0.277611
-0.0194639 0.00381669 -0.0316214 0.671714 -0.310995 -0.624825 -0.248351
-0.0203406 0.0034642 -0.0312782 0.677002 -0.271624 -0.648244 -0.218331
-0.0204258 0.00239017 -0.0313009 0.680242 -0.231433 -0.6697 -0.187651
-0.0210458 0.00163846 -0.0306459 -0.681518 0.190046 0.689187 0.156326
-0.0213139 0.000646829 -0.0301447 -0.680642 0.145938 0.707062 0.124473
-0.0216363 -0.000316915 -0.0301359 -0.678802 0.0979772 0.722112 0.0904575
-0.0216372 -0.00130189 -0.0304613 -0.674474 0.0496498 0.734489 0.0561004
-0.0204218 -0.00181436 -0.0310911 -0.667656 0.00115974 0.744157 0.0215459
-0.0209006 -0.00262786 -0.0310417 -0.65848 -0.0480318 0.750947 -0.0132963
-0.0208187 -0.00346078 -0.0313881 -0.647808 -0.098026 0.753909 -0.0485528
-0.0202175 -0.00439965 -0.0315695 -0.634643 -0.147677 0.753941 -0.0836292
-0.0193976 -0.00497324 -0.0320748 -0.619022 -0.196758 0.751056 -0.118381
-0.018437 -0.00562242 -0.0325442 -0.601823 -0.245842 0.744356 -0.152663
-0.0177761 -0.00610276 -0.0327149 -0.582261 -0.293971 0.734731 -0.186345
-0.0169686 -0.00631815 -0.0331426 -0.560421 -0.340952 0.722214 -0.219291
-0.0160865 -0.00661771 -0.0334689 -0.536034 -0.388231 0.706221 -0.251388
-0.0151002 -0.00634273 -0.0340777 -0.50946 -0.433913 0.687315 -0.282436
-0.0143768 -0.00669032 -0.034145 -0.480876 -0.478185 0.665275 -0.312261
-0.0136237 -0.00628938 -0.0347595 -0.450304 -0.520474 0.640469 -0.340784
-0.0131567 -0.00675389 -0.0348062 -0.418057 -0.561421 0.612268 -0.367645
-0.0122964 -0.00567757 -0.0349642 0.383906 0.599742 -0.581776 0.393021
-0.0118201 -0.00550613 -0.0353557 0.348332 0.6358 -0.548555 0.416547
-0.0114471 -0.00500736 -0.0356525 0.311338 0.669191 -0.513 0.438274
-0.0109588 -0.00439383 -0.0357293 0.272994 0.699769 -0.475285 0.458151
-0.0106525 -0.00374219 -0.0360782 0.234727 0.729697 -0.433287 0.474036
-0.0102267 -0.00332907 -0.0362764 0.195482 0.756941 -0.38894 0.487394
-0.00999481 -0.00250374 -0.036611 0.155324 0.780859 -0.342848 0.498589
-0.00973521 -0.00202118 -0.0368168 0.11095 0.807455 -0.287869 0.502831
-0.00967846 -0.00143725 -0.0368443 0.0659217 0.829428 -0.231251 0.504209
-0.0101568 -0.000638067 -0.0372165 0.0205166 0.846661 -0.173309 0.502703
-0.0101689 -0.000452188 -0.0373622 -0.0250093 0.859048 -0.114379 0.498327
-0.0107403 -0.0003506 -0.0380135 -0.0700741 0.866798 -0.0547318 0.490668
-0.01087 -0.000219396 -0.0379431 -0.114743 0.86936 0.00504884 0.480649
-0.0111836 -0.000515208 -0.0378931 -0.157647 0.866545 0.0629213 0.469349
-0.0112791 -0.000508704 -0.0380187 -0.199718 0.859089 0.120439 0.455603
-0.0117373 -0.000784246 -0.0384653 -0.240715 0.847081 0.177297 0.439405
-0.0117164 -0.000588938 -0.0381176 -0.280465 0.830372 0.233298 0.421182
-0.0118409 -0.000631703 -0.0379881 -0.318544 0.808861 0.287807 0.401797
-0.0120509 -0.000633529 -0.0380408 -0.352481 0.77928 0.341584 0.389616
-0.0124101 -0.00048853 -0.0380288 -0.382467 0.739695 0.39654 0.386428
-0.0129708 -0.0006866 -0.0380132 -0.41034 0.69602 0.449323 0.381164
-0.013273 -0.000302686 -0.0384154 -0.431857 0.639543 0.507092 0.383852
-0.0138487 -0.000563203 -0.0384912 -0.445784 0.575082 0.562723 0.392304
-0.0147283 -0.000880948 -0.0391377 -0.456363 0.5063 0.614121 0.397806
-0.0153725 -0.000809931 -0.0394923 -0.463506 0.433705 0.660909 0.40033
-0.0159463 -0.00083312 -0.0398356 -0.465487 0.356944 0.703417 0.401396
-0.0165202 -0.00101091 -0.0408237 -0.463884 0.27744 0.7405 0.399373
-0.0171937 -0.000979562 -0.0407727 -0.458464 0.195379 0.772086 0.394362
-0.0177988 -0.00127565 -0.0416406 -0.449475 0.111798 0.79766 0.386281
-0.0184845 -0.00162134 -0.0420381 -0.436968 0.0273099 0.817034 0.375191
-0.0189405 -0.00200332 -0.042554 -0.420986 -0.0574496 0.830075 0.361175
-0.0192038 -0.00219268 -0.0432095 -0.401723 -0.141748 0.836634 0.34434
-0.0189176 -0.00277215 -0.0436785 -0.379289 -0.224963 0.836673 0.324824
-0.0185809 -0.00292539 -0.0444268 -0.353893 -0.306419 0.830179 0.302772
-0.0186931 -0.0023553 -0.0449269 -0.325738 -0.385471 0.817206 0.278356
-0.0185994 -0.00166795 -0.0457872 -0.308983 -0.441955 0.803385 0.252543
-0.0186994 -0.00120596 -0.0462391 -0.311783 -0.477735 0.789439 0.226601
-0.0187976 -0.00105893 -0.0465165 -0.313924 -0.51248 0.773789 0.20017
-0.0185556 -0.00156636 -0.0462782 -0.312364 -0.547179 0.757037 0.172974
-0.0180436 -0.0011266 -0.0467048 -0.310113 -0.580658 0.738599 0.145393
-0.0180678 -0.00121687 -0.046562 -0.305685 -0.613073 0.719003 0.117193
-0.0186577 -0.00096404 -0.04641 -0.300569 -0.644108 0.697791 0.0887302
-0.0192447 -0.00071264 -0.046062 -0.295643 -0.670296 0.677994 0.0601901
-0.0188085 0.000159064 -0.0464532 0.290149 0.695202 -0.656898 -0.0315342
-0.0194507 0.000416341 -0.0464646 0.284114 0.718768 -0.634544 -0.00281949
-0.0198697 0.000755085 -0.0466667 0.289536 0.733503 -0.614467 0.0239766
-0.0194439 0.000823571 -0.0469198 0.29456 0.747237 -0.593547 0.0507414
-0.0195741 0.00107502 -0.047324 0.299194 0.759953 -0.571805 0.0774298
-0.0193196 0.00112792 -0.047586 0.302425 0.772301 -0.548843 0.10422
-0.0190339 0.00129541 -0.0478734 0.300276 0.784017 -0.526435 0.134238
-0.0188398 0.00177921 -0.0482312 0.297672 0.794476 -0.503269 0.164076
-0.0181814 0.00198935 -0.0486045 0.294583 0.80372 -0.479321 0.193672
-0.0182901 0.0020441 -0.0488031 0.215325 0.81865 -0.465389 0.258579
-0.0186938 0.00191107 -0.0490336 0.133716 0.824644 -0.446383 0.320666
-0.0191664 0.00167978 -0.0493019 0.047483 0.818812 -0.42633 0.381493
-0.0198285 0.00171015 -0.0496456 -0.0389816 0.803566 -0.40141 0.43776
-0.0200284 0.0015909 -0.049705 -0.125001 0.779078 -0.371883 0.488996
-0.0202064 0.00157909 -0.0498953 -0.150593 0.774752 -0.343991 0.50868
-0.0198708 0.00211138 -0.0495107 -0.176114 0.768833 -0.315506 0.527577
-0.0196351 0.00244069 -0.0494548 -0.201976 0.76106 -0.286444 0.545847
-0.018854 0.0027177 -0.0490473 -0.229533 0.750635 -0.25637 0.564038
-0.0199238 0.00344989 -0.0492869 -0.16455 0.809935 -0.23023 0.513737
-0.0197274 0.00381017 -0.0490304 -0.171688 0.814844 -0.194251 0.518475
-0.0197307 0.00421581 -0.0487882 -0.18667 0.811701 -0.157477 0.530568
-0.0197174 0.00443459 -0.0488975 -0.201335 0.807143 -0.120426 0.541739
-0.0207248 0.00421711 -0.0496542 -0.215239 0.8016 -0.0832037 0.551539
-0.0197478 0.00455155 -0.0493603 -0.231204 0.792797 -0.045144 0.562121
-0.0199289 0.00505272 -0.0490472 -0.247876 0.780994 -0.0065593 0.573213
-0.02022 0.00527642 -0.0492355 -0.264048 0.767596 0.0320396 0.583138
-0.0206155 0.00541202 -0.0494863 -0.279717 0.752632 0.0706112 0.591886
-0.0212063 0.00524033 -0.0499793 -0.294813 0.736138 0.109035 0.599417
-0.0214584 0.00519369 -0.0504225 -0.307544 0.729883 0.147372 0.592438
-0.0212697 0.00542093 -0.0502647 -0.319764 0.722337 0.185461 0.584457
-0.0211913 0.00559785 -0.0502306 -0.336963 0.703966 0.226522 0.582744
-0.0212608 0.005524 -0.0505451 -0.353378 0.683955 0.267052 0.579672
-0.0218363 0.00522336 -0.0508731 -0.368973 0.662367 0.306967 0.575255
-0.0220225 0.00503866 -0.0514006 -0.383916 0.64327 0.346081 0.564844
-0.0219845 0.00516023 -0.051566 -0.39801 0.622746 0.384436 0.553177
-0.0222104 0.00495626 -0.0515612 -0.410624 0.598292 0.422594 0.543009
-0.0223874 0.00473179 -0.0522342 -0.422402 0.573505 0.459518 0.5306
-0.0224603 0.00477664 -0.0524364 -0.43322 0.547398 0.495393 0.516986
-0.0225824 0.00457503 -0.0526019 -0.442766 0.519586 0.53047 0.502611
-0.0227811 0.00422826 -0.0531092 -0.45129 0.490583 0.564306 0.487065
-0.022769 0.00435915 -0.0535569 -0.459784 0.463277 0.596351 0.467284
-0.0229229 0.00381966 -0.0542305 -0.467333 0.435241 0.62695 0.446212
-0.0230038 0.00373138 -0.0548168 -0.476626 0.411812 0.654674 0.417916
-0.0230143 0.00385459 -0.0549633 -0.484863 0.387469 0.680953 0.388696
-0.0230579 0.00406364 -0.0553449 -0.493259 0.363759 0.705267 0.356351
-0.0230872 0.00369977 -0.0558161 -0.50152 0.341751 0.726963 0.321268
-0.0230784 0.00357009 -0.0561188 -0.513363 0.328337 0.743987 0.274129
-0.0231769 0.00351854 -0.0564964 -0.523759 0.314003 0.758897 0.226181
-0.02315 0.00285511 -0.0572778 -0.533795 0.30013 0.770723 0.176014
-0.0230708 0.00286177 -0.0574931 -0.54225 0.285369 0.780272 0.125328
-0.0228938 0.00254186 -0.0579749 -0.549457 0.270249 0.787157 0.073863
-0.0227616 0.00270505 -0.0580644 -0.555022 0.254323 0.791695 0.0221822
-0.0224779 0.0028384 -0.0579887 -0.550784 0.237884 0.799841 -0.0176748
-0.0224149 0.00306484 -0.0579785 -0.5362 0.23331 0.810319 -0.0379638
-0.0224444 0.00314328 -0.0580396 -0.49625 0.226313 0.83783 -0.0238559
-0.022557 0.00304537 -0.0582692 -0.455035 0.218742 0.863136 -0.0097084
-0.0225888 0.00288328 -0.0585276 -0.412643 0.210607 0.886205 0.00446321
-0.0227294 0.00287277 -0.0587127 -0.370343 0.202689 0.906339 0.0177926
-0.0230516 0.00294135 -0.0589906 -0.329486 0.19624 0.923056 0.0301075
-0.02341 0.0031415 -0.0595228 -0.294795 0.194384 0.934763 0.0391263
-0.0234444 0.00299733 -0.0595704 -0.259685 0.192252 0.945145 0.0480889
-0.0239097 0.00317512 -0.0599933 -0.224215 0.189855 0.954169 0.0569792
-0.024306 0.00323489 -0.0602156 -0.188462 0.187202 0.961832 0.0657722
-0.0250157 0.00353077 -0.0606401 -0.161486 0.190984 0.965598 0.0712124
-0.0253873 0.00390001 -0.0605825 -0.134416 0.194652 0.968601 0.0765796
-0.0255403 0.00376821 -0.06045 -0.107535 0.196545 0.971043 0.0829775
-0.0260637 0.0037436 -0.0606555 -0.0827444 0.201571 0.972044 0.0875384
-0.0263032 0.0039392 -0.0605918 -0.0594254 0.203329 0.972742 0.094344
-0.0264191 0.00395502 -0.0605009 -0.0373545 0.206625 0.972538 0.100444
-0.0263407 0.00466534 -0.0600881 -0.0152774 0.209837 0.971803 0.106474
-0.0269761 0.0045209 -0.0604833 0.00679978 0.212932 0.970555 0.112455
-0.0269952 0.00437612 -0.0603031 0.0289294 0.215939 0.968778 0.118342
-0.0276419 0.00425813 -0.0603729 0.0493417 0.218378 0.96658 0.124933
-0.0277775 0.00388763 -0.0597843 0.0682392 0.219291 0.964165 0.132832
-0.0275356 0.00349756 -0.0587657 0.0807753 0.217452 0.962002 0.144052
-0.0286927 0.00332337 -0.0592996 0.0932851 0.215547 0.959554 0.15523
-0.0291949 0.00308974 -0.0590936 0.0936249 0.206419 0.958283 0.174151
-0.0292714 0.00286028 -0.0585983 0.0769973 0.187708 0.957847 0.203394
-0.0293022 0.00282603 -0.058523 0.060709 0.170951 0.955868 0.231121
-0.0300454 0.00291858 -0.0592137 0.0443397 0.153968 0.952622 0.258539
-0.0295634 0.00291026 -0.0589705 0.0279187 0.136789 0.948126 0.285615
-0.0293582 0.0026802 -0.0578141 0.0114451 0.11943 0.942374 0.312313
-0.0297462 0.00299276 -0.0583515 -0.00538622 0.10173 0.935329 0.338807
-0.0304372 0.00275521 -0.0584324 -0.0273085 0.0998776 0.929297 0.354526
-0.0304172 0.0031592 -0.0592819 -0.0491514 0.0979701 0.92257 0.369948
-0.0299859 0.00306358 -0.058979 -0.0709565 0.095988 0.915132 0.385081
-0.0298112 0.0030135 -0.0589753 -0.0848148 0.10045 0.910644 0.391732
-0.0296134 0.00295849 -0.058644 -0.098644 0.104885 0.9059 0.398266
-0.0296713 0.00299698 -0.0589732 -0.109929 0.109199 0.901784 0.403469
-0.0291706 0.00216105 -0.0584238 -0.121183 0.113482 0.897491 0.408593
-0.0290775 0.0021052 -0.0582939 -0.132416 0.117744 0.893034 0.413646
-0.0290638 0.00231882 -0.0581391 -0.143622 0.121984 0.888402 0.418614
-0.0290902 0.00244727 -0.0581337 -0.1548 0.126198 0.883608 0.423507
-0.0289901 0.00232557 -0.0580555 -0.165947 0.130388 0.87864 0.428317
-0.0289439 0.00199699 -0.058052 -0.177058 0.13455 0.873511 0.433054
-0.0290028 0.00172629 -0.0580088 -0.180925 0.145027 0.858978 0.456502
-0.0290341 0.00177353 -0.0579313 -0.184661 0.155279 0.843763 0.479441
-0.0291273 0.00146524 -0.0579494 -0.188236 0.165383 0.827819 0.501934
-0.0291664 0.00182094 -0.0578322 -0.191652 0.175342 0.811161 0.52399
-0.0293207 0.00198093 -0.0576935 -0.194896 0.185137 0.793775 0.545589
-0.0294073 0.00203229 -0.0576527 -0.197973 0.194778 0.775713 0.566709
-0.0289991 0.00221132 -0.057697 -0.200873 0.204241 0.756955 0.587334
