0 0 0 0 0 0 1
-9.32214e-05 0.000115359 0.000177258 -0.000327331 -0.000221168 -5.89317e-05 1
-8.97959e-05 0.000284845 0.000268668 -0.000747883 -0.000420659 -0.000102836 1
-0.000136044 0.000523431 0.000203061 -0.00118426 -0.000632576 -0.000151158 0.999999
-0.000165906 0.000696165 0.000269356 -0.00307646 -0.00501715 -0.00118314 0.999982
-0.000129987 0.000935616 0.000203017 -0.0103907 -0.0246821 -0.00574665 0.999625
-6.80971e-05 0.00111785 0.000197632 -0.0178117 -0.0442504 -0.0103843 0.998808
6.833e-07 0.00136283 0.000131014 -0.025579 -0.0638308 -0.0149668 0.997521
0.000111016 0.00162147 9.53858e-05 -0.0333735 -0.0834686 -0.0195686 0.995759
0.000190855 0.00182802 0.000119646 -0.0578431 -0.103768 -0.0202098 0.992712
0.000293179 0.00207507 6.49767e-05 -0.0981743 -0.118032 -0.0159429 0.988016
0.000328966 0.0022144 0.00012836 -0.138227 -0.132119 -0.0116786 0.981479
0.000374925 0.00235504 -0.000156252 -0.17799 -0.145998 -0.00739319 0.973113
0.00049586 0.00257095 -0.000107284 -0.217451 -0.159594 -0.00309112 0.962931
0.000553048 0.00274631 -0.000233775 -0.256536 -0.172896 0.00122096 0.950944
0.000692269 0.00293549 -0.000393685 -0.295286 -0.185784 0.0055456 0.937155
0.000856749 0.00306534 -0.000581768 -0.335053 -0.194633 0.010324 0.921819
0.000963028 0.00322266 -0.000681841 -0.37421 -0.203104 0.015086 0.904703
0.00109318 0.00336707 -0.00086539 -0.413053 -0.210824 0.0197627 0.885748
0.00124297 0.00353351 -0.0010603 -0.462882 -0.208536 0.0234505 0.861222
0.00134716 0.00362784 -0.001206 -0.525653 -0.196575 0.0256597 0.827278
0.00139616 0.00354284 -0.00135698 -0.585525 -0.183673 0.0277387 0.789085
0.00141227 0.0036004 -0.001416 -0.642338 -0.169822 0.0296749 0.746781
0.0014483 0.00346738 -0.00149524 -0.695732 -0.155111 0.0314238 0.70065
0.00157341 0.00351083 -0.00162716 -0.74568 -0.13947 0.0329791 0.650709
0.00164211 0.00335384 -0.00180034 -0.791817 -0.123008 0.0343336 0.597257
0.00174901 0.00332701 -0.00194602 -0.833794 -0.105902 0.0355103 0.54066
0.0017718 0.00322266 -0.0020199 0.871379 0.0882652 -0.0365241 -0.481222
0.0018802 0.00304333 -0.00213462 0.904383 0.0701642 -0.0373457 -0.419254
0.00192265 0.00283223 -0.00213964 0.93258 0.0517762 -0.0380245 -0.3552
0.00193247 0.00281326 -0.00227346 0.955787 0.0340627 -0.039377 -0.289415
0.0019076 0.0029246 -0.00245225 0.974034 0.017202 -0.0418324 -0.221837
0.00183588 0.00282846 -0.00253675 0.987244 0.00132701 -0.0460525 -0.152403
0.00185045 0.00269236 -0.00251917 0.994909 -0.0125036 -0.0534527 -0.0845082
0.0017538 0.00262542 -0.00262039 0.997349 -0.0234629 -0.0669193 -0.016329
0.00164386 0.00240798 -0.00239006 0.994818 -0.0334106 -0.081569 0.0506733
0.00157071 0.00233147 -0.00219339 0.987535 -0.0431449 -0.095844 0.117167
0.00144662 0.00234288 -0.00256171 0.971094 -0.0523402 -0.118838 0.200283
0.00143606 0.00241412 -0.00240772 0.949242 -0.0591998 -0.143971 0.273327
0.00136403 0.00233647 -0.00276877 0.921227 -0.0656757 -0.16817 0.344596
0.00119185 0.00230573 -0.00301082 0.887287 -0.0717085 -0.191428 0.413442
0.00121964 0.00240987 -0.00283832 0.847607 -0.0772773 -0.213448 0.479614
0.00124463 0.00242496 -0.00285314 0.804915 -0.0824733 -0.231655 0.540044
0.00130413 0.00261999 -0.00272362 0.76673 -0.0876987 -0.249896 0.584795
0.00136966 0.00261529 -0.00272118 0.725659 -0.0925902 -0.267182 0.627264
0.00150378 0.00271112 -0.00263914 0.681862 -0.0971427 -0.283551 0.667253
0.0017138 0.00288173 -0.00249232 0.635465 -0.101319 -0.298835 0.704711
0.00178541 0.00289593 -0.00247722 0.589665 -0.107706 -0.319072 0.734089
0.0019262 0.00288131 -0.00247336 0.541892 -0.113734 -0.33823 0.760933
0.000961816 0.00136288 -0.0026762 0.492271 -0.119375 -0.356239 0.785183
0.00101159 0.000793069 -0.0029335 0.440977 -0.124608 -0.373031 0.806759
0.00100519 0.000875946 -0.00303547 0.388223 -0.129436 -0.388554 0.825563
0.00103102 0.000677366 -0.0031011 0.34257 -0.129424 -0.393557 0.843213
0.00103726 0.000671086 -0.00316753 0.296312 -0.129365 -0.397615 0.8587
0.00111855 0.000729165 -0.00325848 0.242594 -0.131116 -0.405168 0.871663
0.00134444 0.000751786 -0.00337281 0.187524 -0.129949 -0.410132 0.883029
0.00157948 0.000619064 -0.00340077 0.132056 -0.128242 -0.413649 0.891633
0.0013402 3.42235e-05 -0.00292002 0.0762204 -0.126096 -0.41583 0.897427
0.00164238 -0.000244371 -0.00291199 0.0208802 -0.121415 -0.415771 0.901087
0.00176682 -0.000457662 -0.00280961 -0.0344263 -0.11631 -0.414397 0.901977
0.00196595 -0.000595308 -0.00277653 -0.0861368 -0.0927675 -0.408577 0.903902
0.002107 -0.000667857 -0.00275522 -0.137562 -0.0688424 -0.40141 0.902888
0.00224172 -0.000583239 -0.00286497 -0.188618 -0.0445751 -0.392912 0.89892
0.00224791 -0.000376731 -0.00293996 -0.239034 -0.0201241 -0.383114 0.892009
0.00231491 -0.000283951 -0.00307115 -0.288659 0.00440683 -0.372054 0.882175
0.00235995 -0.000163303 -0.00299135 -0.335766 0.0377943 -0.36083 0.869272
0.00224869 -0.000100498 -0.00316611 -0.381642 0.0710365 -0.348294 0.853226
0.00215082 7.53485e-05 -0.00322477 -0.426244 0.103611 -0.334335 0.834146
0.00203372 0.000206307 -0.00339452 -0.469635 0.135193 -0.318846 0.812098
0.00198259 0.000312059 -0.00353886 -0.51134 0.166305 -0.302204 0.787112
0.00197552 0.000276425 -0.00350088 -0.551153 0.196845 -0.284511 0.7593
0.00197158 0.000251175 -0.00352641 -0.58893 0.226879 -0.266011 0.728646
0.0020753 0.00040102 -0.00362458 -0.624865 0.256582 -0.246689 0.694878
0.00212742 0.00045287 -0.0037503 -0.658756 0.285274 -0.226232 0.658391
0.0020189 0.000321691 -0.00391169 -0.690196 0.312906 -0.204932 0.619454
0.00185527 0.000231527 -0.00404194 -0.719075 0.339381 -0.182865 0.578197
0.00170028 7.55445e-05 -0.00423769 -0.745271 0.36465 -0.160119 0.534757
0.00217844 0.000328505 -0.00437401 0.768685 -0.38856 0.136777 -0.489322
0.00207388 0.00034196 -0.00444869 0.78923 -0.411036 0.112945 -0.442051
0.00201495 0.000312834 -0.00447384 0.806819 -0.432083 0.0888654 -0.393
0.00191933 0.000232859 -0.00444 0.82141 -0.451515 0.0644401 -0.342443
0.001806 0.000148741 -0.00441137 0.841282 -0.47603 0.0429841 -0.25257
0.00166673 0.000104329 -0.00427959 0.851176 -0.498847 0.0266218 -0.16107
0.00157931 0.00013151 -0.00422304 0.85306 -0.517319 0.0102206 -0.0675686
0.00148554 0.000155228 -0.0041319 0.846549 -0.531564 -0.00637061 0.0274771
0.00143221 0.000213641 -0.00402569 0.831793 -0.540993 -0.0226404 0.122202
0.00140823 0.000296976 -0.00399696 0.809019 -0.547934 -0.03604 0.209664
0.00136757 0.000386765 -0.0039197 0.774066 -0.55024 -0.0372566 0.310918
0.00129487 0.000532677 -0.00385578 0.730223 -0.546239 -0.0380443 0.408595
0.00128285 0.000642164 -0.0038963 0.677999 -0.535969 -0.0383937 0.501577
0.00124589 0.000780533 -0.00389823 0.617994 -0.519548 -0.0383008 0.588802
0.00129068 0.00100486 -0.0039408 0.55102 -0.497331 -0.0377002 0.669042
0.000838946 0.000615065 -0.00409031 0.477755 -0.469433 -0.0366676 0.741646
0.000654505 0.000765368 -0.00412456 0.399031 -0.436173 -0.0352155 0.805783
0.000617716 0.000938264 -0.00412177 0.31538 -0.39574 -0.0323019 0.861906
0.000449444 0.0011291 -0.00424505 0.228008 -0.350625 -0.0289992 0.907873
0.000196104 0.00124579 -0.00437289 0.137317 -0.291551 -0.0201384 0.946434
-0.000173358 0.00138665 -0.00448875 0.0447956 -0.228613 -0.0110124 0.972424
-0.000442767 0.00146465 -0.00472665 -0.048583 -0.171226 -0.00178073 0.984032
-0.00074922 0.00152348 -0.00469326 -0.141306 -0.111825 0.0075222 0.983601
-0.00104007 0.00161488 -0.00464003 -0.233268 -0.0581168 0.0185543 0.970497
-0.00120438 0.00161552 -0.00465512 -0.322358 -0.00371845 0.0294206 0.946153
-0.00128829 0.00162046 -0.00466327 -0.412646 0.0527232 0.0381327 0.908565
-0.00136397 0.00195376 -0.00431152 -0.492687 0.0900312 0.0593303 0.863501
-0.00137838 0.00185688 -0.00421272 -0.567652 0.126417 0.0799103 0.809571
-0.0014431 0.0017726 -0.00410282 -0.636677 0.161479 0.0996635 0.747418
-0.00147899 0.00167734 -0.00405637 -0.699002 0.196927 0.115403 0.677716
-0.00150101 0.00164097 -0.00399862 -0.75417 0.230372 0.129948 0.601057
-0.00154154 0.0015957 -0.00393495 -0.801171 0.268124 0.133473 0.518093
-0.0015803 0.00165722 -0.0038852 0.839604 -0.303183 -0.135715 -0.429797
-0.00163438 0.00165119 -0.0038065 0.868987 -0.335276 -0.136265 -0.337468
-0.00166684 0.00168874 -0.00374239 0.889315 -0.363876 -0.135394 -0.241621
-0.00172314 0.00174645 -0.0037156 0.893869 -0.395873 -0.137195 -0.159565
-0.00177733 0.00181191 -0.00373149 0.891468 -0.424788 -0.137926 -0.0762604
-0.00182627 0.0018816 -0.00368254 0.882131 -0.450379 -0.137642 0.00767247
-0.00188345 0.00198744 -0.00362184 0.865888 -0.472565 -0.136264 0.0913911
-0.00191084 0.00206281 -0.0035406 0.842897 -0.491243 -0.133615 0.174217
-0.00199196 0.00215368 -0.00343859 0.813318 -0.506127 -0.129914 0.255875
-0.00202479 0.00226074 -0.0033904 0.77741 -0.517075 -0.125203 0.335548
-0.0020134 0.00240273 -0.00330831 0.730803 -0.533367 -0.130347 0.405531
-0.00202624 0.00250592 -0.00323322 0.676982 -0.547333 -0.137645 0.472415
-0.00202844 0.00261681 -0.00321038 0.618002 -0.557143 -0.143896 0.535685
-0.00202291 0.00278373 -0.00318656 0.55094 -0.565455 -0.155153 0.593847
-0.00199587 0.00292864 -0.00319009 0.477322 -0.573863 -0.167997 0.643911
-0.00300807 0.00247263 -0.00321622 0.398371 -0.578821 -0.182265 0.687784
-0.00314513 0.00246571 -0.00325437 0.310203 -0.587158 -0.206033 0.718728
-0.00326022 0.00240725 -0.00320831 0.219739 -0.591112 -0.228441 0.741698
-0.0031118 0.00244205 -0.0030879 0.12726 -0.58966 -0.248751 0.757779
-0.00309071 0.0024998 -0.00294645 0.0336344 -0.583072 -0.266792 0.766628
-0.00316685 0.00242374 -0.00279532 -0.0576189 -0.569363 -0.280428 0.770627
-0.0029979 0.00249982 -0.0030047 -0.148436 -0.550762 -0.29163 0.767841
-0.00323153 0.00284285 -0.00301418 -0.238015 -0.527408 -0.300243 0.758316
-0.00318174 0.00279956 -0.00333037 -0.325517 -0.499456 -0.306226 0.742165
-0.00316693 0.00286188 -0.00357504 -0.417709 -0.473203 -0.305546 0.71291
-0.00315748 0.00285452 -0.00372629 -0.502962 -0.441952 -0.300843 0.679119
-0.00319521 0.0027355 -0.00379037 -0.583484 -0.406553 -0.293292 0.638937
-0.00322137 0.00266665 -0.00382361 -0.658512 -0.367414 -0.282782 0.592794
-0.00326455 0.00260248 -0.00382262 -0.724389 -0.324797 -0.268935 0.545382
-0.0032954 0.00265322 -0.00383522 0.784021 0.279386 0.252773 -0.493317
-0.00328917 0.00274158 -0.00407085 0.836979 0.231593 0.234314 -0.436952
-0.00329387 0.00301266 -0.00438801 0.882818 0.181839 0.213617 -0.376742
-0.00352084 0.00288549 -0.00454625 0.922435 0.132126 0.185618 -0.311772
-0.00360829 0.00276714 -0.00440264 0.953645 0.0812628 0.156044 -0.24415
-0.00381519 0.00257299 -0.0043973 0.97656 0.0298593 0.122751 -0.174272
-0.00395858 0.00236853 -0.00430248 0.990929 -0.022412 0.0806628 -0.105128
-0.00402648 0.0023505 -0.00433398 0.995891 -0.0744696 0.037808 -0.0350046
-0.00423777 0.00218499 -0.00443144 0.990755 -0.129176 -0.0156519 0.0383994
-0.00461349 0.00204999 -0.0045009 0.972734 -0.18608 -0.0796913 0.113188
-0.0049272 0.00195952 -0.00448692 0.937726 -0.245687 -0.156252 0.189458
-0.0051226 0.00184968 -0.00441637 0.880975 -0.306244 -0.24439 0.265275
-0.00513608 0.00179162 -0.00409436 0.793856 -0.362489 -0.343844 0.346649
-0.00498885 0.0017625 -0.00387856 0.668975 -0.417424 -0.454395 0.414435
-0.00471216 0.00169819 -0.00392376 -0.52043 0.457591 0.548827 -0.467496
-0.00466569 0.00141843 -0.00394236 0.353463 -0.481549 -0.623821 0.504005
-0.00474595 0.00107756 -0.00385252 0.174003 -0.488447 -0.676721 0.522677
-0.00472253 0.000629776 -0.00370432 -0.00941328 -0.477869 -0.705441 0.52336
-0.00514676 0.000438324 -0.00302865 -0.191227 -0.450254 -0.70977 0.506885
-0.00501024 0.000135679 -0.00244784 0.366504 0.407267 0.689899 -0.473125
-0.00498232 -6.36201e-05 -0.00209204 0.529224 0.350448 0.646508 -0.423245
-0.00487835 -0.000195119 -0.00175744 0.666813 0.280876 0.587856 -0.361794
-0.00457826 -0.000275715 -0.00150543 0.780444 0.206262 0.5137 -0.290649
-0.00437701 -0.000438724 -0.00134042 0.871405 0.125674 0.424635 -0.211056
-0.00404168 -0.000656716 -0.00129128 0.937052 0.0415095 0.323286 -0.125288
-0.00388645 -0.000875878 -0.0010151 0.975521 -0.0438224 0.212483 -0.0359053
-0.00346998 -0.00100507 -0.000955975 0.985611 -0.126606 0.0983549 0.0535588
-0.00321298 -0.00165799 -0.0015616 0.968037 -0.20334 -0.0128327 0.146261
-0.0028268 -0.00241715 -0.00190667 0.924418 -0.271773 -0.119193 0.239552
-0.00282245 -0.00279047 -0.00217673 0.856207 -0.332973 -0.222377 0.326477
-0.00266926 -0.00281141 -0.00226084 0.765235 -0.385309 -0.319623 0.404716
-0.00246338 -0.00302689 -0.00228617 0.656183 -0.424907 -0.404823 0.474337
-0.00224822 -0.00326758 -0.00235864 0.535265 -0.448861 -0.474644 0.53547
-0.00193439 -0.00353713 -0.0024673 0.411392 -0.457396 -0.525582 0.587629
-0.0018694 -0.0037347 -0.0023623 0.280062 -0.440348 -0.570386 0.634287
-0.0017029 -0.0038957 -0.00237469 0.142967 -0.413583 -0.602666 0.66731
-0.00182423 -0.00363506 -0.00206054 0.00277735 -0.377857 -0.621911 0.685889
-0.00177482 -0.00334685 -0.0015041 -0.150179 -0.31463 -0.63767 0.686899
-0.00184932 -0.00357947 -0.00169947 -0.297184 -0.243469 -0.635253 0.66997
-0.00190115 -0.0037792 -0.00187809 -0.432461 -0.160961 -0.618133 0.636381
-0.00211848 -0.00392037 -0.00187699 -0.542308 -0.077656 -0.586701 0.596369
-0.00210844 -0.00387001 -0.00180802 -0.636105 0.00944596 -0.54658 0.544546
-0.00221787 -0.00403921 -0.00166688 0.715503 -0.0974884 0.496847 -0.481347
-0.00199916 -0.00375473 -0.00178446 0.7802 -0.183534 0.436934 -0.408278
-0.00214118 -0.00370566 -0.00176174 0.828805 -0.265853 0.368221 -0.326832
-0.00228499 -0.00392234 -0.00164066 0.859831 -0.343354 0.293565 -0.237942
-0.00237936 -0.00405394 -0.00150137 0.866484 -0.419762 0.232348 -0.137913
-0.00240715 -0.00430913 -0.00151145 0.855364 -0.487577 0.174317 -0.0152944
-0.00194373 -0.00368004 -0.00352908 0.824464 -0.544119 0.112254 0.107676
-0.00189646 -0.00384909 -0.00293867 0.774497 -0.588076 0.0475956 0.228156
-0.00190186 -0.0040283 -0.00215818 0.70656 -0.618423 -0.0179539 0.343517
-0.00183206 -0.00402241 -0.00136044 -0.617771 0.629101 0.0761544 -0.465607
-0.0016888 -0.00390969 -0.00111026 0.512758 -0.623251 -0.132329 0.575436
-0.00155432 -0.00380623 -0.000745159 0.394216 -0.600931 -0.184998 0.670261
-0.00110413 -0.00362117 -0.000591337 0.267539 -0.56585 -0.22778 0.745891
-0.000639306 -0.0033553 -0.000606504 0.129722 -0.516223 -0.27229 0.801588
-0.00028519 -0.00349558 -0.000799499 -0.00639737 -0.458309 -0.304868 0.834846
0.000160034 -0.00376574 -0.000671016 -0.142346 -0.389338 -0.330102 0.848048
0.000501517 -0.00416286 -0.000711187 -0.274776 -0.310918 -0.347351 0.840937
0.000606906 -0.00436754 -0.000681764 -0.399445 -0.223484 -0.356491 0.814501
0.000711602 -0.00471648 -0.000714904 -0.510528 -0.128741 -0.356539 0.771795
0.000589393 -0.00502709 -0.000735869 -0.608576 -0.0318446 -0.347298 0.712745
0.000491991 -0.00528501 -0.000740872 -0.684543 0.0621912 -0.32749 0.648293
0.00179801 -0.00327686 -0.000732112 -0.747402 0.155046 -0.30141 0.571405
0.00167548 -0.00354663 -0.000708761 0.795936 -0.244925 0.269553 -0.48357
0.00152463 -0.00358236 -0.000636267 0.828934 -0.327249 0.230487 -0.390707
0.00147112 -0.00345084 -0.00076796 0.847081 -0.403619 0.187074 -0.290774
0.00143577 -0.00330588 -0.000706292 0.849922 -0.465036 0.133203 -0.208881
0.00144386 -0.00321869 -0.000686554 0.841495 -0.519103 0.0750795 -0.129549
0.00144824 -0.00317377 -0.000657557 0.822858 -0.565248 0.00805403 -0.0577422
0.00142629 -0.00314493 -0.000551368 0.795343 -0.602916 -0.0624535 0.00477005
0.0014406 -0.00314174 -0.000491644 0.759083 -0.633886 -0.132252 0.0670084
0.00136309 -0.00319707 -0.000525491 0.717126 -0.657136 -0.188325 0.135785
0.00127328 -0.00325184 -0.000552408 0.672232 -0.670956 -0.227912 0.214425
0.0012721 -0.00324327 -0.000490299 -0.62067 0.67811 0.265209 -0.290862
0.00130471 -0.00315644 -0.000426264 -0.562938 0.678543 0.299893 -0.364338
0.00136496 -0.00309137 -0.000331474 -0.499602 0.677335 0.336613 -0.422264
0.00129568 -0.00307879 -0.000284291 -0.431934 0.67022 0.370378 -0.476506
0.00119649 -0.00299146 -0.000222336 0.359453 -0.658411 -0.401923 0.525117
0.00114664 -0.00297769 -0.000130881 0.283833 -0.640839 -0.429943 0.569133
0.00108861 -0.00289459 -7.55339e-05 0.205771 -0.617858 -0.454154 0.607992
0.00113928 -0.00285879 5.15316e-06 0.125925 -0.589502 -0.474398 0.641542
0.00118994 -0.00288713 -1.2831e-05 0.0449961 -0.556014 -0.490504 0.6695
0.00119169 -0.00289883 -3.05028e-05 -0.036016 -0.517928 -0.502184 0.691567
0.00119878 -0.00292423 -7.43523e-05 -0.115779 -0.480713 -0.507922 0.705355
0.00116948 -0.00291797 -2.35629e-05 -0.194289 -0.439603 -0.509608 0.713652
0.00112691 -0.00289912 2.11846e-05 -0.267453 -0.395851 -0.506834 0.717559
0.00116292 -0.00285918 3.58553e-05 -0.338665 -0.349211 -0.500364 0.716235
0.00118884 -0.00278945 5.17612e-05 -0.407387 -0.300015 -0.490267 0.709694
0.00124908 -0.00273237 3.06334e-05 -0.473119 -0.248616 -0.476614 0.697988
0.00126708 -0.00274082 -3.25667e-05 -0.535564 -0.195542 -0.459369 0.681113
0.00122844 -0.00283443 -9.86846e-05 -0.594147 -0.141196 -0.438645 0.659275
0.00125779 -0.0028213 -9.79511e-05 -0.648375 -0.0858232 -0.41474 0.632643
0.00132764 -0.00279855 -0.000123336 -0.697955 -0.0296583 -0.387908 0.601254
0.00144738 -0.00276496 -0.000228568 -0.748267 0.0345012 -0.362054 0.55482
0.00153348 -0.00283276 -0.000265369 -0.791499 0.098532 -0.332961 0.502951
0.00158018 -0.00288189 -0.00035241 0.829705 -0.166619 0.304772 -0.436969
0.00159849 -0.0028888 -0.00036913 0.859698 -0.244972 0.284894 -0.34604
0.00157261 -0.00297027 -0.000284566 0.876185 -0.319486 0.260559 -0.249676
0.00157072 -0.00307426 -0.000221255 0.878913 -0.388982 0.232134 -0.149391
0.00141896 -0.00325161 -0.000171453 0.867701 -0.453454 0.199916 -0.0388571
0.00140218 -0.0035243 -7.33161e-05 0.841261 -0.509977 0.164214 0.0723597
0.00119688 -0.00356993 8.49277e-05 0.800055 -0.557564 0.125647 0.18234
0.000913106 -0.00355161 0.000787919 0.744811 -0.595365 0.0848778 0.289123
0.000689019 -0.00371835 0.00194409 0.675377 -0.622161 0.0451335 0.393378
0.00157418 -0.00325196 0.00343692 -0.594033 0.637745 -0.00536632 -0.490281
0.00159297 -0.00342317 0.00381447 0.501712 -0.641393 -0.034141 0.579426
0.0017431 -0.00346278 0.00383313 0.401042 -0.634331 -0.0718271 0.656986
0.00185936 -0.00354073 0.00383822 0.293766 -0.616331 -0.107408 0.722705
0.00194363 -0.003611 0.0038973 0.181425 -0.584174 -0.138895 0.778803
0.0020142 -0.0036369 0.00398139 0.0631462 -0.530669 -0.166776 0.828607
0.00211827 -0.00368846 0.00392822 -0.0522643 -0.458959 -0.180738 0.868308
0.00197474 -0.00375308 0.00376347 -0.166592 -0.378012 -0.19102 0.89043
0.00197961 -0.00383935 0.00364346 -0.277542 -0.289428 -0.197422 0.894553
0.00188756 -0.00389729 0.00360879 -0.382863 -0.19498 -0.199825 0.880607
0.00178826 -0.00389587 0.00340311 -0.479158 -0.0999908 -0.194623 0.850019
0.0017083 -0.0038448 0.00326224 -0.565959 -0.00316179 -0.185512 0.803285
0.00166662 -0.00382576 0.0032939 -0.641699 0.0939457 -0.172892 0.741286
0.00146899 -0.00374305 0.00309564 -0.70741 0.183472 -0.15178 0.665487
0.00133892 -0.00372871 0.00295314 -0.75953 0.264018 -0.118281 0.582598
0.0012056 -0.0037499 0.00276727 0.804326 -0.334483 0.0755163 -0.485262
0.00104628 -0.00376132 0.00268067 0.834393 -0.398805 0.0312159 -0.379167
0.000828605 -0.00381608 0.00261218 0.850849 -0.449866 -0.0305028 -0.269718
0.000727675 -0.00385555 0.00254417 0.850089 -0.490943 -0.105256 -0.158883
0.000623693 -0.0039137 0.00264395 0.828083 -0.526158 -0.18512 -0.0562861
0.000396832 -0.00393284 0.00261705 0.790108 -0.55039 -0.265552 0.0477624
0.000245396 -0.00398438 0.00273127 0.736793 -0.563986 -0.34103 0.15085
0.000133771 -0.00404615 0.00283868 0.669209 -0.56671 -0.409875 0.251002
-0.00161108 -0.00301076 0.00230443 0.588677 -0.558469 -0.470797 0.3463
-0.00153721 -0.00313205 0.00263696 -0.496756 0.539422 0.522611 -0.434896
-0.00103444 -0.00313945 0.00305365 0.395229 -0.509946 -0.564318 0.515068
-0.000306933 -0.00319327 0.0031637 0.286086 -0.470674 -0.595066 0.585248
-0.000217583 -0.00308388 0.00320665 0.171417 -0.422307 -0.614319 0.644117
-0.000152329 -0.00293765 0.00327439 0.0533967 -0.365815 -0.621727 0.690494
-8.45945e-05 -0.00278028 0.00326 -0.0689737 -0.304246 -0.617574 0.721998
9.28957e-06 -0.00274264 0.00323075 -0.190012 -0.236674 -0.601212 0.739205
5.23715e-05 -0.00277051 0.00322536 -0.307099 -0.164346 -0.573081 0.741795
0.000203263 -0.00281684 0.00318759 -0.418159 -0.0887376 -0.533668 0.729703
0.000212906 -0.00280638 0.00314302 -0.520973 -0.0114817 -0.483708 0.703195
0.000274978 -0.00283779 0.00308756 -0.613442 0.0661812 -0.424495 0.662656
0.000301468 -0.00293647 0.00306481 -0.69376 0.14254 -0.356962 0.609065
0.000314324 -0.0029535 0.00298202 -0.760407 0.216097 -0.28241 0.543442
0.000236308 -0.0029422 0.00291258 0.812103 -0.285244 0.202242 -0.467145
0.00016864 -0.00304868 0.00287247 0.84781 -0.348763 0.118091 -0.381625
8.724e-05 -0.00306846 0.0028987 0.865942 -0.403939 0.0316401 -0.29322
1.26933e-05 -0.00311584 0.00289868 0.869732 -0.450878 -0.0422662 -0.196185
-7.44691e-05 -0.00309723 0.0029181 0.858654 -0.490111 -0.115451 -0.0957955
-0.000155153 -0.00306188 0.00298906 0.832643 -0.52088 -0.188059 0.00472402
-0.000286249 -0.00296965 0.00306288 0.792063 -0.542667 -0.259569 0.1038
-0.000350282 -0.00295424 0.00308017 0.737978 -0.555198 -0.326649 0.201105
-0.000347323 -0.00293865 0.00317065 0.67131 -0.558324 -0.388141 0.294898
-0.000454463 -0.00284651 0.00320735 0.593209 -0.551835 -0.443074 0.383754
-0.000361352 -0.00272393 0.00322949 -0.504934 0.536088 0.490501 -0.465898
-0.000389897 -0.00268761 0.00329147 0.410831 -0.508048 -0.527011 0.543473
-0.000329334 -0.00262758 0.00332551 0.313458 -0.470679 -0.551454 0.613274
-0.000326166 -0.00247755 0.00333264 0.210877 -0.425754 -0.566932 0.672942
-0.000302319 -0.00236692 0.00332027 0.114597 -0.374349 -0.568564 0.72351
-0.000223407 -0.00219944 0.00329769 0.0165396 -0.317223 -0.562223 0.763544
-0.000244479 -0.00209288 0.00318492 -0.0798099 -0.259516 -0.54642 0.79228
-0.000239259 -0.00190561 0.00314413 -0.175087 -0.198251 -0.523329 0.810041
-0.000272615 -0.00174101 0.00310935 -0.26633 -0.133421 -0.494347 0.816633
-0.000368631 -0.00156602 0.00306345 -0.345003 -0.082912 -0.45706 0.815595
-0.000386294 -0.00134026 0.00302188 -0.419778 -0.0312324 -0.415638 0.806262
-0.000505313 -0.00107334 0.00293927 -0.490327 0.0207614 -0.37003 0.788813
-0.000700397 -0.000984079 0.00266632 -0.555926 0.0725323 -0.320711 0.763434
-0.0008068 -0.000966299 0.00251238 -0.615888 0.123587 -0.268211 0.730392
-0.00091664 -0.000865336 0.0024325 -0.667835 0.171008 -0.214764 0.691831
-0.00103657 -0.000767109 0.00236749 -0.713579 0.216842 -0.15932 0.646842
-0.00120912 -0.000681695 0.00230396 -0.746638 0.258784 -0.118145 0.601337
-0.001382 -0.000572557 0.00223823 -0.774815 0.298835 -0.0762927 0.551853
-0.00154289 -0.000471883 0.00218452 0.797926 -0.336606 0.0339517 -0.498856
-0.00167862 -0.000394629 0.0021332 0.815804 -0.372168 -0.00860764 -0.442585
-0.00181207 -0.000327133 0.00209192 0.828365 -0.405362 -0.0504183 -0.383343
-0.00197256 -0.000246151 0.00204161 0.835567 -0.435885 -0.0919035 -0.321538
-0.0021493 -0.00015357 0.00201987 0.837503 -0.463248 -0.1332 -0.257388
-0.00228864 -8.9895e-05 0.00199845 0.833946 -0.487555 -0.173617 -0.191524
-0.0024409 -5.60846e-05 0.00197923 0.824911 -0.508656 -0.212888 -0.124382
-0.00258775 -4.88106e-05 0.0019672 0.810515 -0.526353 -0.250706 -0.0562551
-0.00274122 -0.000128698 0.00199801 0.790784 -0.540568 -0.286875 0.0122666
-0.00287465 -0.000161844 0.00203417 0.765843 -0.551197 -0.321174 0.0807047
-0.00297743 -0.000269752 0.00213724 0.735854 -0.558182 -0.353357 0.148629
