0 0 0 0 0 0 1
0.000127038 9.71429e-05 0.000196529 -0.000151782 -0.000132642 0.000187562 1
8.91038e-05 8.20629e-05 8.22484e-05 -0.0111468 0.00932232 0.00214787 0.999892
6.21143e-05 -6.44256e-05 -0.000137658 -0.0221041 0.0187833 0.00408847 0.999571
-3.34188e-05 -0.000182123 -0.000422781 -0.0330861 0.0282115 0.00603518 0.999036
-0.000129005 -0.000301067 -0.000733685 -0.0437777 0.036682 0.00802218 0.998335
-0.000312586 -0.000450023 -0.000922657 -0.0531301 0.043201 0.00987818 0.997604
-0.000614066 -0.000662237 -0.00110405 -0.0624245 0.0495254 0.0117583 0.996751
-0.000756618 -0.000786937 -0.00123198 -0.0682934 0.0488514 0.0137234 0.996374
-0.00078654 -0.000846334 -0.00125872 -0.073949 0.0483364 0.0154238 0.99597
-0.000970642 -0.000983329 -0.00146205 -0.0797054 0.0478631 0.0171708 0.995521
-0.000941314 -0.00102358 -0.00144353 -0.0811844 0.0467917 0.0158605 0.995474
-0.000978716 -0.00102702 -0.00155319 -0.0842745 0.0469451 0.015209 0.99522
-0.000950042 -0.00103203 -0.00145711 -0.0804131 0.04111 0.012359 0.995837
-0.00097451 -0.00106868 -0.00152865 -0.0780895 0.0441465 0.00689975 0.995944
-0.00123239 -0.00119611 -0.00192235 -0.0757888 0.0471812 0.00145776 0.996006
-0.00121399 -0.00120218 -0.00188858 -0.0734724 0.0502114 -0.00399032 0.996024
-0.00114436 -0.00113292 -0.001766 -0.0705603 0.0474989 -0.00716527 0.99635
-0.00121413 -0.0011305 -0.00189758 -0.0696239 0.0467203 -0.0099436 0.996429
-0.00112563 -0.00124901 -0.00188392 -0.0680946 0.0455648 -0.0130394 0.996553
-0.00118838 -0.00122586 -0.00201611 -0.0690201 0.0486053 -0.015818 0.996305
-0.00118804 -0.0013187 -0.00200389 -0.0680326 0.0391614 -0.015489 0.996794
-0.00101646 -0.00136381 -0.00200019 -0.0661166 0.0350391 -0.0184034 0.997027
-0.000893007 -0.00130788 -0.00185962 -0.0605497 0.0364676 -0.0260303 0.997159
-0.00121491 -0.00153414 -0.00230065 -0.0549785 0.0378853 -0.03365 0.997201
-0.00112453 -0.00143083 -0.00219652 -0.0494044 0.0393026 -0.0412668 0.997152
-0.00139698 -0.00165018 -0.00268445 -0.0438274 0.0407167 -0.0488792 0.997012
-0.00138204 -0.00150293 -0.00248935 -0.0382543 0.0421198 -0.0564796 0.996781
-0.00179474 -0.00164781 -0.00300579 -0.0326775 0.043518 -0.0640744 0.99646
-0.00173683 -0.00157328 -0.00303397 -0.0270988 0.0449135 -0.0716635 0.996049
-0.00175196 -0.00143729 -0.00293364 -0.0215193 0.0463045 -0.0792451 0.995547
-0.00194616 -0.00144349 -0.00317608 -0.0159401 0.0476834 -0.0868142 0.994955
-0.0016644 -0.00131476 -0.0028648 -0.0103596 0.04906 -0.0943757 0.994273
-0.00205614 -0.0013732 -0.00348689 -0.00478083 0.0504309 -0.101927 0.993501
-0.00175471 -0.00127674 -0.00324335 0.000798613 0.051798 -0.109469 0.992639
-0.00186963 -0.00125868 -0.00349211 0.00637409 0.0531708 -0.117003 0.991687
-0.00199544 -0.001256 -0.0037049 0.0103477 0.0544781 -0.124059 0.990724
-0.00188872 -0.00113669 -0.00347872 0.0143208 0.0557814 -0.131106 0.989694
-0.00184363 -0.00107846 -0.00337073 0.0180922 0.0569522 -0.138008 0.988627
-0.00191735 -0.00105865 -0.003573 0.0218629 0.0581167 -0.144901 0.987496
-0.002084 -0.0010656 -0.00390191 0.0256072 0.0592456 -0.151761 0.986308
-0.00211593 -0.00107708 -0.00407847 0.0293401 0.0605042 -0.158646 0.985043
-0.0019176 -0.000886531 -0.00357009 0.0330627 0.0617526 -0.165518 0.983716
-0.00177403 -0.000923321 -0.00356569 0.0367463 0.0629724 -0.172358 0.982333
-0.002071 -0.000956127 -0.00414679 0.0404272 0.0641859 -0.179186 0.980887
-0.00202798 -0.00079333 -0.00410938 0.0441051 0.0653959 -0.186003 0.979378
-0.00195862 -0.000835959 -0.00407475 0.0477799 0.066605 -0.192809 0.977807
-0.00160447 -0.000772117 -0.00372754 0.0514512 0.0678112 -0.199602 0.976173
-0.0019353 -0.000797042 -0.00441763 0.0551161 0.0690049 -0.20638 0.974478
-0.00164094 -0.000888528 -0.00426489 0.058778 0.0701955 -0.213146 0.972721
-0.00178048 -0.000857071 -0.00475819 0.0624353 0.0713813 -0.219897 0.970903
-0.002143 -0.00074648 -0.0052548 0.0655317 0.071016 -0.226207 0.969274
-0.00201902 -0.000729242 -0.00519358 0.068625 0.0706482 -0.232507 0.967595
-0.00218656 -0.000611878 -0.00543694 0.0717142 0.0702762 -0.238793 0.965866
-0.0022109 -0.000647962 -0.00580038 0.0747997 0.0699012 -0.245068 0.964086
-0.00240647 -0.000598027 -0.00613534 0.0770891 0.0678055 -0.250664 0.962615
-0.00255231 -0.000522028 -0.00642356 0.0791616 0.0612209 -0.255908 0.961507
-0.00261664 -0.000492155 -0.00673025 0.0812277 0.0546346 -0.261133 0.960326
-0.00261739 -0.000464733 -0.00687442 0.0831403 0.0482432 -0.26631 0.959083
-0.00289533 -0.000299662 -0.00713659 0.0850421 0.0418314 -0.271463 0.957771
-0.0026635 -0.000373945 -0.00700201 0.0869383 0.0354196 -0.276597 0.95639
-0.00240513 -0.000442061 -0.00682371 0.0879364 0.0348397 -0.282884 0.954479
-0.00241538 -0.000418748 -0.0067556 0.0889308 0.034264 -0.289158 0.952526
-0.00257179 -0.000300724 -0.00698715 0.0899145 0.0336703 -0.295418 0.950531
-0.00245026 -0.000299035 -0.00663003 0.0908958 0.0330826 -0.301665 0.948494
-0.00251642 -0.000217813 -0.00677835 0.0918727 0.0324934 -0.3079 0.946415
-0.00259033 -7.48382e-05 -0.00673378 0.0928105 0.031839 -0.314112 0.944302
-0.00242122 -0.000106008 -0.00635048 0.0937451 0.0311861 -0.320312 0.942146
-0.00234849 -8.011e-05 -0.00631355 0.0946732 0.0305299 -0.326497 0.93995
-0.00229238 2.01021e-06 -0.00610034 0.0968899 0.0373105 -0.333579 0.936988
-0.00210635 -0.000113178 -0.00561677 0.0991024 0.0441105 -0.340627 0.93392
-0.00233143 8.94249e-05 -0.00571251 0.101294 0.0508751 -0.347632 0.930754
-0.0023303 0.000127153 -0.00569871 0.10638 0.0650432 -0.355763 0.926221
-0.00244709 0.000242414 -0.00545091 0.111425 0.0790021 -0.363754 0.921426
-0.00256749 0.000429465 -0.00526106 0.116335 0.0928764 -0.371609 0.916377
-0.00266544 0.000571207 -0.00502724 0.11935 0.0956747 -0.378235 0.912984
-0.00277021 0.000762677 -0.00523534 0.121468 0.0968322 -0.384627 0.909907
-0.00277089 0.000842875 -0.00504828 0.123552 0.0979903 -0.390982 0.906789
-0.0027678 0.000892869 -0.0051409 0.125631 0.0991492 -0.397315 0.903619
-0.00267394 0.000863702 -0.00495887 0.127766 0.100513 -0.403656 0.900353
-0.00266779 0.000885931 -0.00502302 0.129942 0.101817 -0.409985 0.897029
-0.00265502 0.000957768 -0.00510892 0.131923 0.103583 -0.416241 0.89365
-0.00266928 0.000981678 -0.00502477 0.133528 0.104143 -0.422326 0.890486
-0.0021545 0.000934091 -0.00384913 0.135125 0.104699 -0.428389 0.887278
-0.00146619 0.000608999 -0.00247646 0.136657 0.105283 -0.434429 0.884032
-0.000769454 0.000395223 -0.00164879 0.13817 0.105874 -0.44045 0.88074
-0.000359365 0.000516196 -0.00166877 0.139582 0.106507 -0.446435 0.877422
-1.14332e-05 0.000471743 -0.00151913 0.140871 0.107226 -0.452379 0.874077
0.000287667 0.000432761 -0.00153359 0.144157 0.121356 -0.457415 0.869059
0.000372944 0.000671763 -0.00181973 0.145416 0.133982 -0.462313 0.86439
0.000542254 0.000442545 -0.0015708 0.148472 0.150416 -0.466666 0.85881
0.000611814 0.000542842 -0.00148742 0.151444 0.166724 -0.470876 0.852962
0.000657103 0.000415453 -0.00139008 0.154368 0.182948 -0.474936 0.846839
0.000699924 0.000360149 -0.00116837 0.157257 0.198896 -0.478873 0.840471
0.000772704 0.000331038 -0.00104287 0.160073 0.21485 -0.482644 0.833829
0.000784719 0.000506511 -0.000703732 0.163041 0.230974 -0.486241 0.826825
0.000903842 0.000314985 -0.000859681 0.165895 0.247036 -0.489675 0.819555
0.00110793 0.000505834 -0.000690982 0.168693 0.263017 -0.492948 0.812014
0.00139313 0.000667194 -0.000641146 0.16981 0.279129 -0.496091 0.804454
0.0016347 0.000798776 -0.000646154 0.171335 0.300084 -0.497364 0.795753
0.00173297 0.0013178 -0.00101695 0.172693 0.320905 -0.498385 0.786645
0.00194093 0.00151109 -0.000804894 0.172737 0.340825 -0.499649 0.7774
0.0019922 0.0017225 -0.000250335 0.172696 0.360578 -0.500672 0.767781
0.00224303 0.00203628 -0.000482356 0.172572 0.380159 -0.501452 0.757789
0.00241206 0.00253133 -0.000326794 0.17235 0.399543 -0.501996 0.747436
0.00253957 0.00287037 -4.01776e-05 0.161281 0.412607 -0.507396 0.739117
0.00265257 0.00308413 4.30839e-05 0.150151 0.425509 -0.512596 0.730508
0.00277944 0.00268988 0.000370572 0.14408 0.439942 -0.516226 0.720557
0.00289008 0.00325962 -0.000246136 0.137957 0.454219 -0.519672 0.710348
0.00297961 0.00333894 -0.000189767 0.131786 0.468332 -0.522933 0.699885
0.00297875 0.00341088 -0.000238162 0.137288 0.484362 -0.523149 0.687649
0.00291032 0.00302897 -1.45945e-05 0.144655 0.49977 -0.522922 0.675173
0.00292882 0.00324818 5.32533e-05 0.151957 0.514954 -0.522461 0.662395
0.00296174 0.00336511 3.49795e-05 0.15314 0.528921 -0.523499 0.650184
0.00289997 0.00342093 -7.46728e-06 0.154439 0.542294 -0.524512 0.637929
0.00286665 0.00366586 -0.000297022 0.155648 0.555471 -0.525367 0.625472
0.00279793 0.0038467 -0.000420461 0.15683 0.568291 -0.52613 0.612892
0.00286328 0.00363366 0.000103884 0.157965 0.580924 -0.526724 0.600114
0.00278168 0.00360992 0.000404539 0.159456 0.592936 -0.527273 0.587353
0.00266041 0.00359885 0.000635158 0.164118 0.59971 -0.529317 0.577267
0.00265945 0.00373905 0.000519634 0.168748 0.606377 -0.53127 0.567083
0.00263388 0.00370834 0.000343334 0.152959 0.611081 -0.53526 0.562743
0.00242309 0.00370887 0.000603754 0.13714 0.615595 -0.539087 0.558229
0.0028521 0.00422856 0.000708044 0.115627 0.618851 -0.543306 0.555403
0.00274202 0.00447301 0.000427432 0.0940688 0.621804 -0.547248 0.552295
0.00274709 0.00425239 0.000462039 0.0724676 0.624449 -0.550916 0.548911
0.0025172 0.00432249 -6.09466e-05 0.0545682 0.627608 -0.553886 0.544373
0.00264129 0.00437288 -3.79562e-05 0.0366437 0.63054 -0.556655 0.53964
0.00267333 0.00440954 4.05219e-05 0.0153733 0.627575 -0.562559 0.537998
0.0025628 0.00438112 -9.04724e-05 -0.00590452 0.624295 -0.568181 0.536089
0.00245089 0.00435975 -0.000347752 -0.0271342 0.620713 -0.573561 0.533862
0.00237082 0.00428952 -0.000493563 -0.0482883 0.616944 -0.578643 0.531244
0.00228177 0.00421446 -0.000788521 -0.0603877 0.616468 -0.585761 0.52269
0.0021919 0.00418857 -0.00106939 -0.0796578 0.614107 -0.591461 0.516432
0.00222489 0.00419141 -0.0013033 -0.0975906 0.613183 -0.596939 0.508082
0.00236643 0.00418141 -0.00148038 -0.121662 0.612409 -0.60038 0.499697
0.0022788 0.00433752 -0.00144229 -0.145559 0.611112 -0.603498 0.491065
0.00219628 0.00433956 -0.00170041 -0.169356 0.609418 -0.60622 0.482106
0.00220301 0.0041471 -0.00227809 0.19306 -0.607337 0.608532 -0.47282
0.00205197 0.00409798 -0.0027094 0.216649 -0.604863 0.610436 -0.463219
0.00209936 0.00388394 -0.00299453 0.240096 -0.601991 0.611939 -0.453312
0.00197613 0.00384339 -0.00340592 0.26339 -0.598721 0.613037 -0.443109
0.00209464 0.00361206 -0.00369888 0.286511 -0.59507 0.613725 -0.432603
0.00200496 0.00345717 -0.00408923 0.30944 -0.591046 0.614003 -0.421797
0.0018283 0.00331734 -0.00446662 0.332166 -0.586631 0.613877 -0.410713
0.00181209 0.0031045 -0.0048291 0.354686 -0.581864 0.613327 -0.399327
0.00174665 0.00291635 -0.00511204 0.3751 -0.587 0.609932 -0.377775
0.00179022 0.00277531 -0.00534534 0.395176 -0.591606 0.60597 -0.355863
0.00174601 0.00261932 -0.00557868 0.414792 -0.595997 0.601364 -0.333314
0.00153847 0.0025415 -0.00577152 -0.43402 0.599831 -0.596196 0.310453
0.00142721 0.00242016 -0.00594891 0.438138 -0.601555 0.602939 -0.287459
0.00138007 0.00236619 -0.00623287 0.44204 -0.60297 0.609268 -0.264237
0.00128658 0.00230816 -0.0064358 -0.453089 0.608245 -0.6069 0.237532
0.00126757 0.00222479 -0.00654172 -0.463684 0.612935 -0.604083 0.210696
0.00114403 0.00216048 -0.00678653 -0.473884 0.617115 -0.600726 0.183661
0.000967916 0.00210807 -0.00702963 -0.489719 0.624743 -0.588803 0.152262
0.000922658 0.00201894 -0.00717838 -0.504847 0.631484 -0.576025 0.120638
0.000857018 0.00196914 -0.00725588 -0.510579 0.632211 -0.57487 0.0956222
0.000899303 0.00195522 -0.00747147 -0.515996 0.632538 -0.5733 0.0705069
0.000734764 0.00198912 -0.00762317 -0.521091 0.632477 -0.571302 0.0452896
0.00076171 0.00189862 -0.00781706 -0.526087 0.63289 -0.567741 0.0188072
0.000844804 0.00181428 -0.00791132 -0.530696 0.632834 -0.563759 -0.00768852
0.000703027 0.00176312 -0.00769447 -0.531112 0.631881 -0.56344 -0.0343914
0.000718343 0.0017432 -0.00769602 -0.531187 0.630451 -0.562716 -0.0610077
0.000583959 0.00179787 -0.00752947 -0.530816 0.628543 -0.561697 -0.0875512
0.000707071 0.00177748 -0.00753595 -0.530069 0.626188 -0.56028 -0.114027
0.00091233 0.0019331 -0.00764522 -0.541021 0.624207 -0.547283 -0.134699
0.00119367 0.00195282 -0.00771894 -0.56779 0.611975 -0.533724 -0.135058
0.00108105 0.00187635 -0.0075964 -0.593896 0.599125 -0.519635 -0.135338
0.000920518 0.00189554 -0.00745634 0.608217 -0.586785 0.515019 0.14322
0.000752292 0.00192953 -0.00735059 0.6153 -0.576619 0.513561 0.158656
0.000635217 0.00195505 -0.00738544 0.612032 -0.566404 0.522833 0.176774
0.000758296 0.0018664 -0.00746452 0.608313 -0.555936 0.531873 0.194941
0.000744786 0.00187064 -0.00745619 0.604266 -0.54517 0.54063 0.213004
0.000698864 0.00188028 -0.00745065 0.599035 -0.535174 0.547685 0.234067
0.000620343 0.00198102 -0.00737229 0.593568 -0.524215 0.555816 0.252871
0.000651264 0.00196389 -0.00742456 0.58775 -0.512968 0.563618 0.271567
0.000750847 0.00190388 -0.00752685 0.582456 -0.500407 0.573558 0.285253
0.000746072 0.00190967 -0.00755025 0.576954 -0.48759 0.583214 0.298733
0.000763314 0.00190744 -0.00762268 0.571182 -0.474544 0.592597 0.31207
0.000900098 0.00184459 -0.00776238 0.565281 -0.461264 0.601654 0.325124
0.00102899 0.00175991 -0.00790986 0.560163 -0.447648 0.610173 0.336924
0.00110054 0.00169083 -0.00802761 0.555528 -0.433824 0.618079 0.348088
0.00120129 0.00158448 -0.00814944 0.55857 -0.418375 0.624587 0.350503
0.0011696 0.00157794 -0.00821348 0.561481 -0.402823 0.630843 0.35286
0.00118586 0.00156984 -0.00828397 0.565223 -0.38885 0.632622 0.359316
0.00109928 0.00164052 -0.00831158 0.568887 -0.374797 0.634145 0.365726
0.00103701 0.00175694 -0.00827515 0.57657 -0.361751 0.629113 0.375392
0.000919325 0.00188469 -0.00822359 0.58983 -0.347395 0.618009 0.386629
0.000940509 0.00192257 -0.00823099 0.60283 -0.332809 0.606429 0.397591
0.000939863 0.00196161 -0.00825258 0.616491 -0.317733 0.593762 0.407959
0.000947607 0.00193306 -0.00831295 0.630073 -0.302311 0.580479 0.417924
0.00093643 0.00195286 -0.0083554 0.643226 -0.286674 0.56678 0.427596
0.000945033 0.00189479 -0.00843251 0.655773 -0.271069 0.552606 0.437161
0.000893983 0.0019 -0.00851156 0.667953 -0.255192 0.538035 0.446357
0.000914828 0.00190299 -0.00853372 0.673745 -0.233669 0.536958 0.450713
0.000981526 0.00197149 -0.00850991 0.673481 -0.206943 0.548884 0.449805
0.00089937 0.00197352 -0.00850518 0.672532 -0.17999 0.5604 0.448616
0.000747366 0.00202184 -0.00855216 0.671004 -0.152883 0.571433 0.44704
0.00064468 0.00194363 -0.00870859 0.668903 -0.125647 0.581969 0.445077
0.0002993 0.00221687 -0.0086352 0.666248 -0.0983196 0.591972 0.442737
0.000113911 0.00205205 -0.00886126 0.66306 -0.0709363 0.601409 0.44003
-0.000134718 0.00195598 -0.00893707 0.659386 -0.0435564 0.610214 0.436981
-0.00011765 0.00197412 -0.00880115 0.655111 -0.0160764 0.618593 0.433489
-0.000223608 0.0019157 -0.00884789 0.650292 0.0114063 0.626423 0.429634
-0.000619841 0.00220757 -0.00866855 0.644917 0.0388771 0.633714 0.425413
-0.00414718 0.00433834 -0.0101861 0.638996 0.0663132 0.640461 0.420829
-0.00423336 0.00411997 -0.0103444 0.63253 0.0936907 0.646659 0.415885
-0.00435069 0.00388273 -0.0103984 0.629188 0.11178 0.646438 0.416828
-0.00474411 0.00380958 -0.0104427 0.625636 0.129765 0.645979 0.417676
-0.00428501 0.0035818 -0.010476 0.62188 0.147706 0.645294 0.418383
-0.00438906 0.00363843 -0.0105111 0.617904 0.165605 0.644402 0.418947
-0.00443662 0.00334426 -0.0105769 0.613746 0.183426 0.643267 0.41938
-0.004691 0.00356432 -0.0104963 0.609378 0.201187 0.641918 0.41967
-0.00478934 0.0033778 -0.0105035 0.60481 0.218872 0.640349 0.419825
-0.0044492 0.00341479 -0.0104727 0.600036 0.236493 0.638568 0.419832
-0.00464626 0.00336415 -0.010525 0.595061 0.254034 0.636572 0.419699
-0.00464613 0.00296073 -0.0105003 0.589889 0.271481 0.634357 0.419429
-0.00515582 0.00303095 -0.0106664 0.58452 0.288837 0.631929 0.419018
-0.00513872 0.00305415 -0.010609 0.578951 0.306097 0.629291 0.418465
-0.0051432 0.00287157 -0.0105071 0.573189 0.323245 0.626442 0.417777
-0.00505752 0.00296422 -0.010399 0.567232 0.340284 0.623385 0.416948
-0.00531303 0.00292881 -0.0105136 0.561087 0.357209 0.620117 0.415979
-0.0047188 0.00275037 -0.0102385 0.554752 0.374014 0.616641 0.414871
-0.00491931 0.0028093 -0.0103051 0.548231 0.390694 0.612958 0.413623
-0.00579663 0.00277167 -0.0106256 0.541546 0.407238 0.609049 0.412243
-0.00692845 0.00229412 -0.0108188 0.53469 0.423631 0.60493 0.410736
-0.00687954 0.00245721 -0.0108141 0.527652 0.439883 0.60061 0.409089
-0.00677886 0.00230064 -0.0107431 0.520439 0.455986 0.596088 0.407307
-0.00665717 0.00195706 -0.0106744 0.513052 0.471937 0.591366 0.405388
-0.00607334 0.00190809 -0.0107877 0.505476 0.487749 0.586458 0.403314
-0.00608674 0.00153495 -0.0104478 0.497734 0.503392 0.581351 0.401109
-0.00619186 0.00174111 -0.0105213 0.489825 0.518868 0.576049 0.398768
-0.00611444 0.00145914 -0.0104443 0.481752 0.534168 0.570553 0.396294
-0.00608004 0.00124047 -0.01022 0.473545 0.549262 0.564852 0.393712
-0.00598606 0.00104336 -0.010143 0.465179 0.564173 0.558961 0.390998
-0.00595284 0.00102454 -0.0101205 0.456657 0.578892 0.552887 0.388156
-0.00582097 0.000857838 -0.0100252 0.447983 0.593416 0.546628 0.385184
-0.00606443 0.000558337 -0.00988964 0.439186 0.607718 0.540175 0.382107
-0.00592192 0.000490282 -0.00973266 0.430243 0.621816 0.533542 0.378905
-0.00566022 0.000492335 -0.00960685 0.419894 0.635352 0.528734 0.374776
-0.00559488 0.000238542 -0.00948076 0.409407 0.648677 0.523751 0.370524
-0.00562905 0.000206249 -0.00927585 0.398784 0.661789 0.518597 0.366149
-0.00571776 0.000158587 -0.00907003 0.387511 0.674721 0.513815 0.361358
-0.00551624 0.000282776 -0.00891844 0.376087 0.68743 0.508876 0.356431
-0.00605209 0.000322945 -0.00858886 0.364535 0.699904 0.503764 0.351383
-0.00573865 0.000691851 -0.00844512 0.352807 0.712148 0.498526 0.346185
-0.00552293 0.00137463 -0.00816119 0.340945 0.724151 0.493129 0.340859
-0.00551354 0.00178038 -0.00785445 0.328966 0.735906 0.487565 0.335418
-0.00567548 0.00253484 -0.00761773 0.31686 0.747409 0.48185 0.329848
-0.00573226 0.00289278 -0.00734315 0.304658 0.758649 0.475963 0.324183
-0.0059323 0.00337002 -0.00705745 0.292331 0.769632 0.469938 0.318384
-0.00600103 0.00382392 -0.0067473 0.279831 0.780343 0.463843 0.312424
-0.00580777 0.00453485 -0.00659999 0.257069 0.792574 0.468267 0.294053
-0.00599279 0.00466974 -0.00615787 0.234047 0.80399 0.472209 0.275391
-0.005898 0.00518097 -0.00599095 0.20737 0.815096 0.479324 0.250728
-0.00611315 0.00531516 -0.00556931 0.180354 0.824973 0.485767 0.225658
-0.00638366 0.00547985 -0.00516731 0.153063 0.833616 0.491486 0.20024
-0.00644467 0.00577339 -0.0049502 0.120588 0.840751 0.501349 0.16506
-0.00625284 0.00608643 -0.00485635 0.0878448 0.845837 0.50997 0.129512
-0.00637553 0.00623521 -0.00455081 0.0548886 0.848862 0.517349 0.0936514
-0.00679259 0.00583907 -0.00382731 0.0217989 0.849819 0.523467 0.0575627
-0.00694638 0.00627701 -0.00378731 -0.0113514 0.848702 0.52832 0.0213153
-0.00710294 0.0060176 -0.00323273 -0.0444735 0.845516 0.531884 -0.014984
-0.00739358 0.00581641 -0.00276719 -0.0774853 0.840274 0.534144 -0.0512493
-0.00761147 0.00594907 -0.00257902 -0.110306 0.832986 0.535096 -0.0873889
-0.00782005 0.00589465 -0.00223084 -0.145726 0.824264 0.53089 -0.132322
-0.00790194 0.00580815 -0.00180919 -0.183109 0.815603 0.516752 -0.185011
-0.00772611 0.00570904 -0.00137606 -0.219676 0.803315 0.500316 -0.236879
-0.00747046 0.0057975 -0.00107547 -0.255262 0.787457 0.481653 -0.287683
-0.0071697 0.00595321 -0.000830683 -0.289928 0.767766 0.460625 -0.338086
-0.00663459 0.00611745 -0.0006486 -0.323268 0.744564 0.43749 -0.386942
-0.00615016 0.0065098 -0.000671039 -0.355128 0.717961 0.412356 -0.434026
-0.00600612 0.00691344 -0.000787085 -0.385365 0.688074 0.385337 -0.479126
-0.00584801 0.00718347 -0.000822626 0.41384 -0.655043 -0.356559 0.522036
-0.00569661 0.00789785 -0.00109258 0.439669 -0.620663 -0.327587 0.560495
-0.00503831 0.00846409 -0.00107651 0.463666 -0.583698 -0.297251 0.596618
-0.00543192 0.00919304 -0.00144753 0.485723 -0.544322 -0.26569 0.630234
-0.00612794 0.00986813 -0.00180079 0.505759 -0.50268 -0.233023 0.661227
-0.00649613 0.0104626 -0.0020738 0.523687 -0.458955 -0.199392 0.68946
-0.00657936 0.0110071 -0.00226405 0.539434 -0.413329 -0.164935 0.714819
-0.00694907 0.0114467 -0.00247238 0.552937 -0.365992 -0.129796 0.737199
-0.00746566 0.0116162 -0.00256256 0.563665 -0.319474 -0.0958062 0.755671
-0.00774295 0.0121688 -0.00278265 0.572207 -0.272302 -0.0618053 0.77111
-0.00812404 0.0120329 -0.00271582 0.578636 -0.224125 -0.0275762 0.783701
-0.00854882 0.0118755 -0.0026306 0.582863 -0.175251 0.0066343 0.793418
-0.00891203 0.0116684 -0.00251245 0.584918 -0.125809 0.0407404 0.80024
-0.009114 0.0110904 -0.00222338 0.58483 -0.0758991 0.0747016 0.804134
-0.00950474 0.0110947 -0.00221654 0.582604 -0.0257165 0.108386 0.805087
-0.00954282 0.0108969 -0.00201375 0.578242 0.0245653 0.141677 0.803094
-0.00952359 0.0106784 -0.00176622 0.570494 0.0742911 0.173668 0.799285
-0.00975868 0.0105771 -0.0015313 0.560702 0.123744 0.205029 0.792631
-0.00949364 0.0100428 -0.00118932 0.548908 0.172755 0.235658 0.783148
-0.00948181 0.0100021 -0.000920896 0.535153 0.221145 0.265444 0.770873
-0.00949576 0.0100025 -0.00074007 0.519465 0.268663 0.294222 0.755916
-0.00963277 0.00977909 -0.000468131 0.501929 0.31522 0.32195 0.738276
-0.00946636 0.00962395 -0.000216833 0.482606 0.360655 0.348535 0.718013
-0.00932166 0.00973325 -0.000132932 0.461565 0.404812 0.373885 0.695194
-0.00900191 0.00959583 -4.83629e-06 0.438881 0.447542 0.397915 0.669891
-0.00899708 0.00944016 0.000179318 0.415616 0.483362 0.416827 0.647981
-0.00873257 0.00922693 0.000427303 0.390861 0.516102 0.433897 0.626577
-0.00880504 0.00918016 0.000731618 0.365139 0.542666 0.447392 0.609939
-0.00845739 0.00936161 0.000731698 0.338741 0.568251 0.460085 0.592172
-0.00831308 0.00938572 0.000785003 0.311723 0.592792 0.471935 0.573326
-0.00816014 0.00951293 0.000787912 0.284136 0.616251 0.482919 0.553435
-0.0079952 0.00933045 0.00109064 0.256467 0.636134 0.49203 0.536157
-0.00787476 0.00953334 0.00112607 0.2284 0.65504 0.500382 0.518047
-0.00773032 0.00963657 0.0011371 0.199982 0.672934 0.507962 0.49914
-0.00773039 0.0096549 0.00115601 0.171076 0.689715 0.51507 0.4793
-0.00768929 0.00969047 0.00119513 0.141966 0.703785 0.521459 0.461098
-0.00744096 0.00941596 0.00122324 0.112659 0.716858 0.527105 0.442248
-0.00746952 0.00943562 0.00131705 0.0831613 0.728857 0.532075 0.422785
-0.00741981 0.00945764 0.00127005 0.0535584 0.739821 0.536268 0.402756
-0.00734141 0.00916965 0.00137435 0.0258843 0.749562 0.537146 0.385954
-0.00739742 0.00881669 0.00167188 -0.000627054 0.754654 0.539377 0.373592
-0.00757681 0.00859108 0.00180291 -0.0271423 0.759068 0.541142 0.360894
-0.00758809 0.00859902 0.0018211 -0.0536398 0.762803 0.542442 0.347866
-0.00775407 0.00822745 0.00197656 -0.0800895 0.765861 0.543261 0.334529
-0.00750198 0.00857425 0.00171027 -0.106468 0.76824 0.543597 0.320895
-0.00775311 0.00808526 0.00193228 -0.132752 0.769934 0.543454 0.306979
-0.00752347 0.00785184 0.0026947 -0.158909 0.770924 0.542838 0.292832
-0.00755894 0.00791527 0.00272235 -0.184925 0.771233 0.541739 0.278424
-0.00762664 0.00789196 0.00262028 -0.210861 0.770929 0.540099 0.263626
-0.00766565 0.00769855 0.00247698 -0.234419 0.771581 0.533538 0.255045
-0.00781348 0.00764266 0.00247084 -0.257809 0.771711 0.526616 0.246316
-0.00797683 0.00757653 0.00246878 -0.285106 0.77385 0.516851 0.229643
-0.00785361 0.00767981 0.00252491 -0.312082 0.775119 0.506506 0.212714
-0.00785736 0.00760477 0.00261331 -0.338707 0.775518 0.495591 0.195546
-0.00775782 0.00729957 0.00289329 -0.364629 0.775026 0.484176 0.17876
-0.00789139 0.00743843 0.00285664 -0.390149 0.773691 0.47224 0.161787
-0.00777673 0.00708333 0.00309936 -0.415246 0.771518 0.459793 0.144639
-0.00770514 0.00718224 0.00314444 -0.439894 0.768509 0.446848 0.127334
-0.00738069 0.0071261 0.00339859 -0.463424 0.764835 0.433246 0.112085
-0.00726181 0.00727702 0.00347568 -0.482036 0.761414 0.419402 0.109507
-0.00718637 0.00727427 0.00358145 -0.500379 0.757569 0.405326 0.10687
-0.00733165 0.00738461 0.00353428 -0.518449 0.7533 0.391027 0.104152
-0.00734496 0.00763113 0.00341413 -0.536642 0.748686 0.376543 0.0984925
-0.00728407 0.00744613 0.00371865 -0.554478 0.743627 0.361869 0.0928649
-0.00732347 0.00746687 0.00383061 -0.571728 0.737555 0.348847 0.086284
-0.00717677 0.00770359 0.00389781 -0.588664 0.73108 0.335635 0.0796582
-0.0071443 0.00766173 0.0041056 -0.605278 0.724205 0.322241 0.0729891
-0.00715423 0.00798152 0.00394034 -0.62156 0.716932 0.308667 0.066307
-0.00721276 0.00798633 0.0040582 -0.637491 0.709266 0.294949 0.0595969
-0.00730659 0.00800535 0.00412507 -0.65393 0.70117 0.280125 0.0475988
-0.00730623 0.0081765 0.00425755 -0.66943 0.691938 0.266869 0.0431933
-0.00732951 0.00824479 0.00430969 -0.680652 0.68344 0.25933 0.0486915
-0.00752373 0.00838979 0.00402212 0.691697 -0.674744 -0.251724 -0.0539526
-0.00746193 0.00870953 0.00407994 0.701793 -0.665487 -0.246031 -0.0638973
-0.00758192 0.00864143 0.0039506 0.711533 -0.658678 -0.23767 -0.0581101
-0.0075516 0.00877114 0.00403276 0.721099 -0.651709 -0.229245 -0.0523204
-0.00769376 0.00902393 0.0041509 0.728634 -0.641604 -0.234728 -0.0483695
-0.0075777 0.00910769 0.00382229 0.737653 -0.63299 -0.231008 -0.0427447
-0.00757206 0.00929902 0.00377386 0.746523 -0.624249 -0.227241 -0.0371118
-0.00762072 0.00951402 0.00369031 0.756109 -0.615517 -0.220074 -0.0317035
-0.00766097 0.00974634 0.00351964 0.764154 -0.605593 -0.218978 -0.0370716
-0.00771629 0.00982441 0.00362593 0.772051 -0.595554 -0.217838 -0.0424156
-0.00764778 0.00990795 0.00326605 0.7798 -0.5854 -0.216655 -0.0477532
-0.00765723 0.0100263 0.0030957 0.787396 -0.575133 -0.215433 -0.0530814
-0.00754193 0.00995642 0.00330986 0.795651 -0.564998 -0.210613 -0.0579544
-0.00750952 0.0100017 0.0034044 0.803707 -0.554732 -0.205836 -0.062922
-0.00753185 0.0101243 0.00299444 0.811583 -0.544342 -0.201029 -0.0679034
-0.00752148 0.0102021 0.00325669 0.819274 -0.533833 -0.196219 -0.0728721
-0.00758606 0.0102837 0.00323283 0.826784 -0.52321 -0.191376 -0.0778146
-0.0076799 0.0104118 0.0033031 0.83197 -0.511906 -0.194254 -0.089682
-0.00765596 0.010524 0.0034957 0.836904 -0.500447 -0.197074 -0.101522
-0.00772128 0.0106752 0.00375414 0.837587 -0.488234 -0.21204 -0.122936
-0.00775334 0.0106322 0.00386126 0.837529 -0.475637 -0.226952 -0.144249
-0.00779955 0.0105572 0.00375749 0.837965 -0.463351 -0.238728 -0.161646
-0.00784531 0.0104801 0.00337227 0.83791 -0.450796 -0.250349 -0.17893
-0.00776649 0.0104867 0.00349476 0.836611 -0.439675 -0.263576 -0.193118
-0.00781212 0.0104701 0.00359923 0.834864 -0.428431 -0.276788 -0.206972
-0.00790989 0.0103727 0.00326348 0.833208 -0.419749 -0.289539 -0.213874
-0.0079737 0.0103598 0.00314384 0.831313 -0.410945 -0.302206 -0.220714
-0.00800093 0.0103095 0.00324136 0.829182 -0.402029 -0.314776 -0.227476
-0.00801655 0.0102614 0.003269 0.826816 -0.393004 -0.327245 -0.234167
-0.00802351 0.0102295 0.00329891 0.823652 -0.382362 -0.339742 -0.24489
-0.0080037 0.0102354 0.00316743 0.820163 -0.371595 -0.352114 -0.255472
-0.0080207 0.0102052 0.00324187 0.816351 -0.360681 -0.364346 -0.265955
-0.00800985 0.0101848 0.00318976 0.812218 -0.349628 -0.376435 -0.276329
-0.00802945 0.0100958 0.00329679 0.807834 -0.338592 -0.388285 -0.286346
-0.00801421 0.0100948 0.00324653 0.803138 -0.32742 -0.399987 -0.296268
-0.00800978 0.0100137 0.00325899 0.798132 -0.316125 -0.411529 -0.306093
-0.00794484 0.0102522 0.0030386 0.796691 -0.324558 -0.412557 -0.299568
-0.00791975 0.0101506 0.00304962 0.794271 -0.333585 -0.408549 -0.301565
-0.00779337 0.010437 0.00270462 0.791593 -0.342915 -0.402851 -0.305777
-0.00784368 0.0105625 0.0028555 0.785004 -0.343191 -0.404083 -0.320476
-0.00789677 0.0101538 0.00285086 0.778214 -0.343387 -0.405203 -0.335079
-0.00770852 0.0112766 0.00201905 0.771221 -0.343493 -0.406219 -0.349595
-0.00771108 0.0112946 0.00191597 0.76411 -0.343672 -0.407047 -0.363782
-0.00772401 0.0113061 0.00187989 0.756544 -0.34294 -0.408448 -0.378422
-0.00775831 0.0111682 0.00197607 0.742546 -0.32748 -0.419057 -0.407152
-0.00779961 0.0110555 0.00191511 0.727538 -0.311593 -0.429077 -0.435307
-0.007657 0.0111168 0.00189305 0.725076 -0.308604 -0.439704 -0.430915
-0.0075493 0.0111207 0.00179969 0.722514 -0.305619 -0.450238 -0.426446
-0.00777395 0.0110633 0.00185064 0.719807 -0.302622 -0.460533 -0.422145
-0.00775407 0.011162 0.00187923 0.717 -0.299582 -0.470763 -0.417785
-0.00775108 0.0110934 0.00192981 0.703108 -0.277109 -0.489652 -0.434845
-0.0077574 0.0108328 0.00194477 0.693788 -0.263814 -0.502899 -0.442892
-0.00774062 0.0108434 0.00176195 0.689843 -0.259393 -0.512013 -0.441218
-0.00779784 0.0102184 0.00181363 0.685824 -0.254955 -0.52106 -0.439476
-0.00776034 0.00990063 0.00185383 0.681721 -0.250486 -0.530044 -0.437682
-0.00761828 0.00984791 0.00177756 0.67768 -0.247174 -0.537963 -0.436176
-0.00749708 0.0099943 0.00174287 0.671514 -0.243736 -0.544038 -0.440094
-0.00753924 0.00978999 0.00180617 0.665279 -0.240271 -0.550059 -0.443969
-0.00754444 0.0098936 0.00171296 0.659702 -0.235109 -0.558553 -0.44445
-0.007501 0.0104531 0.00134054 0.654042 -0.229922 -0.566971 -0.444869
-0.00742592 0.0106428 0.00118604 0.649076 -0.229158 -0.57151 -0.446725
-0.00734534 0.0106 0.0011313 0.643932 -0.228392 -0.575955 -0.448847
-0.00732422 0.0109956 0.000989367 0.64659 -0.237729 -0.575678 -0.440454
-0.00728371 0.0110167 0.00104791 0.649136 -0.247022 -0.575307 -0.432
-0.00729732 0.0111175 0.00115116 0.643499 -0.24627 -0.58025 -0.434245
-0.00732668 0.0111321 0.00119769 0.637678 -0.245032 -0.585613 -0.43633
-0.0073705 0.0112649 0.00110998 0.631789 -0.24375 -0.590948 -0.438416
-0.00742219 0.0110399 0.00119078 0.631453 -0.246604 -0.598226 -0.427293
-0.00739675 0.0110851 0.00126897 0.620388 -0.23952 -0.603547 -0.439864
-0.00738908 0.0115414 0.0010628 0.609144 -0.232398 -0.608666 -0.452172
-0.00745496 0.0110391 0.00126969 -0.59763 0.225133 0.613553 0.464442
-0.00736232 0.0121864 0.000866759 -0.585902 0.217788 0.618218 0.476543
-0.00737664 0.0121974 0.000850923 -0.573964 0.210366 0.622661 0.488472
-0.00738931 0.0121658 0.000859165 -0.561819 0.202867 0.626881 0.500226
-0.00740664 0.0121919 0.000836093 -0.549472 0.195295 0.630874 0.5118
-0.00742878 0.0121603 0.000825866 -0.536929 0.187655 0.634643 0.523184
-0.00745123 0.0121293 0.000814669 -0.524194 0.179948 0.638184 0.53438
-0.00745394 0.0120911 0.00087978 -0.51127 0.172176 0.641495 0.545384
-0.00745642 0.0120507 0.000943477 -0.498162 0.164342 0.644575 0.556192
-0.00743575 0.0119814 0.000970038 -0.484875 0.15645 0.647425 0.5668
-0.00744043 0.0119679 0.000983928 -0.471413 0.1485 0.650041 0.577204
-0.00744031 0.0119127 0.0010907 -0.457782 0.140497 0.652424 0.5874
-0.00747036 0.0119166 0.00112488 -0.443986 0.132444 0.654573 0.597386
-0.00746375 0.0120564 0.000985105 -0.430031 0.124342 0.656487 0.607156
-0.00744402 0.0120485 0.00102752 -0.415921 0.116197 0.658164 0.616708
-0.00742149 0.0120082 0.00106941 -0.401661 0.108009 0.659605 0.626038
-0.00743772 0.0119509 0.00110519 -0.387256 0.0997825 0.660809 0.635144
