0 0 0 0 0 0 1
-0.000268878 0.000459381 -0.000244684 9.05102e-07 -6.11479e-06 -6.32684e-06 1
0.00122416 -0.000199578 0.00214755 2.71228e-06 -8.92585e-06 -1.17533e-05 1
-0.00111724 0.00126394 -0.000631506 2.68101e-06 -1.71771e-05 -1.80479e-05 1
-0.00108361 0.00176937 -0.000406427 3.8844e-06 -2.22241e-05 -2.43645e-05 1
-0.000877094 0.00207364 1.18437e-05 8.65132e-05 -6.73344e-05 -0.000123333 1
-0.00105565 0.00279182 -0.000150396 0.000167565 -0.00011409 -0.000221965 1
-0.00165417 0.00349985 -0.000244928 0.00024113 -0.000181194 -0.000322479 1
-0.00142229 0.00354298 0.000193961 0.000315747 -0.000245557 -0.00042272 1
-0.00186811 0.00411748 9.73804e-05 0.00038856 -0.000314728 -0.000525192 1
-0.00173452 0.00441078 0.000317922 0.000461878 -0.000382433 -0.00062741 1
-0.00186293 0.00465809 0.000716004 0.00053605 -0.000446928 -0.000736201 1
-0.00189146 0.00497968 0.000638615 0.000611021 -0.000511205 -0.000845924 0.999999
-0.00217145 0.00496953 0.0015921 0.000685824 -0.0005779 -0.000962557 0.999999
-0.00285183 0.00603554 -7.50738e-05 0.000759655 -0.000643188 -0.00107785 0.999999
-0.00318008 0.00605707 0.000541331 0.000841916 -0.000699243 -0.00119872 0.999999
-0.00302788 0.00633437 -9.78707e-05 0.000928322 -0.000752738 -0.00132093 0.999999
-0.00267122 0.00591559 0.00130346 -0.0164026 -0.0213509 0.00315144 0.999633
-0.00222238 0.00564716 -2.40244e-05 -0.0101528 -0.0189952 -0.00219089 0.999766
-0.00270398 0.00643238 0.000795622 -0.00391012 -0.0166463 -0.00753091 0.999826
-0.00217657 0.00575889 -0.000602891 0.00234428 -0.0142843 -0.0128746 0.999812
-0.00225563 0.00624005 -0.000635504 0.00859714 -0.0119222 -0.0182172 0.999726
-0.00237728 0.00684372 -0.000308186 0.00651566 -0.0203154 -0.0185028 0.999601
-0.00222424 0.00682551 -0.00100626 0.00444483 -0.0286986 -0.0187919 0.999402
-0.00233056 0.0073468 -0.00104331 0.00237332 -0.0370798 -0.0190794 0.999128
-0.00233892 0.00763837 -0.000890894 0.000289549 -0.0454716 -0.0193602 0.998778
-0.00244662 0.00800958 -0.000975167 -0.00179884 -0.0538662 -0.0196359 0.998354
-0.00451116 0.0115564 0.00445492 -0.00451201 -0.0626731 -0.0197694 0.997828
-0.00230561 0.00790568 -0.00160998 -0.0060727 -0.0706885 -0.020189 0.997276
-0.00260154 0.00872764 0.000436822 -0.00764575 -0.0787089 -0.0206048 0.996655
-0.00240823 0.00854017 -0.00126698 -0.00921062 -0.0867177 -0.0210211 0.995969
-0.00233187 0.00873984 -0.00119433 -0.0107727 -0.0947158 -0.0214357 0.995215
-0.00230204 0.00905142 -0.00150964 -0.0123336 -0.102708 -0.0218491 0.994395
-0.00265828 0.00960655 -0.000222211 -0.0143421 -0.110951 -0.0221475 0.993476
-0.00249169 0.00965473 -0.00147801 -0.0163142 -0.119164 -0.0224518 0.992487
-0.00254813 0.00995267 -0.00170789 -0.018285 -0.127366 -0.0227542 0.991426
-0.00270491 0.0104595 -0.0012765 -0.0287546 -0.140362 -0.0216634 0.989446
-0.00264787 0.0106193 -0.00151753 -0.0392112 -0.153314 -0.0205662 0.987185
-0.00324408 0.0116537 -0.000273457 -0.0513975 -0.167332 -0.0191631 0.984374
-0.00292187 0.0116273 -0.000856771 -0.0635634 -0.181287 -0.0177533 0.981213
-0.00318974 0.0121844 -0.000634784 -0.0757219 -0.195187 -0.0163295 0.977702
-0.0031048 0.0124754 -0.000808445 -0.0893246 -0.209702 -0.0144971 0.973569
-0.00308252 0.0126758 -0.000725597 -0.110824 -0.229659 -0.0124996 0.966861
-0.00322965 0.0130394 -0.000756739 -0.132359 -0.249429 -0.0104151 0.959249
-0.00315217 0.0133252 -0.00185093 -0.155893 -0.267648 -0.0073921 0.950793
-0.00297244 0.0131139 -0.00140827 -0.179235 -0.285598 -0.00437298 0.94143
-0.00298493 0.0132886 -0.00123126 -0.202417 -0.303276 -0.00134847 0.931155
-0.00266475 0.0134885 -0.00132872 -0.225389 -0.320649 0.00167705 0.91999
-0.00215181 0.0129465 -0.00234105 -0.2375 -0.328167 0.00509548 0.914262
-0.00264196 0.0136585 -0.00174845 -0.25477 -0.339427 0.0084621 0.905434
-0.00234502 0.0138424 -0.00195624 -0.271062 -0.347475 0.0125551 0.897569
-0.0019759 0.0136582 -0.00255821 -0.285098 -0.353758 0.0169422 0.890667
-0.00161323 0.0138301 -0.0028471 -0.298982 -0.359921 0.0213491 0.883523
-0.00154743 0.0142478 -0.0025188 -0.329567 -0.377576 0.0245112 0.864998
-0.0010747 0.0141614 -0.00236729 -0.351448 -0.389095 0.0288421 0.851034
-0.00107007 0.0144125 -0.00253377 -0.373048 -0.400314 0.0331399 0.836353
-0.000852612 0.0145925 -0.00263318 -0.394341 -0.411201 0.0374103 0.820981
-0.00152188 0.0155994 -0.00219545 -0.432684 -0.440166 0.0383655 0.785854
-0.000860533 0.0155161 -0.00255663 -0.471163 -0.469416 0.0379994 0.745796
-0.00123854 0.0162315 -0.00167488 -0.506281 -0.496358 0.0379279 0.704181
-0.00069128 0.0162237 -0.00169574 -0.541828 -0.525975 0.0370617 0.654523
0.00011699 0.0162179 -0.00161008 -0.577932 -0.54685 0.0350703 0.604749
0.000497247 0.0162032 -0.00123846 -0.611589 -0.565408 0.0329302 0.55244
0.000628602 0.0166927 -0.000862627 -0.626319 -0.58756 0.0329553 0.511287
0.00093416 0.0176531 -0.000573175 0.63974 0.607624 -0.0326271 -0.469537
0.0011244 0.0174754 4.93323e-05 0.651674 0.62627 -0.0322258 -0.426697
0.00154889 0.0181758 0.000447082 0.662096 0.643444 -0.0317428 -0.382889
0.0012163 0.0190557 0.000485033 0.671111 0.658507 -0.0307767 -0.339165
0.00107307 0.0199018 0.000483699 0.681824 0.664189 -0.0250654 -0.305519
0.00168584 0.0206317 0.00122445 0.692036 0.668524 -0.0189798 -0.271666
0.00191587 0.0208949 0.00188959 0.707797 0.664101 -0.0046172 -0.240778
0.00145695 0.0220564 0.000904106 0.724942 0.654101 0.0171254 -0.215217
0.00184066 0.0221497 0.00221242 0.740985 0.643109 0.0388379 -0.189329
0.00177665 0.0229749 0.00165071 0.758665 0.62539 0.0737929 -0.166944
0.00198933 0.0226733 0.00373451 0.774562 0.606207 0.108529 -0.144189
0.00183448 0.0230297 0.00327878 0.788643 0.585599 0.143013 -0.121098
0.00173611 0.0236912 0.00412515 0.800875 0.56361 0.177186 -0.0977292
0.00166158 0.024409 0.00281137 0.811227 0.540292 0.210952 -0.0741374
0.000998653 0.0241997 0.00440289 0.820172 0.516481 0.240723 -0.0511748
0.000890188 0.0242966 0.00478189 0.827423 0.491612 0.269998 -0.0281034
0.0017493 0.025146 0.00196758 0.832967 0.465718 0.298747 -0.00499047
0.000249712 0.0250966 0.00453027 0.836793 0.438863 0.326876 0.018136
6.67447e-05 0.0252651 0.00410986 0.838894 0.411104 0.354332 0.0412232
0.00192251 0.0257688 0.00153343 0.838067 0.381211 0.385095 0.0634332
0.000492455 0.025764 0.0035371 0.83529 0.350434 0.414942 0.0854999
-0.000171051 0.025992 0.00401446 0.830565 0.31884 0.443821 0.107365
0.000919473 0.0261132 0.00253047 0.823895 0.286498 0.471679 0.128979
-0.000825421 0.0262661 0.00356314 0.815585 0.25367 0.497888 0.150271
-0.000841377 0.0263439 0.00350989 0.805409 0.220264 0.522959 0.171217
-0.0007326 0.026623 0.00347555 0.790578 0.185179 0.551604 0.190862
0.000726955 0.0264502 0.00217833 0.773648 0.149602 0.578783 0.209998
-0.000358425 0.0266412 0.0023036 0.754668 0.113626 0.604417 0.228577
0.000709821 0.0265412 0.00195748 0.729527 0.0772357 0.633083 0.247046
-0.000736651 0.0273683 0.0020897 0.702115 0.0406033 0.659771 0.264744
-0.000856581 0.027615 0.00227943 0.67124 0.00377456 0.68546 0.282076
0.000945592 0.0269313 0.00181674 0.638171 -0.0330667 0.708909 0.298484
-0.000403997 0.0277885 0.00164469 0.603015 -0.069801 0.730038 0.313919
-0.000277254 0.0279943 0.00163306 0.56589 -0.106306 0.74878 0.328324
0.000586332 0.0274509 0.0017374 0.514808 -0.143666 0.771127 0.345972
-0.000213622 0.028456 0.00123388 0.461261 -0.180335 0.789754 0.36195
0.00113888 0.0274742 0.0016808 0.405491 -0.216133 0.80458 0.376185
0.00179624 0.0265057 0.00241378 0.347764 -0.250889 0.815535 0.388611
0.000411348 0.0293673 0.0006172 0.288365 -0.28444 0.822561 0.399166
0.000776194 0.0286244 0.00113847 0.227576 -0.316618 0.825629 0.407799
0.00122168 0.0277234 0.00238932 0.161808 -0.346653 0.824364 0.417222
0.00175427 0.0296386 0.000298891 0.0951946 -0.374852 0.818712 0.424424
0.00215167 0.0294989 0.000568451 0.0280689 -0.401051 0.808708 0.429374
0.00207093 0.0295863 0.000753545 -0.0392075 -0.425118 0.794405 0.432041
0.00298301 0.0300574 0.000624661 -0.106272 -0.446924 0.775878 0.43241
0.00335353 0.0300565 0.000816076 -0.172735 -0.46635 0.753243 0.430471
0.00361308 0.0297146 0.00136798 -0.238265 -0.483289 0.726615 0.426254
0.00260362 0.0293231 0.00183771 -0.302557 -0.497657 0.696114 0.419788
0.000459153 0.0278647 0.00254214 -0.365262 -0.509376 0.6619 0.411106
0.0034228 0.0290977 0.00302614 -0.426019 -0.51839 0.624175 0.400233
0.00485209 0.0291547 0.0036725 -0.484496 -0.524648 0.58315 0.387227
0.0015006 0.0260174 0.00470052 0.540402 0.528105 -0.539032 -0.372183
0.00133573 0.0247671 0.0055235 0.593439 0.528758 -0.492046 -0.355161
0.000950941 0.024705 0.00576312 0.643326 0.526602 -0.442446 -0.336254
0.000711694 0.024207 0.0061464 0.689793 0.521651 -0.390497 -0.315562
-0.00103992 0.0234617 0.00837696 0.732031 0.513714 -0.337584 -0.293713
-0.00149118 0.0233062 0.00879397 0.770519 0.503148 -0.282933 -0.270358
-0.00191051 0.0242774 0.00924974 0.804181 0.489676 -0.230368 -0.24585
-0.00357289 0.022317 0.00578101 0.834083 0.47391 -0.176742 -0.220177
-0.00375976 0.0219648 0.00512579 0.860083 0.455927 -0.122285 -0.193481
-0.00419562 0.0219158 0.00463248 0.882549 0.435455 -0.06933 -0.163343
-0.00489122 0.021716 0.00433214 0.899488 0.416323 -0.0348324 -0.127999
-0.00499216 0.0223682 0.0042503 0.912158 0.398003 0.0018476 -0.0977635
-0.0053344 0.0223867 0.0041038 0.922385 0.378597 0.0368088 -0.0672004
-0.00562803 0.0224681 0.00409928 0.928688 0.364634 0.0495294 -0.0461435
-0.00570898 0.0225434 0.00411933 0.934218 0.35035 0.0621841 -0.0250135
-0.00597824 0.0228208 0.00414713 0.935383 0.346177 0.0698807 -0.0183824
-0.00582404 0.0231363 0.00405472 0.931536 0.350345 0.094313 -0.0245851
-0.00589366 0.0230811 0.00398273 0.92923 0.351 0.112627 -0.0254232
-0.00610146 0.0230218 0.00407609 0.930566 0.344967 0.121616 -0.0159546
-0.00613671 0.0231297 0.00402532 0.930281 0.342752 0.130044 -0.0136709
-0.00616819 0.0232146 0.00405426 0.927841 0.343233 0.145293 -0.0138711
-0.00629676 0.0231894 0.0041043 0.927759 0.34378 0.144261 -0.0163563
-0.00619463 0.0233292 0.00421223 0.923925 0.347528 0.158508 -0.021513
-0.00639321 0.0232094 0.00424176 0.925975 0.346591 0.147967 -0.023489
-0.00662359 0.0232779 0.00455797 0.926826 0.347136 0.140509 -0.0273458
-0.00638491 0.0236944 0.00483529 0.923415 0.353585 0.144224 -0.0385139
-0.00642905 0.0235266 0.00521359 0.919734 0.359004 0.152078 -0.0455787
-0.0063511 0.0236479 0.00506956 0.91587 0.36441 0.160045 -0.0526629
-0.00669669 0.0234103 0.00493695 0.912907 0.368568 0.165301 -0.0585935
-0.00635186 0.0235968 0.00512959 0.909855 0.372703 0.17057 -0.0645202
-0.00632617 0.0234126 0.00494397 0.906716 0.376786 0.175906 -0.0703941
-0.00628154 0.0233585 0.00494426 0.905256 0.379483 0.176162 -0.0739685
-0.00589766 0.0232825 0.00458222 0.904867 0.381162 0.173573 -0.0761835
-0.00631402 0.0229731 0.00492505 0.904466 0.382834 0.170981 -0.0783942
-0.00552255 0.0227323 0.00472476 0.904393 0.383653 0.16924 -0.0790005
-0.00568662 0.0224764 0.0049294 0.904326 0.384456 0.167495 -0.0795845
-0.00561529 0.0221975 0.00487865 0.908671 0.376788 0.16625 -0.0686257
-0.0054645 0.0219327 0.00477183 0.918143 0.356984 0.166706 -0.0422561
-0.00463702 0.0216242 0.00447512 0.926878 0.334904 0.16906 -0.0124961
-0.00469709 0.0213873 0.00456854 0.934266 0.312333 0.171163 0.0172859
-0.00474635 0.0210519 0.00436828 0.943022 0.282215 0.167191 0.0557679
-0.00469153 0.0209138 0.00431561 0.949856 0.248519 0.163007 0.0971673
-0.00440092 0.0206078 0.00409902 0.953676 0.203898 0.156333 0.156481
-0.00445833 0.0203895 0.00401719 0.952184 0.158069 0.148784 0.214998
-0.0045333 0.0202112 0.00391558 0.944454 0.102824 0.133589 0.282113
-0.00415608 0.0199797 0.00387654 0.925679 0.0467403 0.124007 0.354341
-0.00412511 0.0196196 0.00369494 0.892477 -0.0195389 0.107508 0.437658
-0.00398219 0.019734 0.00344796 0.84981 -0.0816582 0.0935927 0.512245
-0.00394398 0.0194355 0.00328343 0.77896 -0.145325 0.0824499 0.604403
-0.00372304 0.0192472 0.00283399 0.698068 -0.204296 0.0719555 0.682486
-0.00373801 0.0188234 0.00256029 0.605868 -0.259995 0.060278 0.749461
-0.00370887 0.0185771 0.00227099 0.50613 -0.313384 0.0477202 0.802089
-0.00382121 0.0180467 0.00236444 0.398444 -0.361862 0.0344108 0.842089
-0.0037941 0.0175374 0.0023846 0.291812 -0.397141 0.025256 0.869763
-0.00384615 0.0172006 0.00248319 0.181386 -0.426879 0.0158599 0.885789
-0.00404621 0.0167334 0.00287588 0.0691585 -0.45097 0.00647631 0.889833
-0.00403616 0.0166425 0.0035127 -0.0438854 -0.465836 -0.00347688 0.883775
-0.00440019 0.0165917 0.0038425 -0.156329 -0.474529 -0.0133879 0.866144
-0.00406767 0.0160428 0.00438287 -0.262414 -0.471777 -0.0246118 0.841403
-0.00412033 0.0159691 0.00471961 -0.36533 -0.463277 -0.0355858 0.806625
-0.00443749 0.0162685 0.00537207 -0.453108 -0.444863 -0.0471063 0.771084
-0.00418786 0.016509 0.00505664 -0.542558 -0.421104 -0.0594918 0.724406
-0.00456895 0.0166345 0.00577073 -0.608041 -0.388968 -0.0780176 0.687679
-0.00472095 0.0167377 0.00597558 -0.653449 -0.353744 -0.0955978 0.662369
-0.00482736 0.0170227 0.00609955 -0.694625 -0.314358 -0.117073 0.636371
-0.00507321 0.0173555 0.00602667 -0.728573 -0.281849 -0.125892 0.61147
-0.00497827 0.017224 0.00626858 -0.760342 -0.239088 -0.150892 0.584762
-0.00512005 0.0172617 0.00624912 -0.788939 -0.195329 -0.175263 0.555613
-0.00515634 0.0174934 0.00631827 -0.814372 -0.152672 -0.19503 0.524833
-0.00454975 0.017744 0.006154 0.836731 0.107841 0.216598 -0.49126
-0.00385846 0.0177368 0.00597665 0.855432 0.0548342 0.24941 -0.450581
-0.00401348 0.0177881 0.00557953 0.869098 0.00150159 0.280748 -0.407244
-0.00392628 0.0179558 0.0054658 0.87767 -0.0518464 0.310387 -0.361478
-0.00415115 0.0181726 0.00460435 0.881111 -0.104908 0.338112 -0.313558
-0.00387641 0.0184879 0.0040682 0.880706 -0.157085 0.361297 -0.262952
-0.00391488 0.0185537 0.00383829 0.875173 -0.208347 0.382385 -0.210821
-0.00407022 0.0185915 0.00375655 0.869359 -0.257396 0.391552 -0.156996
-0.00421336 0.0186569 0.00359616 0.862246 -0.305458 0.390712 -0.10282
-0.00426969 0.0187126 0.0034727 0.859955 -0.354188 0.36544 -0.0384734
-0.00448135 0.018946 0.00345924 0.856544 -0.400049 0.325172 0.0236208
-0.00453924 0.0189953 0.00338529 0.855412 -0.444548 0.253937 0.078503
-0.00449657 0.018935 0.00329788 0.846656 -0.485075 0.171652 0.135693
-0.00446581 0.0190249 0.00336532 0.829108 -0.523146 0.0899693 0.175506
-0.00443015 0.0189982 0.00334794 0.803871 -0.556433 0.0259167 0.208572
-0.00445387 0.0190082 0.00332083 0.7684 -0.587456 -0.078005 0.2416
-0.00436475 0.0189334 0.0033548 0.722142 -0.610227 -0.18063 0.271124
-0.00478759 0.0189111 0.00311074 0.664261 -0.624347 -0.284698 0.296467
-0.00435713 0.0187856 0.00326752 -0.599093 0.629273 0.379634 -0.317778
-0.0043518 0.0186855 0.00325274 -0.525687 0.625552 0.469357 -0.334724
-0.0044129 0.0186494 0.00316485 -0.451349 0.619303 0.541553 -0.345646
-0.00457527 0.0186746 0.00317545 -0.366748 0.610019 0.609991 -0.348258
-0.00442398 0.0184531 0.00297572 -0.277816 0.593496 0.671098 -0.346711
-0.00448772 0.0184771 0.00299799 -0.185575 0.569904 0.7242 -0.341032
-0.00450517 0.0183849 0.002968 -0.0911279 0.539524 0.768667 -0.331301
-0.00476715 0.0185757 0.00315903 0.00443856 0.502769 0.803944 -0.317609
-0.00457669 0.0185848 0.00322987 0.100115 0.459992 0.829666 -0.300064
-0.00477311 0.0183307 0.00304817 0.194455 0.411739 0.845466 -0.279005
-0.00481589 0.0182342 0.0030073 0.28647 0.358586 0.851184 -0.25463
-0.00492628 0.0182545 0.0032691 0.375076 0.301158 0.846744 -0.227252
-0.005055 0.0182557 0.00320301 0.459206 0.240152 0.832214 -0.197172
-0.00506756 0.0182776 0.00332278 0.537872 0.176277 0.807762 -0.164739
-0.00534862 0.018283 0.00341781 0.599044 0.114823 0.780393 -0.137656
-0.00518395 0.0182929 0.00345517 0.654841 0.0523292 0.745982 -0.109333
-0.005131 0.0183008 0.00350819 0.704745 -0.0106391 0.704853 -0.0800244
-0.00514623 0.0183031 0.00352885 0.74843 -0.073528 0.657228 -0.0499542
-0.00514098 0.0183244 0.00358253 0.783897 -0.135465 0.605607 -0.0199035
-0.00462782 0.0180868 0.00342324 0.819692 -0.201439 0.535769 0.0218338
-0.00487249 0.0182238 0.00383908 0.845414 -0.264928 0.459436 0.0633063
-0.00487638 0.0182317 0.00384827 0.860789 -0.325173 0.377474 0.104003
-0.00479181 0.0181049 0.00383315 0.866703 -0.383513 0.283223 0.146726
-0.00475554 0.0181393 0.00384568 0.860351 -0.436387 0.185013 0.187433
-0.00472668 0.0180081 0.00384038 0.841826 -0.483523 0.0781915 0.226762
-0.00453332 0.0180299 0.00403788 0.811176 -0.520121 -0.00834668 0.267202
-0.00449054 0.0179462 0.00395708 0.771279 -0.55079 -0.0947868 0.304591
-0.00444133 0.0178817 0.00389963 0.731982 -0.56428 -0.144509 0.353419
-0.00443887 0.0179023 0.0038851 0.687782 -0.574031 -0.193639 0.399937
-0.00439457 0.0179127 0.00383445 0.639032 -0.580059 -0.241495 0.443674
-0.00446545 0.0179083 0.00378051 0.582092 -0.581886 -0.297247 0.483966
-0.00480408 0.0179735 0.00375292 0.520461 -0.579152 -0.350726 0.520278
-0.00431027 0.0179263 0.00382017 0.454642 -0.571733 -0.401472 0.552487
-0.00517776 0.0181342 0.003848 0.385182 -0.559749 -0.449008 0.580261
-0.00427493 0.0180355 0.00369578 0.312643 -0.543291 -0.492956 0.603394
-0.00460944 0.0180806 0.00379308 0.237593 -0.522482 -0.532965 0.621697
-0.0039961 0.0177681 0.00342276 0.160669 -0.497507 -0.568685 0.635036
-0.0040585 0.0178299 0.00345747 0.0824579 -0.468555 -0.599854 0.643296
-0.00405868 0.0177616 0.00339383 0.00355968 -0.435922 -0.626232 0.646371
-0.00407453 0.0176248 0.00342527 -0.0753314 -0.399752 -0.647584 0.644326
-0.00441282 0.0178669 0.00380147 -0.153619 -0.360457 -0.663724 0.637139
-0.00441948 0.0175037 0.00360943 -0.230593 -0.318213 -0.674543 0.624945
-0.00446497 0.0173594 0.00339437 -0.305669 -0.273505 -0.67985 0.607922
-0.00451572 0.0174343 0.00333756 -0.378226 -0.226657 -0.679591 0.586281
-0.00471313 0.0173835 0.00332055 -0.445932 -0.178613 -0.672753 0.562717
-0.00489894 0.0175525 0.00352877 -0.510994 -0.133393 -0.659157 0.535352
-0.00500573 0.0175494 0.00361348 -0.572375 -0.0872134 -0.640815 0.504126
-0.00533084 0.0176346 0.00355725 0.629696 0.0427953 0.616578 -0.470615
-0.00525289 0.0175189 0.00386466 0.679665 -0.00629762 0.591399 -0.433893
-0.00532794 0.0175761 0.00393459 0.724952 -0.0553033 0.562118 -0.394216
-0.00560533 0.0174391 0.003955 0.765227 -0.103959 0.528995 -0.351832
-0.00574616 0.0175708 0.00392139 0.799617 -0.150164 0.491853 -0.310065
-0.0057818 0.0172822 0.0040316 0.827283 -0.197025 0.454141 -0.265594
-0.00513051 0.018046 0.00375448 0.849697 -0.242609 0.413499 -0.219479
-0.00608221 0.0179764 0.00440441 0.866709 -0.286647 0.370231 -0.171987
-0.00572856 0.0178979 0.00431386 0.878205 -0.328867 0.32462 -0.123378
-0.00537691 0.0181385 0.00425036 0.884111 -0.369008 0.276949 -0.0740315
-0.00582433 0.0182069 0.00459039 0.884368 -0.406835 0.227568 -0.024236
-0.00582521 0.018413 0.0045688 0.879008 -0.442093 0.176751 0.0256826
-0.00539655 0.0184894 0.00429882 0.868067 -0.474542 0.124809 0.0754284
-0.00562106 0.0187186 0.00479841 0.851622 -0.503982 0.0720722 0.124694
-0.00495982 0.0187777 0.00384647 0.830008 -0.530537 0.0189728 0.171038
-0.00521212 0.0188639 0.00481236 0.803295 -0.553839 -0.0342292 0.216355
-0.00509705 0.0188727 0.00437676 0.77165 -0.573742 -0.087223 0.260319
-0.00487502 0.01909 0.0048667 0.735277 -0.590134 -0.139672 0.302659
-0.00487453 0.0190663 0.0045385 0.694392 -0.6029 -0.191257 0.343144
-0.00480824 0.0188982 0.00438319 0.649249 -0.611973 -0.241663 0.38153
-0.00469047 0.0189991 0.00439973 -0.600123 0.617293 0.290577 -0.41757
-0.00420651 0.019085 0.0045933 -0.547323 0.618828 0.33768 -0.451071
-0.00416856 0.0189959 0.00424003 -0.491167 0.61658 0.382698 -0.481794
-0.00371594 0.0189193 0.00427622 0.43264 -0.611593 -0.424452 0.508543
-0.00367992 0.0189155 0.00394943 0.371559 -0.602997 -0.463695 0.532277
-0.00386458 0.0188256 0.00360979 0.308523 -0.594065 -0.50429 0.545519
-0.00398375 0.0184568 0.00344439 0.243683 -0.581643 -0.541901 0.555562
-0.00429489 0.0182423 0.00331432 0.178379 -0.567345 -0.57516 0.561688
-0.00436032 0.0181653 0.00304042 0.114996 -0.554854 -0.601114 0.563535
-0.0043616 0.0180503 0.00292357 0.0529348 -0.543261 -0.621777 0.561659
-0.00442067 0.0178444 0.00296758 -0.00928173 -0.529329 -0.639629 0.557312
-0.00503345 0.0183907 0.00330325 -0.0714512 -0.513072 -0.654666 0.550517
-0.00484157 0.0175186 0.00334859 -0.133305 -0.494554 -0.666814 0.541298
-0.00483628 0.0172754 0.00373471 -0.188495 -0.463848 -0.674487 0.542574
-0.00481941 0.0173119 0.00363111 -0.242928 -0.431286 -0.679419 0.541634
-0.00477951 0.0173217 0.00362424 -0.295899 -0.398632 -0.680651 0.538754
-0.00478318 0.0171855 0.00386262 -0.347679 -0.364401 -0.679213 0.533853
-0.00479276 0.0171073 0.00392943 -0.398115 -0.328766 -0.675143 0.526882
-0.00471519 0.0169622 0.00407283 -0.4469 -0.291822 -0.668415 0.518016
-0.0046902 0.0168307 0.00422218 -0.489688 -0.257893 -0.655529 0.513795
-0.00465228 0.0167832 0.00440434 -0.525005 -0.218149 -0.640796 0.515907
-0.00458706 0.0170261 0.00434377 -0.558731 -0.177746 -0.624116 0.516441
-0.00457805 0.0164311 0.0044384 -0.590703 -0.136756 -0.605531 0.515459
-0.00450245 0.016677 0.00441739 -0.620901 -0.0953637 -0.585102 0.512883
-0.00452366 0.016358 0.00444648 -0.649181 -0.0536709 -0.56288 0.508769
-0.00447335 0.0168413 0.00446089 -0.675499 -0.0118238 -0.538944 0.503096
-0.00458992 0.0163679 0.00449807 0.699748 -0.0300622 0.513357 -0.495893
-0.0046132 0.0162978 0.00451257 0.721865 -0.0718554 0.486212 -0.487182
-0.00462611 0.0163264 0.00453848 0.74169 -0.113327 0.457526 -0.477199
-0.00456137 0.0164144 0.00457806 0.759273 -0.154463 0.427461 -0.465751
-0.00460443 0.0164222 0.00452482 0.774552 -0.195117 0.39609 -0.452888
-0.00466093 0.016521 0.00446322 0.787129 -0.235492 0.363585 -0.439066
-0.00445502 0.0172469 0.00446231 0.797321 -0.275142 0.329971 -0.423899
-0.0046779 0.0169265 0.00440953 0.805096 -0.313959 0.295357 -0.40745
-0.00451355 0.0172308 0.00442089 0.810425 -0.351819 0.259844 -0.389759
-0.00496648 0.0167697 0.00442461 0.813271 -0.388641 0.223553 -0.370908
-0.00502572 0.0167787 0.00441202 0.813646 -0.424281 0.186581 -0.350927
-0.00514353 0.0170288 0.0044295 0.811546 -0.458643 0.149047 -0.329886
-0.00527475 0.0171365 0.00444765 0.806981 -0.491608 0.111059 -0.30784
-0.00528112 0.0174382 0.00443943 0.799967 -0.523083 0.0727355 -0.284863
-0.00500635 0.0178424 0.00434685 0.790522 -0.552966 0.0341896 -0.261019
-0.00537981 0.017384 0.00460659 0.778678 -0.581174 -0.00445928 -0.236384
-0.00518742 0.0173929 0.00450497 0.764468 -0.607614 -0.0430949 -0.211029
-0.00492945 0.0176703 0.00427857 0.747937 -0.632211 -0.081601 -0.185041
-0.00504456 0.0176394 0.00461545 0.729133 -0.654888 -0.119856 -0.158484
-0.00503065 0.0175782 0.00459497 0.708117 -0.67558 -0.157748 -0.131446
-0.00483696 0.0178409 0.00452592 -0.684948 0.694215 0.195163 0.104011
-0.00479107 0.0178107 0.00450972 -0.659702 0.71075 0.231981 0.0762555
-0.00465801 0.0179051 0.00452421 -0.636337 0.71873 0.274013 0.0584522
-0.00460942 0.0178102 0.0044485 -0.611196 0.724871 0.315235 0.0403633
-0.00436014 0.0181479 0.00446018 -0.584414 0.72903 0.355636 0.0222533
-0.00438165 0.0179408 0.00442213 -0.556061 0.731227 0.39508 0.00407678
-0.00437407 0.0178574 0.00433471 -0.526191 0.731474 0.433436 -0.0141277
-0.00438243 0.0177953 0.00432332 -0.494906 0.729751 0.470627 -0.0322905
-0.00440972 0.0177914 0.00408872 -0.46228 0.726062 0.506554 -0.0503178
-0.00427369 0.0177951 0.00418186 -0.428412 0.720417 0.54112 -0.0682178
-0.00433668 0.0178424 0.00394639 -0.39331 0.712935 0.574154 -0.0858787
-0.00422551 0.0179072 0.00395187 -0.357152 0.703536 0.605648 -0.103309
-0.00414853 0.017949 0.00384086 -0.320005 0.692266 0.635509 -0.120375
-0.0042385 0.0179089 0.00371448 -0.281998 0.679137 0.663667 -0.137109
-0.00409576 0.0179558 0.00373132 -0.24321 0.664203 0.690025 -0.153442
-0.00415451 0.0179256 0.00370152 -0.203826 0.647438 0.714536 -0.169462
-0.00419812 0.0177461 0.00368516 -0.174759 0.624155 0.733313 -0.205275
-0.00422913 0.017753 0.00357956 -0.145099 0.599116 0.749797 -0.240439
-0.0042889 0.0175422 0.0035356 -0.115074 0.572179 0.764064 -0.274902
-0.00421682 0.0177506 0.00338616 -0.0845995 0.54363 0.776035 -0.30835
-0.00438413 0.0177065 0.00324039 -0.0538551 0.513477 0.785673 -0.340815
-0.00450227 0.0175228 0.00311011 -0.0245134 0.487007 0.786569 -0.378856
-0.00436845 0.0176618 0.00297438 0.00491905 0.459128 0.785062 -0.415754
-0.00428088 0.0174507 0.00278785 0.0395465 0.432781 0.782841 -0.445306
-0.00440111 0.0169611 0.00263955 0.0731525 0.407204 0.776323 -0.475554
-0.00432657 0.0169755 0.00257356 0.125459 0.382715 0.776391 -0.484774
-0.00445281 0.0169025 0.0025575 0.177304 0.356916 0.773792 -0.492358
-0.00464759 0.0170161 0.00261696 -0.22491 -0.331038 -0.76677 0.501895
-0.00427448 0.0181646 0.0028961 -0.271823 -0.304132 -0.757384 0.509886
-0.0049114 0.0167351 0.0026629 -0.317901 -0.276293 -0.745677 0.516307
-0.00494527 0.0167792 0.00272159 -0.362998 -0.247602 -0.731667 0.521141
-0.00419835 0.0175799 0.00232415 -0.417584 -0.218321 -0.716711 0.514092
-0.00389038 0.0180735 0.00216576 -0.475395 -0.189445 -0.698225 0.500589
-0.00354297 0.0182348 0.00152877 0.548201 0.164616 0.672208 -0.46959
-0.00380074 0.0180172 0.00177573 0.608585 0.137973 0.643791 -0.442852
-0.00337172 0.0185284 0.00116281 0.678333 0.11402 0.604551 -0.401723
-0.00340396 0.0185744 0.00101157 0.742215 0.0891003 0.560052 -0.357094
-0.00331295 0.018641 0.000490685 0.802893 0.065357 0.507472 -0.30588
-0.00307136 0.0190067 0.000485706 0.855807 0.0409951 0.450024 -0.25177
-0.00284666 0.0190662 0.000674584 0.900488 0.0162398 0.388251 -0.19524
-0.00283141 0.018993 0.000676647 0.934972 -0.00878968 0.325727 -0.140178
-0.00217722 0.0195287 0.000164405 0.960563 -0.0341123 0.262464 -0.0852503
-0.00208766 0.0195498 0.000220842 0.978165 -0.0591507 0.197016 -0.0296147
-0.00192192 0.0197057 0.000178969 0.986549 -0.0838914 0.139442 0.0155294
-0.00195696 0.0196208 0.000374043 0.988981 -0.108115 0.0809794 0.0605637
-0.00176499 0.0197801 0.000419701 0.986032 -0.131238 0.0243592 0.099621
-0.00154864 0.0196783 0.000278792 0.977883 -0.153667 -0.0323689 0.138136
-0.00124298 0.0197949 0.000325614 0.965496 -0.175807 -0.0835629 0.172993
-0.00120289 0.0196416 -0.000579155 0.948782 -0.197158 -0.134382 0.207075
-0.000804404 0.0196664 -3.4181e-05 0.928742 -0.218261 -0.181098 0.238759
-0.000519507 0.0195621 -0.000146525 0.903452 -0.233649 -0.224846 0.280398
-0.000509196 0.0195016 -0.000334402 0.874336 -0.247497 -0.264835 0.322714
-0.000663823 0.0192535 -0.000755171 0.853579 -0.277504 -0.281912 0.338993
-0.000543151 0.0192121 -0.000188432 0.830583 -0.306222 -0.299713 0.355712
-0.000204259 0.0193091 4.70311e-05 0.807778 -0.335321 -0.313447 0.369868
-0.000418074 0.0191497 -9.64961e-05 0.777192 -0.36036 -0.341023 0.387061
-0.000219786 0.0189391 -0.000171749 0.746556 -0.3842 -0.362558 0.404465
-0.00089156 0.0188978 -0.000398815 0.713007 -0.406647 -0.385848 0.421166
-0.000658406 0.0187193 -0.0001783 0.677709 -0.428093 -0.40819 0.436834
-0.000410585 0.0183539 -0.000227551 0.643569 -0.447739 -0.42272 0.454595
-0.000669332 0.0183623 -9.25494e-05 0.608085 -0.466433 -0.43638 0.471424
-0.000966006 0.0182984 -0.000335741 0.571312 -0.484201 -0.449217 0.487193
-0.000236862 0.0182212 -0.000172382 0.537866 -0.500572 -0.453866 0.50411
-0.000803867 0.0182796 -0.00016556 0.500502 -0.514299 -0.4631 0.520128
-0.000501225 0.0181765 -0.000171554 0.4622 -0.527056 -0.471394 0.535132
-0.000769346 0.0181371 -0.000217004 0.412834 -0.537109 -0.493459 0.54551
-0.000431188 0.0179998 -0.000179588 0.363756 -0.545321 -0.511901 0.555211
-0.000662327 0.0181027 -0.000192938 0.3136 -0.551984 -0.528909 0.563227
-0.00218664 0.0181263 -0.000403621 0.262551 -0.557034 -0.544337 0.569625
-0.00101786 0.0177526 -0.000328622 0.210736 -0.560467 -0.558199 0.574355
-0.00121543 0.0176416 -0.000154007 0.158313 -0.562232 -0.570428 0.577444
-0.0018709 0.0177393 3.87976e-05 0.112989 -0.558834 -0.575286 0.586503
-0.00122452 0.0176244 -0.000184023 0.067368 -0.554242 -0.578923 0.594241
-0.00120203 0.0177372 -0.000223338 0.0162745 -0.553307 -0.585221 0.592542
-0.00110449 0.0171462 -0.000222666 -0.0289314 -0.550834 -0.585149 0.594426
-0.00123528 0.0175118 -0.000172377 -0.0740864 -0.547228 -0.583894 0.595083
-0.0012426 0.0174282 -0.00018466 -0.119566 -0.544045 -0.581057 0.59337
-0.00120209 0.0172178 -0.000174922 -0.151994 -0.535074 -0.570531 0.604228
-0.0014036 0.0172786 -3.2261e-05 -0.190762 -0.526524 -0.564513 0.606387
-0.00125343 0.0175775 -0.000163879 -0.234286 -0.516757 -0.561627 0.602205
-0.00133125 0.0175402 -0.000199421 -0.277346 -0.506023 -0.557561 0.596778
-0.00133284 0.0175174 -0.000240902 -0.321698 -0.496173 -0.552049 0.587851
-0.00153745 0.017868 8.37739e-05 -0.36011 -0.480797 -0.546316 0.583687
-0.00177635 0.0180872 0.000226245 -0.398406 -0.466487 -0.538616 0.577548
-0.00167649 0.0168743 0.000391198 -0.435989 -0.451344 -0.529952 0.570395
-0.00162648 0.0172917 -4.48965e-05 -0.472805 -0.435409 -0.52036 0.562232
-0.00174869 0.017073 0.000175962 -0.508771 -0.418701 -0.509834 0.553089
-0.0018662 0.0174954 0.000326832 -0.543838 -0.40126 -0.498415 0.542973
-0.0019154 0.0176936 0.000282358 -0.557918 -0.370756 -0.489376 0.558369
-0.0020531 0.0173172 0.000240936 -0.572334 -0.344767 -0.474564 0.573031
-0.00212463 0.0172335 0.000141082 -0.596732 -0.303234 -0.476984 0.569599
-0.00252985 0.0173 5.09017e-05 -0.618122 -0.266706 -0.472251 0.569014
-0.00249535 0.0176205 -3.57674e-05 -0.638406 -0.229704 -0.466645 0.567374
-0.00280701 0.0176225 -0.000184636 -0.657581 -0.19239 -0.460118 0.564686
-0.002984 0.0173792 -0.000263316 -0.660517 -0.14756 -0.459159 0.575423
-0.00291383 0.0178627 -1.4311e-05 -0.662434 -0.103118 -0.456383 0.585035
-0.00335772 0.0173883 -0.000213219 -0.662959 -0.0584942 -0.452588 0.593484
-0.00334163 0.0177759 -0.000247822 -0.676761 -0.0254032 -0.436211 0.592514
-0.00294945 0.0179101 -0.00012098 -0.689018 0.00392243 -0.416538 0.593067
-0.00283045 0.0182411 -0.000107083 -0.700418 0.0333557 -0.396318 0.592653
-0.00350954 0.0180715 -7.07649e-05 -0.710749 0.062667 -0.375523 0.591511
-0.00323735 0.0179764 -0.000127839 -0.720096 0.0918913 -0.354209 0.589539
-0.00350093 0.0182511 -0.000130755 -0.72844 0.120972 -0.332373 0.586739
-0.00351256 0.0183131 -7.08196e-05 -0.732084 0.150539 -0.313222 0.585906
-0.00312387 0.0180563 -0.00026444 -0.734829 0.179911 -0.293655 0.58431
-0.00358591 0.0183025 3.44008e-05 -0.736662 0.209055 -0.273722 0.581982
-0.0025232 0.0185959 -0.000601388 -0.737552 0.237884 -0.253419 0.578965
-0.00455348 0.0185517 -9.95133e-05 -0.737692 0.271419 -0.235724 0.57147
-0.00414446 0.018781 -4.76747e-05 -0.736714 0.302961 -0.217218 0.564159
-0.00424244 0.0185622 -0.000418505 -0.73495 0.33565 -0.198677 0.554723
-0.0048975 0.0188133 1.88037e-05 -0.732068 0.367831 -0.179834 0.544453
-0.00451871 0.0187121 6.2699e-05 -0.73018 0.394137 -0.159492 0.534842
-0.00443662 0.0188326 0.000124574 -0.727401 0.419981 -0.138969 0.524578
-0.00426929 0.0190813 0.000344764 -0.722965 0.446144 -0.11873 0.513986
-0.00405667 0.0189976 0.000560783 0.752809 -0.445236 0.0760506 -0.478805
-0.00352769 0.0189261 0.000644796 0.779661 -0.442567 0.0331092 -0.441778
-0.0036482 0.0187978 0.000757907 0.803434 -0.438134 -0.0099476 -0.403025
-0.0035361 0.0189305 0.000898896 0.824046 -0.431964 -0.0529497 -0.362704
-0.00294154 0.0191753 0.0008389 0.841409 -0.424088 -0.0957413 -0.320952
-0.00292437 0.0190724 0.00085986 0.855459 -0.414549 -0.138145 -0.277949
-0.00227867 0.019372 0.00046508 0.86614 -0.403372 -0.180005 -0.233851
-0.00231232 0.019487 0.000542733 0.873415 -0.390614 -0.221155 -0.188835
-0.00221552 0.0195565 0.000747471 0.87725 -0.376313 -0.261434 -0.143073
-0.00215737 0.0195561 0.000643562 0.877639 -0.360531 -0.300669 -0.0967801
-0.00200381 0.0196708 0.000489983 0.874578 -0.343323 -0.338714 -0.0501167
-0.00192721 0.0197642 0.00025777 0.868165 -0.324694 -0.375303 -0.00340089
-0.00194548 0.0198385 -2.682e-05 0.858465 -0.304702 -0.410279 0.0431584
-0.00184066 0.0198955 -0.000173199 0.845437 -0.283527 -0.443656 0.0895443
-0.0017976 0.0199436 -0.000270023 0.829124 -0.261246 -0.475312 0.135567
-0.00187597 0.0200121 -3.1057e-05 0.809596 -0.237953 -0.505123 0.181066
-0.00187814 0.0201449 -0.000258149 0.786922 -0.213735 -0.532969 0.225855
-0.00189877 0.0201325 -0.000560984 0.761348 -0.188692 -0.558512 0.269832
-0.00184526 0.0201467 -0.000748334 0.732852 -0.162925 -0.581866 0.312748
-0.00190664 0.0201849 -0.000904075 0.701528 -0.136529 -0.602978 0.354454
-0.00186394 0.0200207 -0.00102353 0.66749 -0.109607 -0.621757 0.394786
-0.00172538 0.0198834 -0.00114617 -0.630891 0.0822574 0.638121 -0.433605
-0.00176215 0.0199434 -0.00116718 -0.591853 0.0545852 0.652016 -0.470744
-0.00175486 0.0197954 -0.00133162 0.550535 -0.0267061 -0.663396 0.50607
-0.00157378 0.0197458 -0.00148593 0.507083 0.00127582 -0.672207 0.539438
-0.00173078 0.0196734 -0.00146469 0.461681 0.0292534 -0.678434 0.570723
-0.00172765 0.0196009 -0.00141749 0.414489 0.0571173 -0.682029 0.599804
-0.00141077 0.019723 -0.00184848 0.365702 0.0847599 -0.683003 0.626568
-0.00120968 0.0198544 -0.00209856 0.315496 0.112073 -0.68133 0.65091
-0.00151454 0.019753 -0.00191794 0.264076 0.138955 -0.677036 0.67274
-0.00165329 0.0197657 -0.00193644 0.211634 0.165298 -0.670118 0.691971
-0.00179001 0.0197833 -0.00191811 0.158582 0.190958 -0.660581 0.708535
-0.00185099 0.0197793 -0.00196506 0.104924 0.215879 -0.648503 0.722375
-0.00198886 0.019674 -0.00182175 0.0508671 0.239971 -0.633944 0.733446
-0.00207721 0.0196688 -0.00190253 -0.00338252 0.263142 -0.616945 0.7417
-0.00221388 0.0196325 -0.00174886 -0.057621 0.285303 -0.597586 0.747111
-0.00233404 0.0196269 -0.00175069 -0.111629 0.306363 -0.575931 0.749652
-0.00232366 0.019541 -0.00166547 -0.165201 0.326247 -0.552077 0.749322
-0.00234313 0.0194722 -0.00159814 -0.21805 0.344854 -0.526136 0.746127
-0.002413 0.0194796 -0.00161798 -0.270067 0.36214 -0.498192 0.740084
-0.0024398 0.0194586 -0.0015628 -0.321039 0.378041 -0.468342 0.731211
-0.00242111 0.0194839 -0.00136598 -0.370787 0.392499 -0.436707 0.719548
-0.00238373 0.0194255 -0.0012292 -0.419052 0.405394 -0.403447 0.705178
-0.00245311 0.0194152 -0.0011179 -0.465706 0.416732 -0.368672 0.688139
-0.00241405 0.0193267 -0.00108705 -0.510578 0.426483 -0.332492 0.66848
-0.00240418 0.0192193 -0.00104028 -0.553503 0.434621 -0.295059 0.646282
-0.00245346 0.0192864 -0.000922744 -0.594313 0.441105 -0.256504 0.621625
-0.00247584 0.0192699 -0.000873775 -0.632873 0.445913 -0.216974 0.594607
-0.00243719 0.0192879 -0.000810667 -0.669014 0.449022 -0.176621 0.565329
-0.0024567 0.0192757 -0.00077401 -0.702623 0.450426 -0.135596 0.533903
-0.00242915 0.0192821 -0.000750625 -0.733547 0.450117 -0.0940591 0.500448
-0.00245487 0.0193016 -0.000657875 0.761687 -0.448066 0.0521732 -0.465133
-0.00243217 0.0192986 -0.000618148 0.786928 -0.444308 0.0100911 -0.42805
-0.00242194 0.0193053 -0.000475952 0.809183 -0.438869 -0.0320281 -0.389348
-0.00235431 0.0193063 -0.000440625 0.828363 -0.431758 -0.0740254 -0.349163
-0.00234781 0.0193268 -0.000385866 0.844401 -0.423013 -0.115741 -0.307657
-0.00229109 0.019339 -0.000368103 0.857229 -0.412656 -0.157017 -0.26498
-0.00227278 0.0193498 -0.000335487 0.866806 -0.400738 -0.197696 -0.2213
-0.00220535 0.0193722 -0.000314202 0.873089 -0.387294 -0.237623 -0.176777
-0.00216195 0.0193909 -0.000300233 0.876061 -0.372384 -0.276648 -0.131586
-0.0021069 0.0194087 -0.000284791 0.875719 -0.356075 -0.314545 -0.0859293
-0.00205571 0.0194468 -0.000271202 0.872072 -0.338417 -0.351234 -0.0399886
-0.00194644 0.0194364 -0.000301672 0.865133 -0.319505 -0.386548 0.00611764
-0.00185752 0.0194635 -0.000333051 0.854942 -0.299415 -0.420357 0.0522132
-0.00181934 0.0195824 -0.000385184 0.841518 -0.278193 -0.452578 0.0981089
-0.00174105 0.0196182 -0.000399977 0.824921 -0.255923 -0.483092 0.143635
-0.00164379 0.0196463 -0.000460478 0.805242 -0.232719 -0.511706 0.188626
-0.00156904 0.0197249 -0.000462759 0.782532 -0.208644 -0.538397 0.232895
-0.00153607 0.0198083 -0.000545658 0.75687 -0.183787 -0.56306 0.276278
-0.00158132 0.0198649 -0.000704571 0.728375 -0.158252 -0.585577 0.318632
-0.00157476 0.0199277 -0.000813361 0.697134 -0.132122 -0.605887 0.359783
-0.00156601 0.0199933 -0.000886586 0.663273 -0.105496 -0.623919 0.39958
-0.0016315 0.0199977 -0.00100371 -0.626942 0.0784553 0.63955 -0.437902
-0.00174551 0.0201603 -0.00104426 -0.588256 0.0511212 0.652775 -0.47458
-0.00178383 0.0201814 -0.00114356 0.547351 -0.023591 -0.663535 0.50947
-0.00182522 0.0201663 -0.00124487 0.504516 0.00410014 -0.671707 0.542456
-0.00190676 0.0201686 -0.00135514 0.459811 0.03178 -0.677314 0.573411
-0.001943 0.0202692 -0.00143166 0.413385 0.0593339 -0.680393 0.602212
-0.0020389 0.0202315 -0.00152781 0.365403 0.0866636 -0.680906 0.628752
-0.00213439 0.0202363 -0.0015739 0.316055 0.113669 -0.678873 0.652933
-0.00224443 0.0202505 -0.00163488 0.265591 0.140244 -0.674271 0.674644
-0.0023756 0.0202206 -0.00171429 0.214137 0.166294 -0.667154 0.69383
-0.00254861 0.0202971 -0.00173271 0.161879 0.19172 -0.657527 0.710415
-0.00270111 0.0202816 -0.00173793 0.109086 0.216402 -0.645474 0.724317
-0.0027652 0.0203942 -0.00168036 0.110112 0.230679 -0.649669 0.715951
-0.00271474 0.0203891 -0.00174838 0.111086 0.244887 -0.65368 0.707385
-0.0028045 0.0204951 -0.00170079 0.112059 0.259013 -0.657507 0.698594
-0.00274102 0.0204091 -0.00176033 0.112999 0.273064 -0.661152 0.689599
-0.00274665 0.0203151 -0.00161907 0.113908 0.287034 -0.664593 0.680401
-0.00269774 0.0205072 -0.00176203 0.114778 0.300918 -0.667855 0.671004
-0.00274199 0.0206711 -0.0018187 0.115603 0.314715 -0.670902 0.661418
-0.00276611 0.0206613 -0.00171487 0.116277 0.328402 -0.67376 0.651675
-0.0027573 0.0207986 -0.00175394 0.117073 0.341977 -0.676435 0.641695
-0.00289203 0.0209577 -0.00171568 0.117834 0.355456 -0.678924 0.63153
-0.00286435 0.0210388 -0.00175318 0.118563 0.36883 -0.681201 0.62118
-0.00279867 0.0209675 -0.00170231 0.119238 0.382077 -0.683312 0.610643
-0.00270086 0.0213093 -0.00168759 0.11988 0.395209 -0.685213 0.599928
-0.00298586 0.0206013 -0.00155059 0.120485 0.408229 -0.686927 0.589037
-0.00290392 0.0203899 -0.00163359 0.121058 0.421126 -0.688429 0.577974
-0.0029128 0.0208531 -0.00157098 0.121592 0.433905 -0.689743 0.566743
-0.00290026 0.0205223 -0.00158438 0.122094 0.446553 -0.690843 0.555347
-0.00287518 0.0209826 -0.00167906 0.122557 0.459076 -0.691754 0.543789
-0.00282626 0.0200054 -0.00160801 0.122988 0.471459 -0.692452 0.532071
-0.00289953 0.0208288 -0.00158966 0.123378 0.483709 -0.692962 0.520199
-0.00290828 0.0202628 -0.00161558 0.123737 0.495812 -0.693257 0.508176
-0.00275622 0.0209882 -0.00154443 -0.124056 -0.507779 0.693363 -0.496004
-0.00276653 0.0207991 -0.00153118 -0.124341 -0.51959 0.69326 -0.483684
-0.00270566 0.0208843 -0.00165098 -0.124588 -0.531257 0.692955 -0.471232
-0.00310511 0.0206628 -0.00135969 -0.124799 -0.542762 0.692447 -0.458636
-0.00262907 0.0211477 -0.00134118 -0.124975 -0.554117 0.691735 -0.445915
-0.00284142 0.020872 -0.00135218 -0.125114 -0.565305 0.690821 -0.433056
-0.00269754 0.0208342 -0.00133743 -0.125217 -0.576334 0.689707 -0.420079
-0.00254379 0.0209935 -0.00122064 -0.125275 -0.587186 0.688392 -0.406977
-0.00263844 0.0207518 -0.00105823 -0.125296 -0.597872 0.68688 -0.393762
-0.00321366 0.0207578 -0.00126116 -0.125381 -0.608365 0.685178 -0.38039
-0.00254137 0.0207373 -0.00110072 -0.125423 -0.618688 0.683278 -0.366917
-0.00248702 0.021052 -0.00108678 -0.125425 -0.628823 0.681177 -0.353331
-0.00229367 0.0210009 -0.000868988 -0.125401 -0.638784 0.678876 -0.339647
-0.00241957 0.0210795 -0.00098911 -0.125339 -0.64855 0.676375 -0.325858
-0.00243884 0.0208818 -0.000897326 -0.125234 -0.658131 0.673685 -0.311981
-0.00234412 0.0209707 -0.000841944 -0.125092 -0.667511 0.670796 -0.298007
-0.00233023 0.0210145 -0.00086439 0.124928 0.676706 -0.667713 0.283947
-0.00223421 0.0208942 -0.000715406 0.124722 0.6857 -0.664427 0.2698
-0.00217798 0.0209962 -0.000806193 0.124484 0.694496 -0.660956 0.255576
-0.0021775 0.0210016 -0.000611747 0.124205 0.703088 -0.657284 0.241277
-0.00213385 0.0211078 -0.000610941 0.123894 0.711476 -0.653429 0.226908
-0.00231239 0.0209135 -0.000787379 0.123543 0.719654 -0.649374 0.212471
-0.00212671 0.0209631 -0.000569766 0.123159 0.727625 -0.645138 0.197974
-0.00224644 0.0209466 -0.00080391 0.122737 0.735381 -0.640705 0.183418
-0.00202061 0.020949 -0.000833639 0.122281 0.742926 -0.636094 0.16881
-0.00192685 0.0210304 -0.000722652 0.121784 0.750249 -0.63129 0.154151
-0.00206061 0.0210575 -0.000856453 0.121278 0.757367 -0.626296 0.139439
-0.00193627 0.0208521 -0.000635964 0.120732 0.76426 -0.621111 0.124686
-0.00210238 0.0210959 -0.000771576 0.120205 0.770944 -0.615733 0.109871
-0.00201077 0.021013 -0.000772121 0.119519 0.77741 -0.610171 0.0950526
-0.00193813 0.0210443 -0.000722137 0.121612 0.779848 -0.608355 0.0833947
-0.00197568 0.0208395 -0.000774076 0.105342 0.791784 -0.597869 0.0672958
-0.00161653 0.0206298 -0.000591227 0.0889795 0.803106 -0.586932 0.0511528
-0.00162815 0.0206726 -0.000603322 0.0725465 0.813802 -0.575531 0.0349692
-0.0017673 0.0206297 -0.000697987 0.0560585 0.823869 -0.563691 0.0187592
-0.00172205 0.0206236 -0.000711099 0.0395145 0.833303 -0.551392 0.00255004
-0.00172593 0.0209067 -0.000813198 0.0229525 0.842095 -0.538669 -0.0136646
-0.00179577 0.0208502 -0.000820541 0.00637188 0.85023 -0.525521 -0.0298688
-0.0018363 0.0207564 -0.000816876 -0.0102033 0.857708 -0.511971 -0.046053
-0.00193425 0.0206035 -0.000729702 -0.0267676 0.864517 -0.498016 -0.0622026
-0.00188459 0.0207236 -0.000735202 -0.0433113 0.870659 -0.483682 -0.078304
-0.00194453 0.0207202 -0.00073233 -0.0598205 0.876121 -0.468966 -0.0943447
-0.00191493 0.0205425 -0.000638934 -0.0762839 0.880906 -0.453892 -0.110312
-0.0019741 0.0207089 -0.00067405 -0.0926872 0.885004 -0.43846 -0.126194
-0.00200329 0.0208149 -0.00063044 -0.109021 0.88842 -0.422693 -0.141978
-0.00195154 0.0205077 -0.000587694 -0.125267 0.891141 -0.406593 -0.157652
-0.00197805 0.0204744 -0.000530296 -0.141418 0.893175 -0.390182 -0.173204
-0.00189772 0.0204864 -0.000512259 -0.157485 0.894511 -0.373458 -0.18861
-0.00195081 0.0205356 -0.000469302 -0.173432 0.895156 -0.356448 -0.203871
-0.00182295 0.0202506 -0.00052178 -0.18924 0.895101 -0.339159 -0.218973
-0.00180595 0.020469 -0.000432215 -0.204904 0.894355 -0.32161 -0.233905
-0.00186468 0.0204386 -0.000387191 -0.220391 0.89291 -0.303815 -0.248661
-0.00183427 0.0204249 -0.000366551 -0.235717 0.890775 -0.285788 -0.263221
-0.00177111 0.0203865 -0.000374288 -0.250811 0.887947 -0.267556 -0.277585
-0.00181773 0.0202582 -0.000245807 -0.265532 0.884431 -0.249218 -0.291832
-0.00187778 0.0204078 -0.000131309 -0.280044 0.880231 -0.230689 -0.305854
-0.00168366 0.0201865 -0.000343432 -0.294345 0.87536 -0.211985 -0.319642
-0.00165693 0.020085 -0.000354433 -0.308381 0.86981 -0.193164 -0.333189
-0.00181827 0.0204423 0.000275993 -0.322185 0.8636 -0.174197 -0.346482
-0.00178144 0.0204985 0.000228754 -0.335737 0.856724 -0.155096 -0.359508
-0.00157832 0.020284 -0.000249347 -0.34904 0.849196 -0.135875 -0.372259
-0.00160395 0.0202755 0.000227664 -0.36207 0.841014 -0.11655 -0.384723
-0.00150915 0.0201462 0.000124444 -0.374828 0.832193 -0.097136 -0.396895
-0.00142619 0.0200161 -0.000383356 -0.387294 0.82273 -0.0776481 -0.408761
-0.00132405 0.0200135 -2.7325e-05 -0.399468 0.812642 -0.0581 -0.420316
-0.00140748 0.0200921 0.000150108 -0.411331 0.801927 -0.0385087 -0.431547
-0.00134046 0.0200325 0.000140138 -0.422885 0.790602 -0.0188867 -0.442451
-0.00132268 0.0200725 0.000135429 -0.434109 0.778668 0.000747614 -0.453012
-0.00126012 0.0200584 -0.000148774 -0.445007 0.766142 0.0203831 -0.46323
-0.00120965 0.019998 -0.000293567 -0.455559 0.753027 0.0400005 -0.473088
-0.0011185 0.0200504 -3.31938e-06 -0.465768 0.739338 0.0595906 -0.482589
-0.0010868 0.0200228 -9.87609e-05 -0.475615 0.72508 0.0791318 -0.491715
-0.001014 0.0200034 -0.000139686 0.485104 -0.71027 -0.0986141 0.500466
-0.000889418 0.0199691 -6.46052e-05 0.494217 -0.694912 -0.118023 0.508831
-0.00083058 0.0198645 -0.000113164 0.50296 -0.679028 -0.137339 0.516809
-0.000727869 0.019961 -6.72617e-05 0.51131 -0.662619 -0.156552 0.524388
-0.000675296 0.0199121 -0.000106377 0.519269 -0.645709 -0.175523 0.531612
-0.000778646 0.0198436 -0.000425907 0.526827 -0.628303 -0.194371 0.538425
-0.000318094 0.0198541 -1.59513e-05 0.53399 -0.610424 -0.213064 0.544833
-0.000172654 0.0197429 2.17415e-05 0.540735 -0.592077 -0.231576 0.550831
1.56047e-05 0.01968 8.08406e-05 0.547042 -0.573861 -0.249389 0.55609
0.000153408 0.0198998 7.41455e-05 0.553061 -0.562017 -0.251731 0.561145
0.000114101 0.0198189 -7.60128e-05 0.558935 -0.549953 -0.259218 0.563872
0.00120881 0.0194762 0.000693807 0.564664 -0.537756 -0.266637 0.566454
0.00112409 0.0195145 0.000357853 0.570266 -0.525437 -0.27399 0.568898
0.00140697 0.0194455 0.000528647 0.575719 -0.512985 -0.281275 0.571202
0.000289896 0.0202068 -0.000565382 0.581041 -0.500416 -0.288519 0.573353
0.000516759 0.020355 -0.000573346 0.586212 -0.48772 -0.295692 0.575363
0.00101833 0.0196666 -0.000145218 0.591259 -0.474911 -0.30255 0.577353
0.000996847 0.0197565 -0.000274082 0.596162 -0.462026 -0.309291 0.579184
0.000730547 0.0202337 -0.000604238 0.600823 -0.449089 -0.31846 0.579583
0.000819477 0.0199698 -0.000517291 0.605311 -0.436021 -0.327491 0.579851
0.000600705 0.0202683 -0.00061196 0.609411 -0.422752 -0.340034 0.578168
0.000549306 0.0202616 -0.000694712 0.613287 -0.409333 -0.352457 0.576274
0.000522249 0.0202201 -0.00074815 0.616941 -0.395769 -0.364771 0.574192
0.000542161 0.0200426 -0.000817243 0.620367 -0.382068 -0.376926 0.571916
0.000508386 0.0201242 -0.000875734 0.623586 -0.368235 -0.388953 0.569439
0.000555133 0.0200374 -0.000895161 0.626576 -0.35427 -0.400836 0.56676
0.000512741 0.0199891 -0.00092937 0.629349 -0.340173 -0.412565 0.563911
0.000286061 0.0197825 -0.00119269 0.63189 -0.325952 -0.424145 0.560858
0.000431264 0.0199652 -0.00102723 0.63422 -0.31162 -0.43558 0.557612
0.000473777 0.019915 -0.00104161 0.636315 -0.297176 -0.446854 0.554168
0.000450583 0.0198885 -0.00097989 0.638198 -0.282629 -0.457978 0.55053
0.000408613 0.0198188 -0.00105753 0.639844 -0.267981 -0.468933 0.546698
0.000318778 0.019967 -0.000988702 0.641277 -0.253241 -0.47973 0.542673
0.00018694 0.019889 -0.00109456 0.642472 -0.238411 -0.49035 0.538458
0.000247129 0.0198894 -0.00105975 0.643454 -0.223498 -0.500796 0.534061
1.05772e-05 0.0199433 -0.00114946 0.644198 -0.208505 -0.511058 0.529476
0.000214306 0.0198441 -0.00112769 0.644728 -0.193442 -0.521147 0.524705
-0.00015567 0.0199597 -0.0012386 0.645018 -0.178309 -0.531044 0.519749
2.69708e-05 0.0198787 -0.0012433 0.645095 -0.163117 -0.54076 0.514613
-4.37267e-06 0.0198811 -0.00131897 0.644933 -0.147867 -0.550276 0.509296
-6.14709e-05 0.0198877 -0.00135711 0.644548 -0.132575 -0.559639 0.503774
-0.000340326 0.0198623 -0.0015449 0.643928 -0.117237 -0.568796 0.498073
-1.68551e-05 0.0198672 -0.00154233 0.643088 -0.10186 -0.577753 0.492205
0.000121945 0.019763 -0.00167493 0.642004 -0.0864387 -0.586532 0.486141
-2.0397e-05 0.0198183 -0.00180546 0.640697 -0.0709867 -0.595108 0.479912
2.75593e-05 0.0198738 -0.0018364 0.639161 -0.0555114 -0.603469 0.473507
-4.82422e-05 0.019848 -0.0019755 0.637412 -0.0400256 -0.611609 0.466948
-0.000108353 0.0199425 -0.00194864 0.635433 -0.0245301 -0.619531 0.460215
-0.000211398 0.0199271 -0.00208739 0.633282 -0.00905712 -0.62718 0.453341
-0.000151347 0.0200851 -0.00188539 -0.630778 -0.00646068 0.634769 -0.446249
-0.000134826 0.0201156 -0.00197409 -0.628058 -0.0219753 0.642134 -0.439005
-0.000177159 0.0201357 -0.00196147 -0.625109 -0.0374857 0.649268 -0.431599
-0.000160033 0.0201733 -0.00193438 -0.621943 -0.0529795 0.656175 -0.424047
-0.000262839 0.0201688 -0.00207316 -0.618552 -0.068457 0.662845 -0.416337
-0.000206689 0.0201931 -0.00204395 -0.614946 -0.0839079 0.669284 -0.408486
-0.00012075 0.020343 -0.00192334 -0.611148 -0.0993204 0.675441 -0.400507
-3.06928e-05 0.0203955 -0.00202428 -0.607159 -0.114683 0.681318 -0.392444
1.86029e-05 0.0204789 -0.00200536 -0.60296 -0.130002 0.686952 -0.384225
0.000149251 0.0204817 -0.00165739 -0.598555 -0.145275 0.692348 -0.375876
-5.80378e-05 0.0205368 -0.00212698 -0.593934 -0.160498 0.697496 -0.36739
-7.84778e-05 0.0206127 -0.00220584 -0.589109 -0.175664 0.702404 -0.35878
7.80579e-05 0.0206018 -0.00167295 -0.584096 -0.19076 0.70704 -0.350044
7.75557e-05 0.0207169 -0.00181227 -0.578893 -0.205786 0.711426 -0.341188
-8.99009e-05 0.0206243 -0.00157626 -0.573482 -0.220739 0.715559 -0.332206
0.000181658 0.020806 -0.00193351 -0.567874 -0.235616 0.719446 -0.323115
3.80986e-05 0.020674 -0.00165907 -0.562064 -0.250408 0.723075 -0.313905
0.000151509 0.0206265 -0.00165209 -0.556095 -0.265104 0.726435 -0.304586
-0.000330228 0.0207525 -0.00229146 -0.549925 -0.279705 0.729537 -0.295156
-0.000270995 0.0208676 -0.00234059 -0.543568 -0.29421 0.732389 -0.285625
-0.00017094 0.0205589 -0.0018541 -0.537027 -0.308611 0.734969 -0.276
0.000117447 0.0205909 -0.00165966 -0.530315 -0.322902 0.737288 -0.266285
-0.000296842 0.0207556 -0.00198758 -0.523414 -0.337077 0.739347 -0.25647
-7.88542e-05 0.0204396 -0.00161217 -0.516335 -0.351138 0.741151 -0.246571
-0.000164679 0.0204171 -0.00184719 -0.509072 -0.365073 0.742692 -0.236581
-0.00047499 0.0205034 -0.0018984 -0.501635 -0.378884 0.743977 -0.226514
-1.4584e-05 0.0206391 -0.00191975 -0.494019 -0.392559 0.744999 -0.216363
-1.53296e-05 0.0204325 -0.00167864 -0.486254 -0.406088 0.745762 -0.206131
-4.76367e-05 0.0205488 -0.00185506 -0.478312 -0.419472 0.746263 -0.195824
-0.000339145 0.02037 -0.00174049 -0.4731 -0.432636 0.744384 -0.186805
0.00029135 0.0202979 -0.00144603 -0.467738 -0.445672 0.742298 -0.177721
-3.48968e-05 0.0204671 -0.00168074 -0.462254 -0.45858 0.740003 -0.168589
-0.000475588 0.0201146 -0.0015343 -0.456643 -0.471358 0.737481 -0.15942
0.00050723 0.0203904 -0.00147519 -0.450905 -0.484007 0.734753 -0.150207
0.000612773 0.0203347 -0.00143739 -0.445033 -0.496512 0.731812 -0.140949
0.000177964 0.0203248 -0.00162806 -0.4452 -0.50804 0.725313 -0.13272
2.91071e-05 0.0203926 -0.0018192 -0.448937 -0.518146 0.717244 -0.124638
0.000324291 0.0203867 -0.00177819 -0.445796 -0.529553 0.712262 -0.116291
1.41262e-05 0.020345 -0.00181043 -0.442577 -0.540836 0.707082 -0.10794
7.01585e-05 0.0203249 -0.00174717 -0.439264 -0.551996 0.701738 -0.0995666
9.64056e-05 0.0203161 -0.00173734 -0.431478 -0.563916 0.698328 -0.0903179
0.000294572 0.0202814 -0.00165083 -0.423565 -0.575673 0.694714 -0.0810431
0.000214134 0.0203143 -0.00171216 -0.415522 -0.587249 0.690888 -0.0717414
9.5506e-05 0.0203331 -0.00176388 -0.407595 -0.598562 0.686798 -0.0624531
-6.55367e-05 0.02026 -0.0017858 -0.407105 -0.607822 0.679641 -0.0538395
-6.12195e-06 0.0202946 -0.0017582 -0.40915 -0.615756 0.671842 -0.0455116
-5.16269e-05 0.0203894 -0.00181275 -0.377603 -0.633414 0.67452 -0.0348969
-0.000189611 0.0202744 -0.00187507 -0.353745 -0.64819 0.673879 -0.0245707
0.000122583 0.0202959 -0.00177226 -0.326887 -0.662999 0.673327 -0.0141575
2.22035e-06 0.0204358 -0.00195067 0.299693 0.677119 -0.672075 0.00372768
5.53038e-05 0.0204361 -0.00186792 0.272178 0.690524 -0.670108 -0.00670785
-7.42507e-05 0.0204231 -0.00191374 0.246843 0.702916 -0.666849 -0.017119
5.34534e-05 0.0204604 -0.00188323 0.221065 0.714688 -0.663014 -0.0275299
-4.91683e-05 0.0204286 -0.00182135 0.198386 0.725289 -0.658144 -0.038064
0.000143787 0.0203512 -0.00183141 0.129021 0.738542 -0.660192 -0.0452837
-0.00028996 0.0202898 -0.00179003 0.0591202 0.748074 -0.658909 -0.0522678
-0.000267178 0.0203743 -0.00186585 -0.011079 0.753841 -0.654305 -0.0589892
-0.000326417 0.0203937 -0.00186462 -0.0812802 0.755812 -0.646424 -0.0654242
-0.000542389 0.0196615 -0.00143645 -0.151051 0.753977 -0.635279 -0.0715318
-0.000588408 0.0201611 -0.00168043 -0.220064 0.748351 -0.620944 -0.0772799
-0.000751908 0.020214 -0.00164382 -0.287955 0.738957 -0.603479 -0.0826442
-0.000830738 0.0198667 -0.00156516 -0.35429 0.725882 -0.58301 -0.0876112
-0.00094072 0.0201628 -0.00168073 -0.418831 0.70916 -0.55962 -0.0921478
-0.000866053 0.0197531 -0.00151241 -0.481244 0.688905 -0.533437 -0.096234
-0.000970513 0.0198899 -0.001412 -0.541238 0.665198 -0.504576 -0.0998363
-0.0012108 0.0198275 -0.00135184 -0.598543 0.638153 -0.473195 -0.102938
-0.00069783 0.019905 -0.0015006 0.652837 -0.607909 0.439441 0.105524
-0.00103978 0.0197863 -0.00114891 0.703857 -0.574637 0.403493 0.107585
-0.000918911 0.019894 -0.0012132 0.75135 -0.538478 0.36552 0.109109
-0.000754525 0.0197797 -0.00119843 0.795062 -0.499656 0.325731 0.110098
-2.14996e-06 0.0195123 -0.00139179 0.834795 -0.458324 0.284311 0.110536
-0.000507284 0.0194201 -0.000824332 0.870351 -0.414721 0.241462 0.110428
-0.000497209 0.0194766 -0.000837156 0.901546 -0.369041 0.197407 0.109768
-0.000130271 0.01898 -0.00106276 0.928226 -0.32154 0.152387 0.108574
-0.000784678 0.0196454 -0.000829947 0.950263 -0.272428 0.106604 0.106835
-0.000678254 0.0195622 -0.000791351 0.967558 -0.221958 0.0602902 0.104564
-0.000611708 0.0193918 -0.000755775 0.980008 -0.170387 0.0136909 0.101782
-0.000794661 0.0196616 -0.000849332 0.987572 -0.117965 -0.0329796 0.0984891
-0.000667863 0.0196631 -0.00096391 0.990197 -0.0649515 -0.0794853 0.0947038
-0.000521971 0.0196448 -0.00116499 0.987889 -0.0116652 -0.125525 0.0904671
-0.000345952 0.0195409 -0.000921658 0.980653 0.0416797 -0.170938 0.0857791
-0.000621731 0.0197256 -0.000933193 0.968537 0.0948185 -0.215503 0.0806625
-0.000452168 0.0196639 -0.00121332 0.951589 0.147483 -0.258991 0.0751433
-0.000230696 0.0196138 -0.00109994 0.92991 0.199406 -0.30118 0.0692597
-0.000383804 0.0196477 -0.00109907 0.903594 0.250334 -0.341867 0.0630304
-0.00051967 0.0196622 -0.00135196 0.872776 0.300028 -0.380866 0.0564614
-0.000207616 0.0197101 -0.0011561 0.837608 0.348219 -0.417959 0.0496169
-9.71704e-05 0.0197167 -0.00115627 0.798273 0.394678 -0.452971 0.0425257
-4.21961e-05 0.0197579 -0.00124559 0.754957 0.439165 -0.485723 0.0352238
-7.55262e-05 0.0197701 -0.00120631 0.707882 0.481473 -0.516062 0.0277437
-0.000215505 0.0197726 -0.00142498 0.657274 0.521376 -0.543826 0.0201222
-0.00011547 0.0198925 -0.00153807 0.603397 0.558689 -0.568884 0.0124006
-0.000306555 0.0197649 -0.0017479 0.546515 0.593209 -0.591097 0.00461824
9.9298e-05 0.020075 -0.00168437 0.486917 0.624779 -0.610375 -0.00318773
-9.96747e-05 0.0200576 -0.00170422 0.424882 0.653236 -0.626603 -0.0109808
-0.000181164 0.0200657 -0.00177374 0.360753 0.67844 -0.639711 -0.0187153
-0.000238155 0.0200251 -0.00175378 0.29482 0.700263 -0.649625 -0.0263595
-0.000294993 0.0200292 -0.0017775 0.227427 0.718601 -0.656312 -0.0338732
-0.000239917 0.0199901 -0.00172176 0.158899 0.733358 -0.659722 -0.0412186
-0.000275699 0.0198374 -0.00168863 0.0896118 0.744464 -0.659852 -0.0483827
-0.000389302 0.0199161 -0.00161255 0.0198854 0.751858 -0.656695 -0.0553164
-0.000428111 0.020052 -0.00159869 -0.0499423 0.755516 -0.650279 -0.0619707
-0.000512917 0.0200054 -0.00156054 -0.119518 0.75541 -0.640623 -0.068319
-0.000608571 0.0200644 -0.00138957 -0.1885 0.751549 -0.627789 -0.0743281
-0.000627166 0.0200404 -0.00134993 -0.25654 0.743946 -0.611825 -0.0799665
-0.000645173 0.0199979 -0.00131367 -0.323211 0.732597 -0.592935 -0.0852463
-0.000707597 0.0199156 -0.00131319 -0.388273 0.717611 -0.571098 -0.0901016
-0.000564865 0.019933 -0.00133621 -0.451416 0.699071 -0.546436 -0.0945114
-0.000602631 0.0199 -0.0012735 -0.512314 0.677061 -0.519059 -0.0984505
-0.000565525 0.019887 -0.0012859 -0.570679 0.651698 -0.489114 -0.101903
-0.000552742 0.0198366 -0.0012375 0.626203 -0.623097 0.45675 0.104852
-0.000515971 0.0197877 -0.00125693 0.678622 -0.591412 0.422136 0.107281
-0.000488766 0.0198317 -0.00124681 0.727675 -0.556787 0.385424 0.10918
-0.000473397 0.0196572 -0.00122321 0.773124 -0.519411 0.34681 0.110536
-0.000503638 0.019622 -0.00121978 0.814737 -0.479453 0.306472 0.111346
-0.000302016 0.0198197 -0.0017746 0.852318 -0.437126 0.264619 0.111603
-6.72453e-05 0.0196913 -0.00120389 0.885669 -0.392626 0.221452 0.111307
2.29072e-05 0.0195724 -0.00115634 0.914636 -0.346186 0.17719 0.110459
7.44609e-05 0.0195462 -0.00116407 0.939065 -0.298026 0.132049 0.109064
0.000142456 0.0194913 -0.00116659 0.958846 -0.248394 0.0862554 0.107127
0.000222259 0.0195091 -0.001122 0.973869 -0.197532 0.0400329 0.104654
0.000208037 0.0194195 -0.00122138 0.984072 -0.145694 -0.00638793 0.101664
0.000308049 0.019424 -0.00127674 0.989393 -0.0931317 -0.0527759 0.09817
0.000441375 0.0194818 -0.0012573 0.989819 -0.0401295 -0.0989 0.0941682
0.000446756 0.0194472 -0.00131175 0.985337 0.0130716 -0.144533 0.0896988
0.000196719 0.0192343 -0.0017071 0.97598 0.0662083 -0.189452 0.0847864
0.000541468 0.0196444 -0.001382 0.961783 0.119016 -0.233431 0.0794528
0.000513272 0.0196615 -0.00141674 0.942829 0.171236 -0.276256 0.0737261
0.000472018 0.0196325 -0.0015001 0.919201 0.222603 -0.317708 0.0676292
0.00031646 0.0195479 -0.00153864 0.891024 0.272887 -0.357583 0.0612029
0.000411538 0.01971 -0.0015761 0.858428 0.321813 -0.395684 0.0544722
0.000411078 0.0197537 -0.00161865 0.821584 0.369149 -0.431829 0.0474719
0.000421036 0.0198161 -0.00168777 0.780668 0.41465 -0.465831 0.0402365
0.000396284 0.019856 -0.00172235 0.735891 0.458103 -0.497528 0.0327995
0.000411657 0.0198778 -0.0017776 0.687499 0.499385 -0.526609 0.025232
0.000376935 0.0199974 -0.00191081 0.642377 0.534053 -0.549415 0.0169318
0.000294703 0.0199466 -0.00187582 0.600978 0.562734 -0.567529 0.00774221
0.000295664 0.0199654 -0.00198748 0.557813 0.589762 -0.583976 -0.00146813
0.000267368 0.0199211 -0.00194376 0.512994 0.615047 -0.598693 -0.0106785
0.000267249 0.0197863 -0.00196232 0.466668 0.638526 -0.61165 -0.0198581
0.000233766 0.0198768 -0.00195473 0.418958 0.660118 -0.622793 -0.0289799
0.000242267 0.0198528 -0.00198654 0.37002 0.679766 -0.632109 -0.0380157
0.000256126 0.0198356 -0.00201142 0.319984 0.697406 -0.639551 -0.0469401
0.000261826 0.0198448 -0.00203859 0.269011 0.712992 -0.645115 -0.0557264
0.000246188 0.0199416 -0.00204306 0.217243 0.726467 -0.648772 -0.0643449
0.000235525 0.0199715 -0.00207834 0.164854 0.737796 -0.650529 -0.0727721
0.00026662 0.0200066 -0.00210364 0.11199 0.746942 -0.650363 -0.0809823
0.00026966 0.020055 -0.00213737 0.0588242 0.753878 -0.648304 -0.0889426
0.000325917 0.0200947 -0.00218204 0.0142917 0.755483 -0.647887 -0.09632
0.000319278 0.0201146 -0.00223518 -0.0242774 0.755165 -0.646588 -0.105175
0.000395765 0.0201723 -0.00233202 -0.041985 0.742132 -0.660607 -0.105207
0.000687375 0.0197702 -0.00280969 -0.0596647 0.728598 -0.674186 -0.105169
0.00036614 0.020297 -0.00255296 -0.0773029 0.714565 -0.687297 -0.105058
0.000625346 0.0202081 -0.00281205 -0.0948897 0.70005 -0.699949 -0.104876
0.000666519 0.0203734 -0.00290384 0.112413 -0.685053 0.712119 0.104623
0.000841595 0.0203752 -0.00311891 0.129859 -0.669598 0.723809 0.1043
0.0017305 0.0192462 -0.00329359 0.147213 -0.653685 0.734997 0.103912
0.00101662 0.0203974 -0.00344769 0.16447 -0.637335 0.74569 0.103456
0.00107997 0.0203823 -0.00365472 0.181612 -0.620545 0.755871 0.102929
0.00122743 0.020307 -0.00385762 0.190964 -0.605701 0.764717 0.108942
0.00120495 0.0202978 -0.00400481 0.176986 -0.586048 0.781757 0.118627
0.00141558 0.0202695 -0.00426735 0.1695 -0.567521 0.79558 0.127454
0.00147721 0.0202971 -0.00450763 0.155926 -0.557737 0.800896 0.152233
0.00167909 0.0201085 -0.00464242 0.142925 -0.546364 0.806559 0.174708
0.00169151 0.0202813 -0.00492652 0.12981 -0.534529 0.811542 0.197033
0.00184695 0.0200819 -0.00516539 0.119204 -0.523525 0.81464 0.219261
0.00173727 0.0202761 -0.00546984 0.118334 -0.516373 0.812746 0.242473
0.00181406 0.0201807 -0.00555075 0.102739 -0.500725 0.818402 0.262563
0.00181833 0.0200068 -0.00572805 0.123091 -0.501175 0.807068 0.286893
0.0016611 0.0198257 -0.00569728 0.132683 -0.499352 0.797161 0.312375
0.00117403 0.0204119 -0.00587248 0.142161 -0.497102 0.786579 0.33759
0.000992 0.0204948 -0.0059464 0.151531 -0.494436 0.775341 0.362518
0.00106093 0.0203395 -0.00591668 0.142997 -0.488013 0.768109 0.389099
0.0010023 0.0202159 -0.0059987 0.145559 -0.482453 0.75848 0.413232
0.00105413 0.0202033 -0.00598452 0.148016 -0.476544 0.748308 0.437065
0.00103331 0.0202206 -0.0060282 0.150394 -0.470297 0.73761 0.46058
0.000767289 0.0203718 -0.00599227 0.152642 -0.463721 0.726365 0.483787
0.000846553 0.0199186 -0.00601224 0.154783 -0.456817 0.714605 0.506655
0.000746905 0.0201271 -0.0060602 0.156815 -0.449583 0.702327 0.529158
0.000543852 0.0202261 -0.00601755 0.158737 -0.442034 0.689562 0.551284
0.000376938 0.0205744 -0.00595317 0.160546 -0.434162 0.676288 0.57302
0.000253439 0.0206791 -0.00595789 0.163417 -0.426922 0.66297 0.592878
4.34939e-05 0.0206425 -0.00583444 0.166131 -0.419415 0.649218 0.61237
-8.19823e-05 0.0206192 -0.00568376 0.168729 -0.411643 0.635067 0.631483
-0.000174644 0.0205854 -0.00558332 0.196758 -0.399826 0.640067 0.625883
-0.000275057 0.021038 -0.0056787 0.223894 -0.389069 0.643774 0.61972
-0.000536609 0.0210446 -0.00545129 0.250825 -0.377957 0.646888 0.612994
-0.000754867 0.0212138 -0.00536542 0.277534 -0.366508 0.649426 0.605718
-0.000865957 0.0211501 -0.00517161 0.303977 -0.354724 0.65137 0.597892
-0.0010195 0.021293 -0.00507458 0.330137 -0.342622 0.652733 0.589542
-0.00115801 0.0213766 -0.00489643 0.355996 -0.330204 0.653496 0.580658
-0.00123707 0.021375 -0.00482707 0.381535 -0.317496 0.653679 0.571256
-0.00130885 0.0213875 -0.0047135 0.406468 -0.304558 0.653208 0.561549
-0.00132792 0.0213503 -0.00464336 0.431023 -0.291355 0.652188 0.551347
-0.00132974 0.0213246 -0.00459237 0.448702 -0.278921 0.650682 0.54541
-0.00135334 0.0213291 -0.004536 0.465998 -0.266365 0.648814 0.539387
-0.00123948 0.0212041 -0.00453252 0.455124 -0.252985 0.658869 0.5429
-0.00118229 0.0211102 -0.00457878 0.444099 -0.239507 0.668651 0.546186
-0.000960359 0.0209034 -0.00463433 0.458631 -0.232027 0.654359 0.554639
-0.000872428 0.0209235 -0.00454145 0.46835 -0.223236 0.644424 0.561724
-0.000953852 0.0211136 -0.00444005 0.47864 -0.213806 0.635998 0.566293
-0.000757892 0.0206984 -0.00465326 0.48959 -0.204774 0.625853 0.571559
-0.000753797 0.0208444 -0.00454516 0.500369 -0.19567 0.615491 0.576633
-0.000704196 0.0207803 -0.00457188 0.511017 -0.186516 0.604888 0.581537
-0.000724948 0.0208704 -0.00451098 0.521493 -0.177301 0.594059 0.586254
-0.000726073 0.0209031 -0.00449292 0.531803 -0.168031 0.583042 0.590777
-0.000750421 0.020973 -0.0044736 0.541951 -0.158732 0.57174 0.595145
-0.000790668 0.020992 -0.00448066 0.551923 -0.149385 0.560258 0.599315
-0.000898167 0.0210711 -0.00444534 0.561683 -0.13997 0.548625 0.603261
-0.000962221 0.0212566 -0.00432561 0.568485 -0.12902 0.542679 0.604715
-0.00130848 0.0214984 -0.00430584 0.589524 -0.128027 0.507647 0.615109
-0.00133347 0.021739 -0.00407607 0.604757 -0.124404 0.478732 0.624188
-0.00171677 0.0211259 -0.00453623 0.630078 -0.130036 0.413926 0.644011
-0.00155477 0.0214221 -0.0042401 0.652081 -0.134979 0.346975 0.66044
-0.0013429 0.0214032 -0.00420737 0.670642 -0.13921 0.27813 0.673422
-0.000436879 0.0223575 -0.00327637 0.685357 -0.142449 0.211282 0.68217
-0.00048769 0.0216723 -0.0036767 0.69631 -0.143695 0.153671 0.686208
-0.000431565 0.0213741 -0.00387004 0.704579 -0.144401 0.0905421 0.688855
-0.000118489 0.021797 -0.00342447 0.709984 -0.144519 0.0271357 0.68869
0.000109903 0.0217034 -0.00352427 0.711656 -0.140274 -0.0231734 0.687992
0.000694935 0.0221858 -0.00303718 0.711504 -0.135669 -0.073426 0.685535
0.000807015 0.0218883 -0.00290296 0.709537 -0.130712 -0.12349 0.681339
0.00104736 0.0216049 -0.00274021 0.706606 -0.117193 -0.148569 0.681832
0.00144047 0.0215795 -0.00267244 0.703113 -0.103583 -0.173521 0.681758
0.00185881 0.0215956 -0.0022223 0.698586 -0.0888059 -0.19717 0.682062
0.00145703 0.0210001 -0.00274528 0.69352 -0.0739629 -0.22065 0.681816
0.00202814 0.0213532 -0.002004 0.687359 -0.0586719 -0.244455 0.681417
0.00211304 0.021156 -0.00195873 0.684662 -0.0431615 -0.259984 0.679547
0.00172366 0.0210488 -0.00217026 0.683218 -0.0288003 -0.273301 0.676522
0.00204423 0.0209095 -0.00210379 0.672668 -0.0043288 -0.295284 0.67846
0.00302723 0.0211713 -0.00187731 0.661303 0.0201494 -0.31691 0.679583
0.00280435 0.0209701 -0.00215954 0.650473 0.0437094 -0.336665 0.679436
0.00231474 0.0205933 -0.0023944 0.641524 0.0700855 -0.350703 0.678628
0.0014679 0.0205462 -0.00167887 0.631284 0.0964496 -0.365514 0.677185
0.001562 0.020655 -0.00160529 0.620391 0.122714 -0.379947 0.675048
0.00154412 0.0206455 -0.00167325 0.608873 0.148855 -0.393996 0.672224
0.00144302 0.0205717 -0.00171069 0.596726 0.174841 -0.407637 0.66871
0.00148316 0.0205441 -0.00185724 0.584004 0.20065 -0.420832 0.664516
0.00140721 0.0205063 -0.00182136 0.570675 0.22625 -0.433598 0.659641
0.0014718 0.0205643 -0.00188882 0.556847 0.251614 -0.445848 0.65409
0.00134486 0.0204232 -0.00192099 0.542422 0.276715 -0.457674 0.647869
0.00133086 0.0204877 -0.00191539 0.527452 0.301538 -0.469042 0.640991
0.00104102 0.0200886 -0.00188646 0.511969 0.326043 -0.479912 0.63345
0.00143612 0.0207259 -0.0020619 0.495973 0.350222 -0.490302 0.625269
0.00138591 0.0206975 -0.00199706 0.479466 0.37404 -0.500187 0.61645
0.00148086 0.0208293 -0.00220647 0.462598 0.397475 -0.509493 0.606989
0.00147538 0.0209424 -0.00217446 0.445259 0.4205 -0.518276 0.596913
0.00144028 0.0209606 -0.0022747 0.427448 0.443121 -0.526557 0.586235
0.00143801 0.0209029 -0.00203552 0.441232 0.441759 -0.526795 0.57675
0.001501 0.0209106 -0.00178998 0.449762 0.440488 -0.529816 0.568314
0.00147283 0.0207937 -0.00174711 0.458217 0.439144 -0.532746 0.559788
0.00161473 0.0210338 -0.00204802 0.4667 0.43773 -0.535545 0.551158
0.00164698 0.0210025 -0.0019915 0.475105 0.436243 -0.538251 0.542442
0.00168638 0.0210641 -0.00211552 0.483463 0.434673 -0.540875 0.533646
0.00169704 0.0210528 -0.00198842 0.491736 0.433029 -0.543406 0.524766
0.00137432 0.0203467 -0.0012177 0.499853 0.431334 -0.545916 0.515824
0.00171257 0.020888 -0.00167636 0.507894 0.429566 -0.548324 0.5068
0.00153192 0.02063 -0.00149099 -0.515861 -0.427736 0.550662 -0.497697
0.00157595 0.0207342 -0.00151575 -0.523739 -0.425835 0.552907 -0.488514
0.00156556 0.02066 -0.00145098 -0.531543 -0.423873 0.555068 -0.479264
0.00161159 0.0206095 -0.00142848 -0.539257 -0.42184 0.557142 -0.469931
0.00160771 0.0206769 -0.00150758 -0.546895 -0.419748 0.559131 -0.460534
0.00160809 0.0205898 -0.00142061 -0.554441 -0.417584 0.561031 -0.451057
0.00158903 0.020578 -0.00144141 -0.561908 -0.415362 0.562847 -0.441519
0.00156421 0.020556 -0.00141573 0.569277 0.413069 -0.564576 0.431905
0.00139994 0.0201234 -0.001627 0.576611 0.41071 -0.566189 0.422218
0.00152342 0.0204099 -0.00144288 0.58385 0.408279 -0.567709 0.412461
0.00178916 0.0205173 -0.00144179 0.590998 0.405793 -0.569148 0.402647
0.00150777 0.020413 -0.00148666 0.598054 0.403236 -0.57049 0.392765
0.00160678 0.020479 -0.00130327 0.605016 0.400625 -0.571752 0.382828
0.00171443 0.0205519 -0.00130846 0.611887 0.397947 -0.572907 0.372828
0.00183117 0.0205762 -0.0014592 0.618665 0.395216 -0.573981 0.362776
0.0020573 0.0206155 -0.00152472 0.625332 0.392416 -0.574975 0.352653
0.00186087 0.0204836 -0.00160048 0.631905 0.389564 -0.575886 0.342481
0.00204058 0.0205071 -0.001585 0.638376 0.386643 -0.576701 0.332251
0.00212743 0.0204617 -0.00158154 0.644751 0.38367 -0.577433 0.321973
0.00205176 0.0203442 -0.00163843 0.651024 0.380631 -0.578065 0.311642
0.00198699 0.0203274 -0.00162878 0.657204 0.377536 -0.578608 0.301271
0.0018656 0.0202396 -0.00170249 0.663288 0.374375 -0.579042 0.290851
0.00184406 0.0201877 -0.00166763 0.669273 0.371162 -0.579393 0.28039
0.00168709 0.020156 -0.00159234 0.675152 0.367885 -0.579644 0.269881
0.00165703 0.0200757 -0.00170371 0.680929 0.364557 -0.579812 0.259334
0.00187429 0.0201346 -0.0018551 0.686597 0.361166 -0.579883 0.248743
0.00175407 0.0200563 -0.00190559 0.692161 0.357724 -0.57987 0.238116
0.00176152 0.0200353 -0.00198351 0.697614 0.354221 -0.579761 0.22745
0.00176197 0.0201359 -0.00205307 0.702961 0.350669 -0.579568 0.21675
0.00172245 0.020246 -0.00203666 0.708196 0.347056 -0.579277 0.206014
0.00157305 0.0202874 -0.00196262 0.713312 0.343361 -0.578933 0.195263
0.00157674 0.0202211 -0.00188155 0.718313 0.339607 -0.578493 0.184481
0.00152835 0.0203064 -0.00187504 0.723206 0.335788 -0.577975 0.173689
0.00152059 0.0202185 -0.00176676 0.727984 0.331912 -0.577357 0.162867
0.00151229 0.020211 -0.00179659 0.732653 0.327991 -0.576657 0.152021
0.00155497 0.0201875 -0.0017486 0.737204 0.324014 -0.57586 0.141149
0.00169612 0.0200037 -0.00187173 0.741645 0.319991 -0.574983 0.130255
0.00156797 0.0201292 -0.00180525 0.745966 0.315913 -0.574008 0.11934
0.00155086 0.0201605 -0.00182282 0.750176 0.311792 -0.572951 0.108407
0.00155787 0.0201439 -0.00184515 0.754264 0.307617 -0.571798 0.0974576
0.00150169 0.0201532 -0.00198105 0.75824 0.303398 -0.570562 0.0865013
0.00181938 0.0198289 -0.00188785 0.762094 0.299127 -0.569232 0.07553
0.00167053 0.0199671 -0.00199594 0.765834 0.294815 -0.567819 0.0645479
0.00159083 0.0199815 -0.00214271 0.76945 0.290452 -0.566312 0.0535559
0.00160745 0.0200654 -0.00211752 0.772952 0.286049 -0.564724 0.0425562
0.00177544 0.0200011 -0.00179288 0.77633 0.281596 -0.56304 0.031549
0.00181556 0.0198279 -0.00191001 0.779592 0.277104 -0.561276 0.0205374
0.00182478 0.0197986 -0.00196431 0.782728 0.272566 -0.559418 0.00952235
0.00183086 0.0198202 -0.00192716 0.785748 0.267989 -0.557479 -0.00149399
0.00187755 0.0198818 -0.00171224 0.788641 0.263366 -0.555447 -0.0125094
0.00187002 0.019937 -0.00153373 0.79142 0.258703 -0.553332 -0.0235077
0.00164483 0.020135 -0.00187087 0.794073 0.253995 -0.551125 -0.0345022
0.00182964 0.0199686 -0.0016443 0.796607 0.249251 -0.548839 -0.0454913
0.00185219 0.019953 -0.00165593 0.799012 0.244466 -0.546462 -0.056473
0.00185324 0.0199311 -0.00161549 0.801311 0.239636 -0.543998 -0.067407
0.0018529 0.0199134 -0.0016883 0.803481 0.234766 -0.541445 -0.0783297
0.00190005 0.0198768 -0.001608 0.805535 0.229859 -0.538812 -0.0892288
0.00184064 0.019915 -0.00171555 0.807461 0.224913 -0.53609 -0.100113
0.00185942 0.019912 -0.00172776 0.809268 0.219936 -0.533291 -0.110982
0.00183724 0.0198223 -0.00173851 0.810945 0.214921 -0.530404 -0.121831
0.00182582 0.0198882 -0.001776 0.812503 0.209877 -0.527441 -0.132663
0.00178302 0.0199034 -0.00185342 0.813929 0.204797 -0.524392 -0.143473
0.00184527 0.019851 -0.00180751 0.815241 0.199685 -0.521264 -0.154256
0.00144398 0.0204676 -0.00240279 0.816422 0.194539 -0.518049 -0.165012
0.00172143 0.0200717 -0.00206859 0.817483 0.189366 -0.514761 -0.175745
0.00170806 0.0202416 -0.00212478 0.818412 0.184161 -0.511388 -0.186449
0.00163507 0.0200884 -0.00215624 0.819221 0.17893 -0.507941 -0.197126
0.00156919 0.0201204 -0.00221046 0.819899 0.173669 -0.504411 -0.20777
0.0015331 0.0201654 -0.00223259 0.820458 0.168382 -0.500807 -0.218383
0.00148266 0.0202143 -0.0023153 0.820885 0.163067 -0.49712 -0.22896
0.00144167 0.0202688 -0.00227721 0.821191 0.157729 -0.493362 -0.239505
0.00143109 0.0203279 -0.00224007 0.821352 0.152376 -0.489538 -0.250017
0.00142873 0.0203006 -0.00225969 0.821399 0.146997 -0.485637 -0.260489
0.00147127 0.0203106 -0.00225563 0.821312 0.141594 -0.481658 -0.27092
0.00145205 0.020323 -0.00226981 0.821109 0.136169 -0.477605 -0.281309
0.00142994 0.020354 -0.0022663 0.816502 0.132556 -0.477748 -0.295812
0.00144671 0.0203799 -0.00226289 0.811728 0.128897 -0.477736 -0.31025
0.00143829 0.020346 -0.00226236 0.806758 0.125205 -0.477598 -0.324591
0.00147757 0.0202971 -0.00230852 0.801601 0.121489 -0.47735 -0.338846
0.00155364 0.0202815 -0.00233681 0.796284 0.11776 -0.476957 -0.352946
0.00163557 0.0201568 -0.00244162 0.79078 0.114007 -0.476456 -0.366964
0.00193323 0.0197278 -0.00251901 0.78508 0.110229 -0.475835 -0.380886
0.00207344 0.0195809 -0.0025536 0.779196 0.106425 -0.475106 -0.394721
0.0021597 0.0194372 -0.00265393 0.773154 0.102546 -0.47423 -0.408434
0.00185624 0.0195111 -0.00272786 0.766925 0.0986894 -0.473258 -0.42204
0.00201553 0.0191205 -0.00279051 0.760477 0.0948199 -0.472178 -0.435577
0.00185152 0.0189867 -0.0032425 0.753856 0.0909292 -0.470989 -0.449006
0.00184326 0.0187292 -0.00355424 0.74704 0.0870064 -0.469679 -0.462339
0.00184142 0.0182176 -0.00387041 0.739971 0.0834968 -0.468406 -0.475469
0.00173209 0.0182611 -0.00409622 0.732723 0.0799667 -0.467016 -0.48848
0.00164403 0.0179202 -0.00446949 -0.725312 -0.0764215 0.465518 0.501376
0.00153448 0.0178189 -0.00467883 -0.717718 -0.0728587 0.463906 0.514151
0.0014219 0.0177065 -0.00494598 -0.709969 -0.0692853 0.462194 0.526803
0.00138659 0.0176902 -0.00520328 -0.702219 -0.0654651 0.460266 0.539209
0.00101813 0.0177925 -0.00522329 -0.694266 -0.0617759 0.458291 0.551497
0.0010097 0.0175745 -0.00551969 -0.686141 -0.0580684 0.456202 0.563656
0.000863138 0.0174869 -0.00572439 -0.677868 -0.0543463 0.454016 0.575685
0.000631053 0.017328 -0.00591932 -0.669443 -0.050753 0.451782 0.587497
0.000580849 0.0179906 -0.00608837 -0.660876 -0.0471488 0.449453 0.599178
0.000206479 0.0175525 -0.00613469 -0.652146 -0.043537 0.447015 0.610719
0.000231628 0.0174075 -0.00641296 -0.643281 -0.0399128 0.444482 0.622121
2.81039e-05 0.0175432 -0.00653599 -0.634258 -0.0362792 0.441841 0.633379
-0.00024663 0.0174457 -0.00670652 -0.625078 -0.0327187 0.43914 0.644488
-0.000412834 0.0171287 -0.00706275 -0.615746 -0.0291509 0.436333 0.655448
-0.000674581 0.0171816 -0.00712543 -0.606283 -0.0255779 0.433434 0.666261
-0.000828039 0.0172345 -0.00724709 -0.585031 -0.0556531 0.441917 0.677748
-0.000955531 0.0171855 -0.00750368 -0.562875 -0.0856424 0.449718 0.688181
-0.00111834 0.0172511 -0.00766704 -0.545594 -0.126923 0.460433 0.68863
-0.000927146 0.017219 -0.00768358 -0.525862 -0.167517 0.470013 0.688838
-0.00119074 0.0175902 -0.00782421 -0.505047 -0.207742 0.478574 0.687553
-0.00122379 0.0175284 -0.00804634 -0.483188 -0.247518 0.486115 0.684805
-0.00107809 0.0174587 -0.00832212 -0.460301 -0.286762 0.49261 0.680601
-0.00113592 0.0175705 -0.00854354 -0.442322 -0.323947 0.495122 0.673992
-0.00112128 0.0177531 -0.00859532 -0.42356 -0.360473 0.496736 0.666259
-0.00106861 0.0181015 -0.00873626 -0.406541 -0.391822 0.493381 0.661647
-0.000476003 0.018162 -0.00926927 -0.388985 -0.422655 0.489376 0.656168
-0.000707807 0.0185829 -0.00986056 -0.375135 -0.452238 0.480316 0.651193
-0.00142666 0.0190196 -0.0102115 -0.367671 -0.485352 0.466704 0.641429
-0.00105224 0.0193289 -0.0109475 -0.359704 -0.517771 0.452409 0.630757
-0.00138136 0.0196033 -0.0113647 -0.351892 -0.549771 0.436966 0.61885
-0.00185704 0.0200046 -0.011949 -0.346132 -0.581061 0.417845 0.606603
-0.00176171 0.0198343 -0.0133448 -0.346799 -0.617949 0.392949 0.586047
-0.00191454 0.0208377 -0.0133779 -0.34731 -0.652714 0.366353 0.564913
-0.00181779 0.0201671 -0.0148295 -0.346983 -0.68646 0.338879 0.541782
-0.00182458 0.0203394 -0.0148188 -0.345822 -0.718539 0.310585 0.517348
-0.00208067 0.0211194 -0.0156279 0.345944 0.748415 -0.277358 -0.493217
-0.00178155 0.0209187 -0.0160456 0.345171 0.776346 -0.243438 -0.46785
-0.0019844 0.0210149 -0.016353 0.343345 0.801169 -0.209699 -0.443016
-0.00201014 0.0210309 -0.0167983 0.340634 0.824023 -0.176552 -0.416876
-0.0019918 0.0212402 -0.0169688 0.337132 0.844962 -0.142981 -0.389785
-0.00211344 0.021235 -0.0172073 0.33269 0.8635 -0.109213 -0.362987
-0.00213809 0.0212888 -0.0174122 0.327563 0.879024 -0.0777022 -0.337604
-0.00202657 0.0215271 -0.0177058 0.32183 0.892884 -0.0460586 -0.311552
-0.00217716 0.0216743 -0.0176133 0.31547 0.90503 -0.0143151 -0.284937
-0.00251793 0.0217412 -0.0177739 0.308442 0.915087 0.0159244 -0.259284
-0.00213982 0.021777 -0.0182446 0.300878 0.92356 0.0461312 -0.233185
-0.00219666 0.021698 -0.0183952 0.292872 0.930453 0.076083 -0.206631
-0.00235732 0.0216375 -0.0184672 0.28325 0.935534 0.102839 -0.184292
-0.00233515 0.021689 -0.0185583 0.27326 0.939374 0.129453 -0.161706
-0.00182564 0.021887 -0.0186177 0.262939 0.941968 0.155662 -0.139008
-0.00208666 0.0213538 -0.0182363 0.25228 0.94333 0.181657 -0.116128
-0.00198785 0.0215711 -0.0185509 0.241287 0.943446 0.207408 -0.0930962
-0.00133117 0.0222666 -0.0186264 0.22985 0.942225 0.233478 -0.0697908
-0.00205796 0.0213979 -0.0186899 0.219481 0.940847 0.253409 -0.0491201
-0.00188366 0.0215429 -0.0186078 0.20891 0.938597 0.273108 -0.0284036
-0.00207972 0.0219901 -0.0186253 0.198095 0.935451 0.292618 -0.00769337
-0.00179184 0.022273 -0.0183975 0.183355 0.92986 0.318613 0.0151428
-0.00209687 0.0221757 -0.0182688 0.168354 0.922923 0.344133 0.0379144
-0.00222583 0.022168 -0.0182313 0.158344 0.915644 0.365098 0.0568172
-0.00203343 0.0225485 -0.0182396 0.141546 0.905482 0.392836 0.0757757
-0.00217149 0.0223381 -0.0182986 0.127015 0.895124 0.41672 0.0946929
-0.00237712 0.022413 -0.0181185 0.112319 0.883675 0.440039 0.113412
-0.00239254 0.0225601 -0.0181009 0.0887535 0.870404 0.467849 0.125057
-0.00249356 0.0224937 -0.0182205 0.0760084 0.859994 0.485931 0.136009
-0.00292726 0.0223215 -0.0179982 0.063216 0.848978 0.503661 0.146861
-0.00352063 0.0219045 -0.0175782 0.0496299 0.841333 0.516299 0.152073
-0.00372275 0.0221067 -0.0173749 0.0221519 0.833574 0.531083 0.150391
-0.0032091 0.022699 -0.0172513 -0.00897943 0.822901 0.547912 0.150136
-0.00334758 0.0221929 -0.0172511 -0.0325914 0.814604 0.559575 0.149119
-0.00328052 0.0222558 -0.0169881 -0.0561738 0.805677 0.570807 0.147993
-0.0032218 0.0222921 -0.0167967 -0.0797041 0.79614 0.58161 0.146768
-0.00305897 0.0225863 -0.0165571 -0.133281 0.769955 0.606288 0.147695
-0.00294853 0.0224601 -0.0166067 -0.171536 0.753132 0.618863 0.142751
-0.00256272 0.0223161 -0.0164308 -0.182076 0.74923 0.620816 0.141718
-0.00266026 0.022296 -0.0160823 -0.194949 0.745029 0.622369 0.139947
-0.00259836 0.0220628 -0.0159772 -0.207704 0.740707 0.623792 0.138163
-0.00239886 0.0222693 -0.0156539 -0.22045 0.736245 0.625105 0.136351
-0.00214757 0.0218196 -0.0154296 -0.233084 0.73168 0.62627 0.134518
-0.00220976 0.0219076 -0.015193 -0.264285 0.727203 0.6204 0.128204
-0.001877 0.0214932 -0.0152154 -0.287186 0.724665 0.614225 0.122903
-0.00182375 0.021279 -0.0152769 -0.309906 0.721706 0.607691 0.117531
