0 0 0 0 0 0 1
-0.00042888 0.000488287 0.000958446 -0.00902756 0.0149635 0.0056178 0.999832
-0.000828607 0.000286586 0.000667866 -0.0173841 0.0273462 0.0127747 0.999393
-0.0010947 0.000276682 0.000570274 -0.0257394 0.0397211 0.0199333 0.998681
-0.00134781 0.00172378 0.00324826 -0.0343295 0.0525357 0.0269564 0.997665
-0.0021761 0.00218044 0.00467301 -0.0429113 0.0653398 0.0339707 0.996361
-0.00239424 0.00228381 0.0047132 -0.0514813 0.0781264 0.0409746 0.99477
-0.0048158 0.00213555 0.00752729 -0.060035 0.090885 0.0479682 0.992892
-0.00492991 0.00229337 0.00769876 -0.068574 0.10362 0.0549472 0.990728
-0.00506999 0.00231389 0.00759021 -0.0780507 0.115659 0.0628046 0.988224
-0.00525898 0.00229022 0.00758056 -0.0936005 0.136783 0.0732979 0.983441
-0.00528588 0.00231984 0.00761305 -0.109696 0.157101 0.084216 0.977852
-0.00529653 0.00237216 0.00768379 -0.12608 0.160955 0.0967033 0.974087
-0.00531978 0.00240903 0.00770579 -0.140823 0.146246 0.108903 0.973099
-0.00526006 0.00249417 0.0077046 -0.155861 0.136602 0.121386 0.970728
-0.00526202 0.00254597 0.00773868 -0.170911 0.126784 0.133905 0.967877
-0.00514436 0.00262527 0.00779468 -0.188746 0.127394 0.149841 0.96213
-0.00493753 0.00274483 0.00785467 -0.211746 0.152843 0.173431 0.949592
-0.00467921 0.00285996 0.0078595 -0.237213 0.192477 0.201204 0.930698
-0.00509286 0.00263626 0.00831871 -0.261532 0.22972 0.227768 0.909369
-0.00516117 0.00253776 0.00846557 -0.285029 0.266242 0.253617 0.885185
-0.00510785 0.00255856 0.00852454 -0.308338 0.316697 0.282976 0.851208
-0.00514237 0.00252233 0.00866468 -0.329075 0.358907 0.308911 0.816988
-0.00514542 0.00250125 0.00877525 -0.349483 0.413146 0.337206 0.770367
-0.0051372 0.00248366 0.00890583 -0.367576 0.462317 0.363015 0.720674
-0.00506713 0.00250635 0.00904008 -0.383504 0.508721 0.386688 0.666785
-0.00501837 0.00251638 0.00917783 -0.39693 0.550476 0.407844 0.610808
-0.0049424 0.00254005 0.0092834 -0.408167 0.588872 0.426662 0.551897
-0.00486128 0.00257385 0.00937463 -0.41719 0.624072 0.443164 0.489992
-0.00476856 0.00261958 0.00944741 -0.42395 0.655888 0.457263 0.425429
-0.00466175 0.00266834 0.00949601 -0.429075 0.681796 0.468359 0.36289
-0.00454522 0.00271056 0.00960364 -0.432233 0.704301 0.47714 0.29912
-0.00443338 0.00276105 0.00967357 -0.434148 0.721963 0.483069 0.2386
-0.00434042 0.00281356 0.00968389 -0.434516 0.736481 0.487004 0.177818
-0.00424832 0.00286134 0.00969823 -0.433755 0.747523 0.488967 0.118224
-0.00417675 0.0029089 0.00968627 -0.432154 0.755234 0.489086 0.0605118
-0.00411995 0.00294709 0.00967077 -0.430034 0.759886 0.487463 0.00494771
-0.00405146 0.0030076 0.00964561 -0.426649 0.762144 0.484325 -0.0503736
-0.00399498 0.00306663 0.00960702 -0.421946 0.762049 0.479692 -0.105539
-0.0039588 0.00312232 0.00954423 -0.415959 0.7596 0.47359 -0.16031
-0.00392527 0.0031564 0.00951159 -0.408836 0.754788 0.466129 -0.214176
-0.00389405 0.00315505 0.00948171 -0.400973 0.747611 0.457579 -0.266311
-0.00386551 0.00317783 0.00942213 -0.392155 0.738281 0.447879 -0.317113
-0.00384107 0.00318849 0.00937104 -0.38279 0.72689 0.437334 -0.365846
-0.00378849 0.00321645 0.00929866 -0.372651 0.713626 0.425882 -0.412909
-0.0037868 0.00324662 0.00919203 -0.361571 0.698584 0.413401 -0.458637
-0.00371044 0.00331844 0.00906123 0.349551 -0.681729 -0.399845 0.503174
-0.00351567 0.00334969 0.00896017 0.336819 -0.663129 -0.385018 0.546421
-0.00349798 0.0033563 0.00884394 0.323218 -0.642878 -0.369192 0.588163
-0.00351953 0.00332489 0.00874256 0.30875 -0.621021 -0.352383 0.628358
-0.0035435 0.00330999 0.00865919 0.301327 -0.612296 -0.319617 0.657374
-0.00353993 0.0032957 0.00861575 0.295077 -0.606802 -0.286057 0.680363
-0.00353306 0.00326385 0.00857778 0.297237 -0.626385 -0.254968 0.674005
-0.00354525 0.00319636 0.00861974 0.296325 -0.634775 -0.221084 0.67851
-0.00357076 0.00315118 0.00865696 0.295225 -0.6422 -0.186856 0.68228
-0.00356818 0.0031116 0.00869134 0.294469 -0.648672 -0.152237 0.685082
-0.00359529 0.00311823 0.0086794 0.293422 -0.654215 -0.117387 0.687115
-0.0036386 0.00309188 0.00873789 0.287739 -0.660016 -0.0821087 0.68909
-0.00361762 0.00314843 0.00866697 0.300198 -0.650605 -0.0388104 0.696483
-0.00326245 0.00327525 0.00857951 0.311858 -0.633063 0.00844624 0.708453
-0.00322388 0.00331085 0.00853142 0.323229 -0.615369 0.0550366 0.716809
-0.00298977 0.00325452 0.00874106 0.334088 -0.594602 0.102233 0.724143
-0.00325562 0.00353833 0.00815531 0.343999 -0.572161 0.149135 0.729421
-0.00336161 0.00351637 0.00812653 0.352937 -0.548102 0.195617 0.732636
-0.00347874 0.00364505 0.00789769 0.352802 -0.529344 0.238214 0.73388
-0.0036902 0.00386807 0.00762569 0.343477 -0.520604 0.274677 0.731812
-0.00374995 0.00371939 0.00767361 0.333655 -0.511118 0.310699 0.728628
-0.00401899 0.00346299 0.00805016 0.33295 -0.513551 0.332886 0.717355
-0.00424446 0.00331921 0.00842103 0.328053 -0.516239 0.35491 0.707048
-0.00406596 0.00283047 0.00869474 0.325092 -0.517566 0.376778 0.696047
-0.00413981 0.00251576 0.00909076 0.32193 -0.518575 0.398416 0.684621
-0.004179 0.00230651 0.009424 0.318573 -0.519267 0.419812 0.672779
-0.00425293 0.00220333 0.0095661 0.32836 -0.511217 0.443596 0.658832
-0.00436745 0.00217349 0.00972303 0.335696 -0.503136 0.466877 0.645128
-0.00440381 0.00216435 0.00977666 0.334878 -0.498501 0.488686 0.632882
-0.00434044 0.0021753 0.00981749 0.333797 -0.49357 0.510187 0.620225
-0.00440059 0.00222668 0.00973549 0.334876 -0.487729 0.531171 0.606495
-0.00443511 0.00227261 0.00972029 0.339279 -0.475029 0.553848 0.59371
-0.0045842 0.00227037 0.00964433 0.333777 -0.472477 0.571507 0.582013
-0.00450861 0.00221025 0.00959187 0.328151 -0.46967 0.588899 0.570023
-0.00466364 0.00212079 0.00949838 0.322345 -0.466688 0.605983 0.557746
-0.00451382 0.00219394 0.00931777 0.326899 -0.454987 0.625109 0.543475
-0.00453813 0.00224342 0.00919168 0.331168 -0.442977 0.643769 0.52883
-0.00485813 0.00220488 0.00889377 0.331555 -0.43766 0.660022 0.512735
-0.00491735 0.00224734 0.00856071 0.331772 -0.432118 0.675899 0.496348
-0.0051377 0.00232922 0.00816245 0.331811 -0.426349 0.691396 0.479688
-0.00511747 0.00246566 0.00776094 0.331627 -0.420382 0.706517 0.462749
-0.00487623 0.00281304 0.00755642 0.331488 -0.413111 0.721674 0.445693
-0.00459689 0.00307304 0.00711903 0.326161 -0.398104 0.737547 0.437214
-0.00451858 0.00297723 0.00737632 0.320665 -0.382872 0.752972 0.428505
-0.00348093 0.00643814 0.0045068 0.314985 -0.367431 0.76796 0.419544
-0.00438603 0.00523966 0.00588958 0.309125 -0.351779 0.782505 0.41034
-0.0048207 0.00497126 0.00666179 0.317109 -0.366677 0.786134 0.383384
-0.00492076 0.00499337 0.0066142 0.324757 -0.381205 0.788956 0.35604
-0.00488501 0.00557931 0.00594997 0.332072 -0.395339 0.79097 0.32833
-0.00491007 0.00562864 0.00588245 0.339075 -0.409031 0.792181 0.300287
-0.00525559 0.00565782 0.00638357 0.340076 -0.418673 0.79526 0.276808
-0.00533033 0.00558678 0.00638176 0.340853 -0.428042 0.797819 0.253149
-0.00554519 0.00499438 0.00695212 0.341405 -0.43713 0.799856 0.229326
-0.00541106 0.00524932 0.00651006 0.341735 -0.445933 0.801369 0.205352
-0.00532909 0.00500526 0.00656553 0.341842 -0.454444 0.802356 0.181243
-0.00421222 0.00206426 0.00730062 0.350393 -0.468759 0.796955 0.149509
-0.00434274 0.00198413 0.00765766 0.358473 -0.482451 0.790513 0.117588
-0.00439956 0.00190914 0.00797018 0.365051 -0.479726 0.791861 0.0977588
-0.00445967 0.00186862 0.00798741 0.366498 -0.473416 0.796629 0.0833038
-0.00447885 0.00201211 0.00782631 0.365931 -0.468205 0.801302 0.0692395
-0.00454692 0.00185615 0.00793654 0.365286 -0.462879 0.805771 0.0551553
-0.00463801 0.00200865 0.00785404 0.364433 -0.457601 0.810004 0.0410475
-0.00467329 0.00308466 0.00711108 0.356284 -0.452733 0.816811 0.0302427
-0.00455135 0.00289666 0.00713188 0.348047 -0.44775 0.823411 0.0194285
-0.00437358 0.00287812 0.00697913 0.339723 -0.442656 0.829801 0.00860923
-0.00435815 0.00286896 0.00700599 0.331367 -0.437424 0.835974 -0.00222366
-0.00435896 0.00293666 0.00697322 0.323038 -0.432302 0.841776 -0.0131988
-0.00436654 0.00291421 0.00700324 0.295632 -0.426197 0.854815 -0.0157901
-0.00474207 0.00228547 0.00741321 0.291706 -0.420094 0.858792 -0.0301096
-0.00468995 0.00233345 0.00735184 0.287699 -0.413869 0.862537 -0.0444177
-0.0046672 0.00236756 0.00731815 0.283621 -0.407519 0.866049 -0.0587077
-0.00465059 0.00240808 0.00727657 0.279466 -0.401057 0.869326 -0.0729825
-0.00462006 0.00246284 0.00722195 0.275249 -0.394495 0.872352 -0.087258
-0.00461128 0.00250812 0.007173 0.270959 -0.387825 0.87514 -0.10151
-0.00461166 0.00255721 0.00712982 0.266593 -0.381049 0.877688 -0.115733
-0.00458716 0.00259326 0.00707881 0.262178 -0.374187 0.879977 -0.129954
-0.00457734 0.002635 0.0070315 0.257691 -0.367227 0.882023 -0.144137
-0.00457157 0.00267292 0.00699131 0.253133 -0.360166 0.883828 -0.158282
-0.00455091 0.00272001 0.00694334 0.248507 -0.353008 0.885389 -0.172384
-0.00442829 0.00234871 0.0070575 0.243813 -0.345751 0.886709 -0.18644
-0.00440295 0.0023416 0.00700544 0.239053 -0.338401 0.887784 -0.200444
-0.00442055 0.00231699 0.00698812 0.234227 -0.330957 0.888618 -0.214394
-0.0044273 0.00237719 0.00692131 0.229336 -0.323424 0.889207 -0.228284
-0.00440658 0.00243458 0.00685794 0.224386 -0.315803 0.889551 -0.242114
-0.00442627 0.00247246 0.00680577 0.219378 -0.308103 0.889651 -0.255868
-0.00449952 0.0022589 0.00696122 0.214309 -0.300317 0.889507 -0.269554
-0.00448352 0.00228068 0.00693573 0.209182 -0.292451 0.88912 -0.283165
-0.0044965 0.00229322 0.00692599 0.203993 -0.284503 0.888492 -0.296696
-0.00448364 0.00231981 0.00689336 0.198747 -0.276478 0.887621 -0.310145
-0.00448283 0.00235376 0.00685577 0.19344 -0.268379 0.886509 -0.323506
-0.00446575 0.0023918 0.00680664 0.188079 -0.26025 0.885148 -0.336764
-0.00446335 0.00244215 0.00676965 0.182408 -0.254905 0.88342 -0.348312
-0.00443062 0.00247882 0.00671147 0.181827 -0.249433 0.881149 -0.358189
-0.00444606 0.00250398 0.0066338 0.181198 -0.24399 0.878761 -0.36799
-0.00446243 0.00252475 0.00653785 0.186146 -0.235762 0.876136 -0.377032
-0.00448483 0.00251846 0.00654698 0.18238 -0.236038 0.873508 -0.384719
-0.00458018 0.002498 0.00636762 0.172047 -0.241609 0.870966 -0.39172
-0.00455991 0.00257968 0.00642902 0.161717 -0.24708 0.868255 -0.398665
-0.00470392 0.00264544 0.00617034 0.152842 -0.250463 0.865374 -0.406245
-0.00479761 0.00269555 0.00597308 0.150184 -0.24842 0.862331 -0.414873
-0.00488125 0.00274086 0.00585802 0.147698 -0.246222 0.859203 -0.423476
-0.00528096 0.00252433 0.0054775 0.145197 -0.244 0.855993 -0.43204
-0.00550039 0.00248935 0.00523302 0.138871 -0.24232 0.852728 -0.441419
-0.00569934 0.00229699 0.00512065 0.127313 -0.243757 0.849401 -0.450436
-0.00590779 0.00231811 0.00478435 0.127369 -0.23765 0.84549 -0.460921
-0.0061209 0.00223842 0.00465556 0.126862 -0.231754 0.841462 -0.471317
-0.00631922 0.00215646 0.00446214 0.132997 -0.218028 0.83637 -0.485037
-0.00635219 0.00224349 0.00444676 0.142168 -0.204198 0.83101 -0.497509
-0.0065086 0.00223911 0.00432263 -0.136408 0.188836 -0.824873 0.515091
-0.00719099 0.00188622 0.00327791 -0.129609 0.174725 -0.818513 0.531706
-0.00742708 0.00136921 0.00286486 -0.122728 0.160552 -0.811698 0.548003
-0.00818963 -0.000903079 0.00316382 -0.255574 0.0837585 -0.768523 0.580485
-0.00887339 -0.00151994 0.00241595 -0.22719 0.107317 -0.768282 0.588591
-0.00867861 -0.00261849 0.00349725 -0.349283 -0.0015604 -0.708942 0.61281
-0.00887835 -0.00432089 0.00397335 -0.398091 -0.0599743 -0.671981 0.621452
-0.00820443 -0.00550544 0.00540748 -0.435132 -0.108186 -0.638155 0.625951
-0.00793251 -0.00724486 0.00654764 -0.46786 -0.153469 -0.602772 0.627746
-0.00711632 -0.00804416 0.00792024 -0.497773 -0.196797 -0.566175 0.626923
-0.0066708 -0.008778 0.00850046 -0.52534 -0.238538 -0.527389 0.623565
-0.00586678 -0.00882407 0.0090981 -0.55095 -0.279297 -0.486828 0.617684
-0.00524671 -0.00860779 0.00980068 -0.570105 -0.304278 -0.4556 0.612114
-0.00438127 -0.00872406 0.011094 -0.584327 -0.323886 -0.429189 0.607895
-0.00388244 -0.00903827 0.011556 -0.597013 -0.34178 -0.403308 0.6033
-0.00317183 -0.00819669 0.0120801 -0.609156 -0.359209 -0.377323 0.597999
-0.00251354 -0.00826031 0.0128476 -0.620424 -0.376234 -0.350581 0.592018
-0.00178792 -0.00777933 0.0135018 -0.629378 -0.389791 -0.327331 0.587261
-0.00140985 -0.00761561 0.0134961 -0.637641 -0.403056 -0.303471 0.582014
-0.000934341 -0.00718597 0.0136805 -0.645498 -0.415029 -0.280666 0.576526
-0.000809647 -0.00695385 0.0134923 -0.650298 -0.419353 -0.264891 0.575297
-0.000892257 -0.00811689 0.0127107 -0.655105 -0.423527 -0.249362 0.573893
-0.000664062 -0.0083349 0.0127931 -0.654333 -0.414242 -0.247846 0.581985
-0.00085468 -0.00800924 0.0122507 -0.653655 -0.40486 -0.246608 0.589985
-0.00092046 -0.0076608 0.0116646 -0.652685 -0.395449 -0.24502 0.597889
0.00038396 -0.00751906 0.0121749 -0.651856 -0.385714 -0.243847 0.605741
-0.000906161 -0.00678465 0.0115576 -0.65072 -0.375966 -0.242326 0.613495
-0.000741967 -0.00667216 0.0114829 -0.649686 -0.366119 -0.241059 0.621154
-0.000449675 -0.00655471 0.0116975 -0.647787 -0.354003 -0.241322 0.629845
-0.000105475 -0.00500036 0.0125639 -0.645242 -0.340727 -0.242777 0.6393
-0.000400443 -0.00507347 0.0120947 -0.654553 -0.359789 -0.213156 0.62973
-0.000104806 -0.0048738 0.0125377 -0.663157 -0.378301 -0.183512 0.619282
0.000253151 -0.00429165 0.012987 -0.667363 -0.380666 -0.16906 0.61727
0.000365279 -0.00405092 0.0131512 -0.669021 -0.376452 -0.161451 0.620248
0.000361798 -0.00399944 0.0131556 -0.667671 -0.36538 -0.160787 0.628288
0.000232767 -0.00371471 0.0130135 -0.666437 -0.354206 -0.160347 0.636214
0.000254703 -0.00386321 0.013014 -0.664834 -0.342997 -0.15963 0.644014
0.000261542 -0.00392308 0.0129567 -0.663349 -0.331693 -0.159119 0.651697
0.00030113 -0.00390652 0.0128939 -0.661494 -0.320358 -0.158349 0.65925
0.000283346 -0.00401402 0.0128455 -0.659766 -0.308959 -0.157737 0.666673
0.00017702 -0.00395904 0.012732 -0.657668 -0.297533 -0.156883 0.673962
-2.35794e-05 -0.00404206 0.0125901 -0.65575 -0.286651 -0.155496 0.680974
7.22506e-05 -0.00404916 0.0126741 -0.650906 -0.267072 -0.163768 0.691423
-0.000100078 -0.00398803 0.0125173 -0.645926 -0.247308 -0.172133 0.701476
-0.000173811 -0.00410837 0.0124365 -0.640325 -0.227429 -0.180216 0.711108
-0.000325717 -0.00410175 0.0122911 -0.634593 -0.207392 -0.188364 0.720333
-0.000396807 -0.00413197 0.0122003 -0.628253 -0.187272 -0.196221 0.729123
-0.000556699 -0.00407786 0.0120754 -0.621789 -0.167032 -0.204106 0.737495
-0.000695134 -0.00400166 0.0119898 -0.614727 -0.146717 -0.21172 0.745423
-0.000831073 -0.00395668 0.0119177 -0.607564 -0.126262 -0.219383 0.75291
-0.000999618 -0.00392443 0.0117589 -0.599814 -0.105763 -0.226774 0.759941
-0.00116762 -0.00399916 0.0116305 -0.591946 -0.0851895 -0.234157 0.766544
-0.00127212 -0.00389702 0.0115018 -0.583503 -0.064582 -0.241281 0.772682
-0.00147723 -0.00395688 0.0113259 -0.574956 -0.0439632 -0.248357 0.778387
-0.00174706 -0.0039813 0.0111397 -0.567616 -0.0285526 -0.251471 0.783366
-0.00180575 -0.00404736 0.0110329 -0.560317 -0.0131128 -0.254614 0.788111
-0.0018569 -0.00396705 0.010972 -0.553524 0.0045275 -0.258304 0.791691
-0.0016684 -0.00384309 0.0108763 -0.546744 0.0221834 -0.261996 0.79499
-0.0013237 -0.00375796 0.010662 -0.54418 0.0486522 -0.269501 0.792955
-0.00173627 -0.0030612 0.0110385 -0.541419 0.075064 -0.276874 0.790344
-0.00156937 -0.00282365 0.0109801 -0.538015 0.101419 -0.283958 0.787101
-0.00200321 -0.00314662 0.0105521 -0.534431 0.127693 -0.290896 0.783281
-0.00218365 -0.00316599 0.0104343 -0.530203 0.153873 -0.297546 0.778834
-0.00232979 -0.0031115 0.0103806 -0.525818 0.179939 -0.304026 0.773807
-0.00254653 -0.0029851 0.0104148 -0.520795 0.205847 -0.310216 0.768163
-0.00269982 -0.00290929 0.0104106 -0.515642 0.231492 -0.316202 0.761978
-0.00283136 -0.00278849 0.0104253 -0.509874 0.256999 -0.321893 0.755166
-0.0029525 -0.00264863 0.0105115 -0.503975 0.282257 -0.327368 0.747822
-0.00308598 -0.00246404 0.0105895 -0.49842 0.303454 -0.332164 0.740995
-0.00321893 -0.00231697 0.0106716 -0.49295 0.323748 -0.336763 0.73406
-0.00318592 -0.0022734 0.0106956 -0.486969 0.343902 -0.341175 0.726711
-0.00321779 -0.00206804 0.0108659 -0.481084 0.363342 -0.345415 0.719229
-0.00328503 -0.00193355 0.0108945 -0.474703 0.382636 -0.349484 0.711356
-0.00321069 -0.00187966 0.0109906 -0.468354 0.401705 -0.353378 0.703178
-0.00329731 -0.00171183 0.0110811 -0.46154 0.420549 -0.3571 0.694637
-0.00331532 -0.00162125 0.0110979 -0.454773 0.439147 -0.360633 0.685805
-0.00339942 -0.00148382 0.0112431 -0.447516 0.457553 -0.364016 0.676604
-0.00372955 -0.00121864 0.0113761 -0.440319 0.475686 -0.367194 0.667127
-0.00371703 -0.00113827 0.0113894 -0.43263 0.493646 -0.370229 0.657273
-0.00371638 -0.00100974 0.0116045 -0.425012 0.511304 -0.373044 0.647158
-0.00418605 -0.000923774 0.011516 -0.416904 0.528784 -0.375727 0.636668
-0.00425984 -0.000702363 0.0117874 -0.408881 0.545904 -0.378177 0.625956
-0.0041178 -0.00091146 0.0115895 -0.400373 0.56285 -0.380506 0.614867
-0.00391451 -0.000750142 0.0119063 -0.391962 0.579434 -0.382581 0.603555
-0.00373554 -0.000680499 0.0121166 -0.383945 0.590504 -0.385256 0.596172
-0.00373127 -4.33173e-05 0.0133286 -0.376168 0.601024 -0.387809 0.588973
-0.00375527 -1.72908e-05 0.0134598 -0.368006 0.61151 -0.390357 0.581555
-0.00373866 -0.000317264 0.0129358 -0.360056 0.621747 -0.392724 0.574079
-0.00375809 -0.000577598 0.0124583 -0.351638 0.63451 -0.394643 0.563889
-0.00385721 -0.000212217 0.0133689 -0.343403 0.646922 -0.396331 0.553611
-0.00374879 -0.000367268 0.0130036 -0.334748 0.659258 -0.397992 0.543047
-0.00364952 -0.000382644 0.0130897 -0.326289 0.671224 -0.399406 0.532403
-0.00343336 -0.000198018 0.0138049 -0.317406 0.683107 -0.400812 0.521493
-0.00340434 -0.000403727 0.0134453 -0.308733 0.694592 -0.401955 0.510517
-0.00330798 -0.000358931 0.013805 -0.299715 0.705974 -0.403011 0.499294
-0.00315616 -0.000339188 0.013986 -0.290655 0.717103 -0.404074 0.487901
-0.00304168 -0.000367854 0.0140457 -0.281539 0.72792 -0.404765 0.476417
-0.00290157 -0.000389591 0.0142458 -0.272287 0.738555 -0.405555 0.464719
-0.00279163 -0.000533658 0.0140919 -0.26298 0.748873 -0.405985 0.452929
-0.00276132 -0.000515527 0.0142257 -0.253552 0.759011 -0.406499 0.440927
-0.00268525 -0.000586224 0.0141284 -0.24407 0.768825 -0.406662 0.428837
-0.00274498 -0.000585933 0.0140304 -0.234481 0.778456 -0.406901 0.416537
-0.00268403 -0.000496563 0.0144816 -0.224839 0.787754 -0.406798 0.404156
-0.00276123 -0.000442729 0.0145578 -0.215097 0.796861 -0.406761 0.391586
-0.00275598 -0.000344647 0.0147546 -0.205307 0.805629 -0.406391 0.378938
-0.00303357 -0.000255652 0.0145932 -0.195428 0.814201 -0.406078 0.366105
-0.00301304 -0.000110917 0.0148346 -0.185505 0.82243 -0.40544 0.353199
-0.00283897 -3.28748e-05 0.0152811 -0.175499 0.830455 -0.404853 0.340131
-0.00309719 9.97595e-05 0.0149905 -0.165454 0.83813 -0.403948 0.326991
-0.00320943 7.41874e-05 0.0151734 -0.155335 0.845598 -0.403087 0.313699
-0.00315909 0.000193226 0.0151087 -0.145183 0.85271 -0.401916 0.300343
-0.0032195 0.000360308 0.0154349 -0.134964 0.859609 -0.400781 0.28685
-0.00297793 0.000556773 0.0155372 -0.124713 0.866143 -0.399344 0.273317
-0.00283704 0.000569721 0.015863 -0.114402 0.872458 -0.39794 0.259664
-0.0027644 0.000615556 0.0156453 -0.10407 0.878409 -0.396242 0.245956
-0.00230685 0.000760598 0.01596 -0.093685 0.884138 -0.394567 0.232147
-0.0019259 0.000707445 0.0151576 -0.0832853 0.8895 -0.392605 0.218286
-0.00222049 0.00092812 0.0153235 -0.0728422 0.894639 -0.390664 0.204326
-0.00190819 0.00106434 0.0152417 -0.0623879 0.899403 -0.388438 0.190346
-0.00145638 0.0011491 0.0153197 -0.0518975 0.903942 -0.386229 0.17628
-0.000703038 0.0011855 0.0153993 -0.0414108 0.908112 -0.383732 0.162177
-0.000180426 0.000973217 0.0148271 -0.0308944 0.912054 -0.381248 0.148002
0.000483972 0.00097293 0.0153248 -0.0203839 0.915618 -0.378498 0.133797
-0.00014374 0.00123271 0.0146356 -0.00985012 0.918954 -0.375756 0.119524
-0.000448087 0.00127871 0.0138986 0.000553742 0.923835 -0.369305 0.100382
0.000486226 0.0010326 0.0138577 0.0109706 0.928291 -0.362789 0.081185
0.000118117 0.00111871 0.0134944 0.0213673 0.932172 -0.355944 0.0619458
6.36707e-05 0.0011726 0.0132688 0.0317672 0.935627 -0.349032 0.0426668
0.0004176 0.00111358 0.0130222 0.0421271 0.9385 -0.341808 0.0233798
0.00127393 0.000706421 0.0130347 0.0524715 0.940942 -0.334528 0.00410098
0.00144672 0.000680718 0.0128144 0.0627728 0.942798 -0.32695 -0.0151821
0.00179806 0.000571157 0.0126653 0.0730447 0.944229 -0.319312 -0.0344358
0.0020312 0.00048918 0.012479 0.08325 0.945075 -0.311382 -0.0536646
0.00230295 0.000335209 0.0122638 0.0934239 0.945497 -0.303395 -0.0728518
0.00240493 0.00034668 0.01213 0.10353 0.945329 -0.295136 -0.0920109
0.00288329 0.000127813 0.0120528 0.113596 0.944739 -0.286826 -0.111103
0.00317436 -5.72801e-05 0.0119837 0.122279 0.943801 -0.278797 -0.128449
0.00320613 -4.98723e-07 0.0119337 0.130929 0.942532 -0.270747 -0.14572
0.00325831 4.49517e-05 0.0118715 0.139596 0.940795 -0.262255 -0.16303
0.00328874 0.000102945 0.0117977 0.148231 0.938727 -0.253723 -0.18025
0.00340079 0.00010456 0.0117645 0.156774 0.936149 -0.24498 -0.197415
0.0034933 0.000114325 0.0117342 0.165014 0.933349 -0.236245 -0.214156
0.00368112 5.00405e-05 0.0116951 0.173146 0.930058 -0.227317 -0.230826
0.00384575 -0.000187065 0.0115453 0.181227 0.926456 -0.218387 -0.247357
0.00384445 -0.000361179 0.0113971 0.189191 0.922366 -0.209274 -0.263809
0.00400048 -0.000554286 0.0112996 0.197079 0.91798 -0.200176 -0.280079
0.00399862 -0.000566004 0.0112806 0.204849 0.913105 -0.1909 -0.296273
0.00416663 -0.000637644 0.0112916 0.212566 0.907931 -0.181633 -0.312291
0.00586251 0.000131362 0.0119768 0.220154 0.902272 -0.172196 -0.328226
0.00592044 1.61018e-05 0.0120038 0.227686 0.896319 -0.162777 -0.343965
0.00612569 -0.000253466 0.0119326 0.23507 0.889889 -0.1532 -0.359605
0.00604165 -0.000341292 0.0119954 0.242412 0.883161 -0.14365 -0.375051
0.00626985 -0.00057843 0.0120506 0.249596 0.875956 -0.133955 -0.390395
0.00626945 -0.000720126 0.0120787 0.255993 0.868886 -0.124906 -0.404891
0.00662967 -0.00113414 0.0121695 0.262239 0.86138 -0.115718 -0.419303
0.00644962 -0.00123559 0.0122654 0.268433 0.853642 -0.106592 -0.433483
0.00662318 -0.00146246 0.012393 0.274436 0.845481 -0.0973953 -0.447563
0.00700765 -0.00155308 0.0126898 0.280084 0.837341 -0.0886537 -0.461065
0.00672641 -0.00156508 0.012702 0.285569 0.828796 -0.0797849 -0.474485
0.00651308 -0.00181923 0.0126923 0.291006 0.820065 -0.0709997 -0.487641
0.00680107 -0.00215572 0.0128279 -0.296245 -0.811058 0.0622123 0.500629
0.00708671 -0.00225074 0.0132298 -0.301789 -0.800972 0.052589 0.514286
0.00703967 -0.00251912 0.0132229 -0.307163 -0.790912 0.0431681 0.527542
0.00712267 -0.00275404 0.013343 -0.310949 -0.781545 0.0364837 0.539517
0.00704367 -0.00310093 0.0133283 -0.314594 -0.772268 0.0300069 0.551154
0.00733031 -0.00345608 0.0135959 -0.318181 -0.762498 0.0233625 0.562796
0.00721564 -0.00357216 0.0136041 -0.321418 -0.753152 0.0174854 0.573735
0.00789248 -0.00400385 0.0140178 -0.321582 -0.746294 0.01866 0.58243
0.00811976 -0.0040913 0.0142555 -0.321648 -0.739598 0.020025 0.590892
0.0079862 -0.00413192 0.0141955 -0.321725 -0.732587 0.0212418 0.599425
0.00799424 -0.00404449 0.0142523 -0.321694 -0.725725 0.0226434 0.607728
0.00770485 -0.00363264 0.0140657 -0.321693 -0.718548 0.0238634 0.616111
0.00787829 -0.00403583 0.0140515 -0.321582 -0.711505 0.0252561 0.624268
0.0077138 -0.00348865 0.0139039 -0.321509 -0.704161 0.0264683 0.632501
0.00791858 -0.00397312 0.0138925 -0.321318 -0.696939 0.0278444 0.640509
0.00766042 -0.0038385 0.0135936 -0.321171 -0.689435 0.0290601 0.648582
0.00736424 -0.00338772 0.0133926 -0.323032 -0.680607 0.0256498 0.657083
0.00800614 -0.00391798 0.0135492 -0.324918 -0.671479 0.022083 0.665612
0.00741437 -0.00352939 0.0131209 -0.326669 -0.662417 0.0186616 0.67389
0.0072398 -0.00377286 0.0128466 -0.328446 -0.653072 0.0150909 0.682189
0.00741183 -0.00359065 0.0128069 -0.330087 -0.643781 0.0116616 0.690241
0.00775244 -0.00361067 0.0128187 -0.33175 -0.634224 0.00810942 0.698306
0.00756798 -0.00284105 0.0126689 -0.334474 -0.624157 0.00212524 0.706064
0.00760163 -0.0034137 0.0123094 -0.336796 -0.614809 -0.00287738 0.713141
0.00743432 -0.00314355 0.0120538 -0.33898 -0.605502 -0.00774149 0.719979
0.00680377 -0.00328381 0.0117119 -0.341193 -0.595964 -0.012744 0.726813
0.00589051 -0.00297211 0.0113401 -0.34327 -0.586474 -0.0176041 0.733397
0.00452247 -0.002468 0.0108056 -0.345383 -0.576772 -0.022596 0.739962
0.00479917 -0.00241225 0.010638 -0.347357 -0.567101 -0.027452 0.74629
0.00450213 -0.00215631 0.0105116 -0.349376 -0.557223 -0.0324526 0.752596
0.00437403 -0.00221253 0.0103255 -0.351249 -0.547381 -0.0373092 0.75866
0.00419777 -0.00213526 0.010177 -0.353208 -0.537349 -0.0423445 0.764673
0.00408945 -0.00192254 0.00991227 -0.355034 -0.527349 -0.0472517 0.77044
0.0039579 -0.00178135 0.00979436 -0.356892 -0.517165 -0.0522847 0.776181
0.00356337 -0.00164156 0.00982516 -0.358586 -0.50701 -0.0571652 0.781692
0.0033965 -0.00149944 0.0097421 -0.360327 -0.496681 -0.0621758 0.787167
0.00298638 -0.00139922 0.00979105 -0.36192 -0.486367 -0.0670488 0.792412
0.00300872 -0.00151908 0.00968585 -0.363542 -0.475883 -0.072037 0.797628
0.00296561 -0.00157709 0.00960548 -0.36498 -0.465506 -0.076872 0.802579
0.00292584 -0.00160892 0.00956034 -0.366429 -0.455045 -0.0818157 0.807466
0.00280339 -0.00158455 0.0095315 -0.367729 -0.444598 -0.0866227 0.812127
0.00269078 -0.00155443 0.00949944 -0.369064 -0.434005 -0.091539 0.816753
0.00253923 -0.00156646 0.00952851 -0.370248 -0.423421 -0.0963188 0.821157
0.00243258 -0.00152589 0.00956893 -0.371466 -0.412697 -0.101205 0.825522
0.00233433 -0.00144386 0.00960833 -0.372532 -0.401978 -0.105954 0.829668
0.00229938 -0.00130977 0.00961343 -0.373634 -0.391128 -0.110807 0.833772
0.00224035 -0.00146477 0.00923943 -0.374579 -0.38038 -0.115509 0.837615
0.00203708 -0.00125518 0.00978809 -0.375561 -0.36951 -0.120313 0.841416
0.00193745 -0.00125037 0.00987609 -0.376386 -0.358645 -0.12498 0.845001
0.00195639 -0.00120209 0.00985002 -0.377252 -0.347665 -0.129745 0.848538
0.00212926 -0.00133877 0.00997912 -0.37796 -0.336688 -0.134374 0.851862
0.00211317 -0.00135141 0.00994009 -0.378709 -0.325604 -0.139096 0.855135
0.00206696 -0.00135386 0.00988018 -0.379299 -0.314523 -0.143684 0.858195
0.00204921 -0.00135447 0.00986864 -0.379932 -0.303342 -0.148362 0.861202
0.00205234 -0.0013759 0.00989547 -0.380403 -0.292163 -0.152905 0.863996
0.00203464 -0.00138858 0.00990259 -0.380919 -0.280892 -0.157536 0.866734
0.00205495 -0.00140725 0.00986451 -0.381271 -0.269623 -0.162031 0.869261
0.00208618 -0.00140577 0.00987046 -0.38167 -0.258269 -0.166612 0.871729
0.00201642 -0.00144709 0.00984743 -0.381903 -0.246916 -0.171058 0.873987
0.00201259 -0.00146365 0.00985107 -0.382185 -0.235486 -0.175585 0.876184
0.00202867 -0.00146288 0.00989558 -0.382299 -0.224057 -0.179978 0.878172
0.00200862 -0.00146275 0.00989153 -0.382463 -0.212557 -0.184449 0.880096
0.00200817 -0.00150142 0.00987844 -0.382457 -0.201059 -0.188786 0.881812
0.00200133 -0.00149756 0.00982678 -0.382504 -0.189497 -0.193199 0.883462
0.0020123 -0.00143999 0.00991123 -0.382378 -0.177936 -0.197478 0.884905
0.00201528 -0.00143263 0.00992167 -0.382308 -0.166319 -0.20183 0.886281
0.00183962 -0.00145774 0.00970662 -0.382062 -0.154703 -0.206048 0.88745
0.00194305 -0.00145721 0.00985666 -0.381875 -0.143038 -0.210335 0.888551
0.00184323 -0.00144016 0.00972756 -0.38151 -0.131375 -0.214489 0.889445
0.00183884 -0.00144451 0.00974397 -0.381205 -0.119669 -0.21871 0.89027
0.00191861 -0.00144789 0.00981252 -0.380721 -0.107965 -0.222798 0.890889
0.00184815 -0.00142038 0.00975879 -0.3803 -0.0962256 -0.226949 0.891437
0.00183559 -0.00143322 0.00977287 -0.379696 -0.0844886 -0.230969 0.89178
0.00184151 -0.00141206 0.00973571 -0.379158 -0.0727227 -0.235048 0.892052
0.00191168 -0.00142525 0.00979891 -0.378436 -0.0609597 -0.238996 0.892119
0.00180811 -0.00138186 0.00975876 -0.377782 -0.0491745 -0.243001 0.892114
0.00183228 -0.0013965 0.00978671 -0.376941 -0.037393 -0.246875 0.891905
0.00175309 -0.00133273 0.00977475 -0.376172 -0.0255959 -0.250803 0.891623
0.00167251 -0.00130797 0.00967699 -0.375213 -0.0138033 -0.254602 0.891138
0.00169071 -0.00130615 0.00971381 -0.374329 -0.00200167 -0.25845 0.890579
0.00166566 -0.00131558 0.0096589 -0.373253 0.00979487 -0.26217 0.889819
0.00190602 -0.00134642 0.00978181 -0.372254 0.0215938 -0.265937 0.888984
0.00191621 -0.00132905 0.00979596 -0.371061 0.0333865 -0.269576 0.887948
0.00188541 -0.00131176 0.00983656 -0.369949 0.0451753 -0.273258 0.886838
0.00173524 -0.00121836 0.00982307 -0.36864 0.0569573 -0.276814 0.885527
0.00173561 -0.00125555 0.00981462 -0.367415 0.0687289 -0.280411 0.884142
0.00167368 -0.00116562 0.00973168 -0.365991 0.0804929 -0.283882 0.882557
0.00174299 -0.00119803 0.0097146 -0.364653 0.0922399 -0.287389 0.880898
0.00171534 -0.00117083 0.00968402 -0.363114 0.103979 -0.290773 0.87904
