0 0 0 0 0 0 1
-0.000262798 2.55608e-05 1.80739e-05 -0.000820317 -0.00421685 -0.0025591 0.999987
-0.000405669 7.6119e-05 -3.87807e-05 -0.00164021 -0.00843349 -0.00511804 0.99995
-0.000474244 8.5424e-05 -5.92882e-05 -0.00245115 -0.0126387 -0.00766724 0.999888
-0.000516864 2.89424e-05 5.39963e-05 -0.00468579 -0.0217322 -0.0130129 0.999668
-0.000404179 2.67652e-05 1.81826e-08 -0.00628512 -0.0292596 -0.0173626 0.999401
-0.000408486 3.46377e-05 4.45076e-05 -0.00788405 -0.0367851 -0.0217112 0.999056
-0.000478299 -2.8641e-05 0.000194629 -0.00948149 -0.0443089 -0.0260579 0.998633
-0.000433012 4.19598e-06 8.97982e-05 -0.0110779 -0.0518288 -0.0304024 0.998132
-0.000344074 -3.07703e-05 0.000225854 -0.0126738 -0.0593443 -0.0347445 0.997552
-4.97905e-05 0.000135219 -9.83373e-05 -0.0141147 -0.0785269 -0.0439149 0.995844
3.69365e-05 5.05243e-05 0.000161001 -0.0155459 -0.0976671 -0.053063 0.993682
3.83589e-05 -8.16941e-06 0.000368342 -0.0145661 -0.094841 -0.0551231 0.993858
-4.46018e-06 7.22183e-05 0.000170315 -0.0135947 -0.092063 -0.0571992 0.994016
0.000170257 0.000120344 1.32875e-05 -0.0126219 -0.0892332 -0.0592589 0.994166
-1.06273e-05 0.000128943 -1.57169e-05 -0.0116484 -0.0864061 -0.0613187 0.994303
-5.90183e-05 0.000193163 -6.78891e-05 -0.0106746 -0.0835787 -0.0633779 0.994426
-0.000334676 0.000283864 -0.000185939 -0.00969832 -0.0807606 -0.0654385 0.994536
0.000204073 0.000475204 -9.19385e-05 -0.00872843 -0.0779112 -0.0674869 0.994635
0.000442542 0.000543312 0.000144145 -0.00776069 -0.0750552 -0.0695331 0.994722
0.000635495 0.00080825 0.000166746 -0.00683505 -0.0720168 -0.0715207 0.994812
0.000782158 0.00103805 0.000212939 -0.0141405 -0.0739235 -0.0765314 0.994223
0.000947669 0.00123843 0.000307717 -0.0273947 -0.0748767 -0.0817864 0.993456
0.00114171 0.00138984 0.00038092 -0.0508929 -0.0612595 -0.0856287 0.993139
0.00124424 0.00155918 0.000427558 -0.074364 -0.0475709 -0.0894036 0.992076
0.00169413 0.00167908 5.94459e-05 -0.0977752 -0.0338402 -0.093107 0.990266
0.00174967 0.00178232 0.00013216 -0.121128 -0.0200331 -0.0967343 0.987709
0.0019343 0.00175635 0.000203468 -0.144384 -0.00615165 -0.100271 0.984409
0.0019947 0.00179934 0.000132054 -0.17052 0.0200419 -0.103241 0.979726
0.00196546 0.00182978 0.000221008 -0.196421 0.0461569 -0.106077 0.973672
0.00217229 0.00196712 -9.3704e-05 -0.222048 0.0722097 -0.108763 0.966256
0.00227609 0.00200906 -9.28209e-05 -0.247365 0.0981613 -0.111298 0.957491
0.0025772 0.00199744 -0.000346064 -0.272334 0.123983 -0.113672 0.947387
0.00311239 0.00169892 -0.00085234 -0.296921 0.149632 -0.115888 0.935959
0.00331131 0.00161237 -0.000744868 -0.321093 0.175071 -0.117941 0.923222
0.00349719 0.00158224 -0.000722648 -0.344812 0.200272 -0.119827 0.909196
0.00338578 0.00175027 -0.000577256 -0.368051 0.225184 -0.121546 0.8939
0.0035136 0.00172563 -0.000449878 -0.390774 0.249784 -0.123096 0.877355
0.00360539 0.00175444 -0.00023363 -0.412891 0.274056 -0.124475 0.859605
0.00319714 0.00164032 -0.000342301 -0.434051 0.295605 -0.126032 0.841625
0.00323152 0.00165619 -0.000226326 -0.454675 0.316787 -0.127433 0.822604
0.00316789 0.00159416 -0.000333746 -0.474736 0.337572 -0.128676 0.802567
0.00322078 0.00157707 -0.000247735 -0.494185 0.357964 -0.129776 0.781538
0.00318686 0.00159586 -0.000152613 -0.513023 0.377887 -0.130721 0.759553
0.00311882 0.00161445 -6.76737e-05 -0.532408 0.38499 -0.134028 0.741863
0.00309207 0.00161083 -3.54465e-05 -0.549973 0.394729 -0.137834 0.722994
0.00314797 0.00163298 3.00513e-05 -0.562535 0.416462 -0.142657 0.69983
0.00319768 0.0017196 0.000130407 -0.576802 0.425093 -0.148571 0.681559
0.00305909 0.0017518 0.000121551 -0.590686 0.433419 -0.154409 0.66287
0.00265218 0.00176541 0.000148701 -0.604189 0.441463 -0.160148 0.643753
0.00288732 0.001758 0.000185231 -0.617289 0.449269 -0.165781 0.624203
0.0029568 0.00169828 0.00028625 -0.629877 0.456783 -0.171471 0.60432
0.0027729 0.00155796 0.0001889 -0.642055 0.464016 -0.177054 0.584044
0.00267388 0.00158635 0.000227886 -0.653821 0.470944 -0.182524 0.563396
0.00261872 0.00127556 9.04102e-05 -0.665134 0.477635 -0.187901 0.542361
0.00250887 0.00119157 0.000166726 -0.676013 0.484014 -0.193168 0.520982
0.00263962 0.00108383 0.000186693 -0.68788 0.475335 -0.200941 0.510392
0.00278995 0.000704362 -4.99497e-05 0.694978 -0.482306 0.211397 -0.489589
0.0030676 0.000216347 -0.000351071 0.697721 -0.499317 0.224336 -0.462106
0.00322012 -0.000135104 -0.000511855 0.698034 -0.518841 0.238105 -0.432271
0.00336823 5.17896e-05 -0.000421198 0.701878 -0.522382 0.249687 -0.414899
0.0033668 -1.82088e-05 -0.00042319 0.705394 -0.525677 0.261165 -0.397337
0.00336049 -0.000319977 -0.000513686 0.706092 -0.534082 0.275801 -0.374332
0.00323695 -0.000485772 -0.000514677 0.703468 -0.546568 0.293557 -0.34673
0.00324011 -0.000744852 -0.000577544 0.699925 -0.558475 0.311002 -0.318572
0.0032242 -0.000869196 -0.000657025 0.695427 -0.569811 0.328145 -0.28986
0.00355616 -0.00120078 -0.000888497 0.690025 -0.580455 0.344899 -0.260735
0.0035529 -0.0010183 -0.00093937 0.683759 -0.590333 0.361202 -0.231331
0.00325134 -0.00133615 -0.00116122 0.670464 -0.607494 0.383514 -0.185326
0.00279469 -0.00164801 -0.0011434 0.649508 -0.627882 0.409203 -0.128285
0.00257004 -0.00179365 -0.00130408 -0.622676 0.647842 -0.434344 0.0626162
0.00225971 -0.00174067 -0.0015153 -0.592088 0.663882 -0.456816 -0.00345842
0.00197064 -0.00178778 -0.00160799 -0.557906 0.675899 -0.476517 -0.0695147
0.00177055 -0.00173347 -0.00169861 -0.525498 0.683675 -0.491203 -0.123129
0.00168651 -0.00167156 -0.0019438 -0.49085 0.688581 -0.503837 -0.176272
0.00150249 -0.00149611 -0.00213046 -0.454135 0.690593 -0.514344 -0.228678
0.00125755 -0.00163194 -0.00232019 -0.412432 0.689424 -0.522961 -0.284792
0.00113322 -0.00162669 -0.00267826 -0.368674 0.684844 -0.528948 -0.339533
0.00106873 -0.00193202 -0.00328419 -0.323096 0.676885 -0.532274 -0.392581
0.000869047 -0.00173617 -0.00343393 -0.275913 0.665565 -0.532957 -0.44368
0.000570155 -0.00137213 -0.00360614 -0.227351 0.65094 -0.53099 -0.492582
0.000329942 -0.00096241 -0.00361102 0.177617 -0.633052 0.526404 0.53907
0.000145943 -0.000777664 -0.00366162 0.126972 -0.61199 0.519205 0.5829
-0.000166967 -0.00132333 -0.00355995 0.0727446 -0.586659 0.508002 0.626477
-0.000340882 -0.000792673 -0.00338775 0.0181078 -0.558038 0.493951 0.666541
-0.000348536 -0.000449337 -0.00341182 -0.0367301 -0.526233 0.477151 0.702892
-0.00041869 -0.000386395 -0.00328927 -0.0913639 -0.491465 0.457672 0.735289
-0.00042441 -0.000290063 -0.00349003 -0.145533 -0.453889 0.435624 0.763569
-0.000333507 -0.000359569 -0.00381956 -0.198661 -0.413935 0.411172 0.787482
-0.000363601 -0.000144172 -0.00381608 -0.252795 -0.36997 0.383993 0.807321
-0.000830663 -0.000463092 -0.00356121 -0.305396 -0.323815 0.354509 0.822314
-0.00087956 -0.000549293 -0.00372517 -0.356153 -0.275767 0.322903 0.832371
-0.000975999 -0.000714657 -0.00388447 -0.401033 -0.23421 0.290049 0.836774
-0.000928548 -0.00076692 -0.0039052 -0.443971 -0.191506 0.255788 0.837131
-0.000870468 -0.000742515 -0.00394553 -0.484849 -0.147776 0.220274 0.833404
-0.00121611 -0.000714926 -0.00359278 -0.521997 -0.10678 0.184021 0.825986
-0.00125128 -0.000823356 -0.0035609 -0.556836 -0.0652154 0.146938 0.814917
-0.00151236 -0.00101663 -0.00360154 -0.589191 -0.0233912 0.109208 0.800238
-0.00164954 -0.00106924 -0.00356892 -0.618011 0.015876 0.0714724 0.782753
-0.0018572 -0.00109687 -0.0035487 -0.646161 0.0652595 0.0299923 0.759814
-0.00193888 -0.000997928 -0.00342942 -0.663089 0.0918176 -0.00776611 0.742847
-0.00227024 -0.00107339 -0.00342096 -0.676217 0.107574 -0.0434241 0.727512
-0.00237163 -0.000949769 -0.00334571 -0.688048 0.123098 -0.0789824 0.710773
-0.00263536 -0.000988885 -0.00342865 -0.698606 0.138009 -0.114227 0.692717
-0.0013014 -0.00030106 -0.00290581 -0.707836 0.152676 -0.149256 0.673335
-0.00136597 -0.000142328 -0.0028767 -0.71572 0.167048 -0.184 0.652675
-0.00152622 -0.00012334 -0.00295789 -0.72251 0.180497 -0.218133 0.630728
-0.00169049 -0.000156631 -0.0029779 -0.72796 0.193475 -0.251858 0.607626
-0.00172471 -0.000127311 -0.00292969 -0.732064 0.205812 -0.285123 0.583462
-0.00185441 -0.000111429 -0.00292873 -0.734864 0.217474 -0.317818 0.558276
-0.00211514 -4.93006e-05 -0.00303613 -0.736603 0.228302 -0.349582 0.532058
-0.00215926 -3.97879e-05 -0.00309969 -0.738554 0.240751 -0.377955 0.503713
-0.00228098 -2.55866e-05 -0.00315522 0.73921 -0.252772 0.405647 -0.474473
-0.00233714 -8.4398e-05 -0.00316967 0.738621 -0.264854 0.432395 -0.444216
-0.00237759 -2.39563e-05 -0.00319558 0.736697 -0.276352 0.45843 -0.413217
-0.00226243 4.21259e-05 -0.00313348 0.73347 -0.287161 0.483704 -0.381565
-0.0024449 0.000128893 -0.00317924 0.728985 -0.297271 0.508133 -0.3493
-0.00279126 0.000265162 -0.00339574 0.727889 -0.298899 0.529116 -0.317608
-0.00268169 0.000104961 -0.00331985 0.725537 -0.300253 0.549499 -0.285472
-0.00277988 2.28245e-05 -0.00331578 0.71873 -0.304794 0.571619 -0.252548
-0.00302549 0.000149628 -0.00348354 0.72657 -0.285992 0.583117 -0.224226
-0.00291531 4.93763e-05 -0.00342972 0.733425 -0.266813 0.593836 -0.195599
-0.00297031 -4.11384e-05 -0.00344782 0.73924 -0.247368 0.60378 -0.166679
-0.00300623 -0.000142959 -0.00347532 0.745225 -0.226116 0.611958 -0.137912
-0.00296295 -0.000233454 -0.00348276 0.750538 -0.204766 0.618803 -0.108838
-0.00307068 -0.000463123 -0.00341649 0.754805 -0.183147 0.624812 -0.0796128
-0.00318254 -0.000668056 -0.00348855 0.758034 -0.161275 0.629957 -0.0502778
-0.00318925 -0.000879038 -0.00344809 0.760215 -0.139196 0.634242 -0.0208705
-0.00341316 -0.00112574 -0.00353268 0.75 -0.126795 0.649079 0.0109241
-0.00296962 -0.00141045 -0.00304573 0.73862 -0.114249 0.662997 0.0427125
-0.0023794 -0.0017811 -0.0023462 0.713826 -0.110228 0.687352 0.0764729
-0.00218165 -0.00201981 -0.00171127 0.672489 -0.113902 0.722779 0.111251
-0.00263372 -0.00222905 -0.00137557 0.616233 -0.122915 0.763825 0.147374
-0.00267398 -0.00240803 -0.00113221 0.553493 -0.132512 0.801583 0.183172
-0.00283595 -0.00255399 -0.00086663 0.480136 -0.143036 0.837479 0.218262
-0.00315568 -0.00251314 -0.00122055 0.402944 -0.152413 0.866663 0.251602
-0.00319092 -0.00258947 -0.0012444 0.322524 -0.160568 0.888903 0.282926
-0.00324723 -0.00260675 -0.00150992 0.239542 -0.167435 0.904021 0.311982
-0.00324387 -0.0026626 -0.00153179 0.154657 -0.172956 0.911899 0.338538
-0.00335915 -0.00268633 -0.00164298 0.0685332 -0.177097 0.912479 0.362384
-0.0035716 -0.00270108 -0.00142949 -0.0181557 -0.179817 0.905755 0.383331
-0.00383405 -0.00277428 -0.00151454 -0.113267 -0.182472 0.890497 0.401112
-0.0039395 -0.00281585 -0.00177641 -0.207341 -0.183363 0.866682 0.415029
-0.00387192 -0.00293355 -0.00205444 -0.299355 -0.182489 0.834562 0.424962
-0.0043165 -0.00283922 -0.00198044 -0.388517 -0.179864 0.794421 0.430811
-0.00464032 -0.00276817 -0.00230131 -0.47409 -0.175538 0.746581 0.432485
-0.00456931 -0.00291581 -0.00262557 -0.555084 -0.169522 0.691556 0.429993
-0.00476518 -0.00274545 -0.00304016 0.633081 0.161636 -0.628254 -0.422352
-0.00461299 -0.00284484 -0.00353097 0.728367 0.147634 -0.536774 -0.399447
-0.00439783 -0.00306877 -0.00376671 0.810508 0.130893 -0.435432 -0.369248
-0.00441752 -0.00321624 -0.00388036 0.877921 0.11178 -0.326104 -0.332289
-0.00429912 -0.00375294 -0.00386747 0.92934 0.0906439 -0.210823 -0.289251
-0.00433926 -0.00402429 -0.00384386 0.963813 0.0678544 -0.0916966 -0.240939
-0.00441612 -0.00430824 -0.00378524 0.980891 0.0436185 0.0298199 -0.187246
-0.00447598 -0.0044781 -0.00383805 0.97979 0.0185464 0.150822 -0.130075
-0.0045217 -0.00465599 -0.00394539 0.954074 -0.0168691 0.2925 -0.062478
-0.00459219 -0.00471685 -0.00443493 0.894548 -0.0555252 0.443344 0.012135
-0.00468157 -0.00493359 -0.00444442 0.802633 -0.0928736 0.582581 0.0880649
-0.00457254 -0.00521982 -0.00454295 0.676877 -0.12774 0.706158 0.163892
-0.00454118 -0.00534992 -0.0046473 0.525493 -0.157695 0.802814 0.23341
-0.00438123 -0.00563479 -0.00457354 0.354113 -0.181658 0.868979 0.294075
-0.0045872 -0.00585107 -0.0046585 0.162977 -0.200086 0.902041 0.346015
-0.00461196 -0.00603158 -0.00479261 -0.0727467 -0.214822 0.889608 0.39643
-0.00455072 -0.00634398 -0.0048444 -0.304057 -0.217362 0.825087 0.423717
-0.00440189 -0.00664924 -0.00495406 -0.500698 -0.226013 0.719283 0.425266
-0.00426334 -0.00684308 -0.00498398 0.672223 0.223485 -0.57764 -0.405589
-0.00410076 -0.00708319 -0.00496829 0.810141 0.209878 -0.407273 -0.365718
-0.00393345 -0.00724817 -0.00486842 0.902243 0.189049 -0.228042 -0.313393
-0.00415569 -0.00750396 -0.00467458 0.947909 0.175572 -0.0700515 -0.256389
-0.00410723 -0.00772187 -0.0045578 0.964687 0.156744 0.0900744 -0.191569
-0.00431277 -0.00781104 -0.0046511 0.953548 0.138606 0.239044 -0.119964
-0.00444569 -0.00789373 -0.00472546 0.914591 0.113296 0.386072 -0.0404575
-0.00465843 -0.00796582 -0.00466502 0.848086 0.0845785 0.521517 0.0401877
-0.00500701 -0.00796591 -0.00457648 0.75602 0.0540996 0.641734 0.11699
-0.00498928 -0.00789639 -0.00478788 0.641473 0.0220316 0.742846 0.190278
-0.00521362 -0.0078311 -0.00493034 0.507943 -0.0105738 0.821861 0.257737
-0.00527437 -0.00775398 -0.00519806 0.377576 -0.0313884 0.872942 0.307282
-0.00571701 -0.00766135 -0.00583291 0.249342 -0.0497097 0.901675 0.349772
-0.00545123 -0.00763722 -0.00628603 0.11782 -0.0667097 0.912773 0.385374
-0.00510245 -0.00773463 -0.0065102 0.00938367 -0.0767135 0.90752 0.412838
-0.00478985 -0.00782957 -0.00716142 -0.0980584 -0.0858809 0.890804 0.435289
-0.00426498 -0.0081694 -0.00788586 -0.184775 -0.0984655 0.864033 0.457834
-0.0038526 -0.00837814 -0.00828058 -0.262301 -0.110971 0.830705 0.478343
-0.0033388 -0.00859197 -0.00936419 -0.335208 -0.122615 0.791693 0.495807
-0.00238989 -0.00879875 -0.0114762 -0.405668 -0.133363 0.746921 0.509662
-0.00225575 -0.00806689 -0.0129096 -0.479987 -0.139304 0.694325 0.517805
-0.00158434 -0.00809029 -0.0138823 -0.55027 -0.144072 0.635902 0.521607
-0.000682578 -0.00822375 -0.0149167 -0.614164 -0.146693 0.57321 0.522224
0.000127487 -0.00854501 -0.0155901 -0.672599 -0.147991 0.506221 0.519086
0.000908456 -0.00888929 -0.016153 -0.723864 -0.144781 0.435622 0.515068
0.00143403 -0.00915108 -0.0164415 -0.770045 -0.139816 0.361113 0.50703
0.00223368 -0.00956252 -0.0168546 0.811349 0.13274 -0.282243 -0.494402
0.00230584 -0.00972142 -0.016862 0.846051 0.124576 -0.201072 -0.477752
0.0027008 -0.0100817 -0.0168555 0.873871 0.115399 -0.118265 -0.457217
0.00302198 -0.0104115 -0.016813 0.894554 0.105267 -0.0345019 -0.433013
0.00396651 -0.0115806 -0.0165531 0.907965 0.0942798 0.0495433 -0.405288
0.00427596 -0.0124858 -0.0161859 0.913983 0.0825363 0.133166 -0.374286
0.0043568 -0.0126488 -0.0163017 0.912575 0.0701114 0.215736 -0.340222
0.00434546 -0.0132723 -0.0160224 0.903742 0.0571244 0.296534 -0.303404
0.00425922 -0.013864 -0.0157478 0.886946 0.0407047 0.385755 -0.250729
0.00397933 -0.0144677 -0.0151462 0.860123 0.0238209 0.470632 -0.195255
0.00328386 -0.0152375 -0.0141749 0.82232 0.00571372 0.552552 -0.135816
0.00240248 -0.0161747 -0.0128204 0.772043 -0.0139039 0.631255 -0.0726088
0.00129021 -0.0166916 -0.0119651 0.711635 -0.0333485 0.701709 -0.00843542
0.00140984 -0.0168043 -0.0120165 0.641616 -0.0524699 0.763175 0.0560284
-1.10758e-05 -0.016747 -0.0116477 0.562833 -0.0709751 0.81473 0.11999
-0.00100831 -0.0166838 -0.0115749 0.471744 -0.0891202 0.857494 0.184981
-0.00160429 -0.016639 -0.0117617 0.36883 -0.106621 0.888735 0.250495
-0.00202245 -0.0163108 -0.0121904 0.247002 -0.122823 0.90666 0.319175
-0.00240131 -0.0161619 -0.0125416 0.103235 -0.136925 0.905511 0.388131
-0.00215513 -0.0156645 -0.0134103 -0.0423952 -0.147131 0.881414 0.446838
-0.000516433 -0.0162581 -0.0136989 -0.310107 -0.14616 0.777704 0.526931
0.00104316 -0.0173042 -0.0130546 -0.534705 -0.130301 0.61842 0.560955
0.00188339 -0.0182572 -0.0121763 -0.683808 -0.1132 0.454344 0.559613
0.00170811 -0.0188343 -0.0110844 -0.798254 -0.0896461 0.268286 0.531773
0.000919541 -0.018859 -0.010254 0.870044 0.0578436 -0.0710124 -0.484392
0.000289604 -0.0185116 -0.00991102 0.899571 0.0222878 0.130248 -0.416306
-0.000224296 -0.0183999 -0.00941975 0.883402 -0.0165747 0.33264 -0.329663
-0.00118517 -0.017757 -0.00980515 0.823645 -0.0539574 0.516239 -0.228461
-0.0019338 -0.0169597 -0.0108692 0.732065 -0.0855125 0.664075 -0.125596
-0.00163285 -0.0162494 -0.0126188 0.634566 -0.110445 0.764333 -0.0303964
-0.000872519 -0.0160841 -0.0140348 0.596025 -0.139671 0.789652 0.0411945
-0.000354575 -0.0159769 -0.0155716 0.606601 -0.176302 0.769664 0.0926345
-7.27504e-05 -0.0160996 -0.0154807 0.727623 -0.253749 0.629818 0.0975097
5.5705e-05 -0.0161072 -0.0154969 0.81938 -0.321003 0.46465 0.098449
1.10959e-05 -0.0161897 -0.0157674 0.878168 -0.375344 0.280779 0.0954259
-0.000163002 -0.0161999 -0.0160599 0.901739 -0.415626 0.0816287 0.0865299
-0.000592881 -0.0159223 -0.0160487 0.883609 -0.440941 -0.141219 0.0697864
-0.00118734 -0.0157898 -0.016368 0.813576 -0.44408 -0.372273 0.0482313
-0.0014334 -0.015769 -0.0158239 0.695342 -0.421055 -0.581939 0.0238262
-0.00151401 -0.0158945 -0.015528 -0.525 0.370098 0.76643 0.00214568
-0.00110722 -0.0161152 -0.014864 -0.286275 0.280733 0.915679 0.0277653
-0.00192945 -0.0160811 -0.0153959 -0.109505 0.202169 0.972365 0.0408277
-0.001472 -0.0161129 -0.0140589 0.0727554 0.114921 0.989329 0.0522825
-0.00157691 -0.0160184 -0.0133493 0.252009 0.022941 0.965502 0.0615811
-0.00135124 -0.0160464 -0.0126509 0.407944 -0.0637525 0.908245 0.06792
-0.00052137 -0.0165127 -0.011998 0.54626 -0.14714 0.821469 0.0717875
-0.00137697 -0.0166006 -0.0129726 0.77936 -0.291054 0.552349 0.0528851
-0.00160269 -0.0169422 -0.0120508 0.897073 -0.391913 0.202485 0.0262928
-0.00256609 -0.0165496 -0.0105029 0.882775 -0.43509 -0.177183 -0.00415904
-0.00134995 -0.0174093 -0.00897312 0.739009 -0.414421 -0.530083 -0.0339292
-0.000599178 -0.0181634 -0.00925977 -0.487536 0.333374 0.804804 0.058821
-0.00117204 -0.0184335 -0.0102127 -0.168442 0.20516 0.961233 0.0747715
-0.00103551 -0.0190076 -0.0102994 0.179376 0.043823 0.979606 0.0792503
-0.00239995 -0.018973 -0.0111216 0.496367 -0.12177 0.856528 0.0718963
-0.00317879 -0.019122 -0.0111157 0.742349 -0.269973 0.610812 0.0542481
-0.00418471 -0.0189285 -0.0097323 0.881443 -0.379243 0.280027 0.0290271
-0.00401375 -0.019344 -0.00920645 0.896057 -0.434874 -0.0892909 -0.000125292
-0.00355717 -0.0199056 -0.00644284 0.785777 -0.429689 -0.443969 -0.0288983
-0.00326728 -0.0203318 -0.00565476 -0.635014 0.393826 0.663558 0.0366433
-0.00230663 -0.0210604 -0.00492839 -0.438361 0.329533 0.835179 0.0417713
-0.00175454 -0.0217956 -0.00509492 -0.182162 0.2292 0.955195 0.0434801
-0.0018525 -0.0220532 -0.00539729 0.0904555 0.108237 0.989152 0.0412762
-0.00227053 -0.0222357 -0.00564119 0.340698 -0.017462 0.93942 0.0333654
-0.00210039 -0.0224963 -0.0054351 0.577803 -0.145231 0.802844 0.0224851
-0.00324821 -0.0224743 -0.00702667 0.68764 -0.214815 0.693466 0.0103076
-0.00416895 -0.0225849 -0.00856865 0.784311 -0.283306 0.551912 -0.00195397
-0.00496204 -0.0226184 -0.00935 0.858476 -0.346548 0.377812 -0.0136857
-0.00609132 -0.022493 -0.00984526 0.900345 -0.398496 0.173277 -0.0241054
-0.00682736 -0.0223955 -0.00971305 0.897946 -0.433176 -0.0715626 -0.030615
-0.00763721 -0.0223939 -0.00870071 0.836177 -0.439911 -0.325873 -0.0334665
-0.0075533 -0.0227202 -0.00795049 0.717066 -0.416467 -0.557871 -0.0340314
-0.00717599 -0.0232203 -0.00732407 -0.542252 0.360602 0.758229 0.0321456
-0.00710929 -0.023508 -0.00740021 -0.327425 0.278101 0.902595 0.0278992
-0.00687338 -0.0239744 -0.00776111 -0.088422 0.17509 0.980348 0.0215962
-0.00722574 -0.0240425 -0.00785622 0.157102 0.059143 0.985717 0.0136963
-0.00747873 -0.0240829 -0.00758406 0.391051 -0.0611789 0.918332 0.00479367
-0.00766556 -0.0242364 -0.00745058 0.597173 -0.178177 0.782061 -0.00402723
-0.00758417 -0.0244532 -0.00694564 0.758631 -0.281859 0.587274 -0.0125372
-0.00733066 -0.0248316 -0.0065651 0.8633 -0.364444 0.348562 -0.0200529
-0.00681041 -0.0253782 -0.00671917 0.90339 -0.419807 0.0836647 -0.0259973
-0.00632993 -0.025987 -0.0068387 0.876058 -0.443881 -0.186081 -0.0295468
-0.00612008 -0.0264803 -0.00750382 0.785232 -0.435606 -0.439106 -0.0294256
-0.00641072 -0.0267484 -0.0083169 -0.642456 0.397212 0.654923 0.0232199
-0.00713026 -0.026798 -0.00901412 -0.463473 0.333543 0.820868 0.011683
-0.00790786 -0.0269212 -0.00938278 -0.265888 0.248963 0.931284 -0.00581884
-0.0088336 -0.0269263 -0.00936986 -0.0604723 0.150794 0.986409 -0.0250114
-0.00936958 -0.0270546 -0.00913637 0.127266 0.0413032 0.989859 -0.0477611
-0.0098795 -0.0271991 -0.00863436 0.304053 -0.0690989 0.947706 -0.0682011
-0.0102308 -0.0274666 -0.0081979 0.447916 -0.175427 0.872675 -0.0838922
-0.010411 -0.0279006 -0.00763213 0.564027 -0.275905 0.772651 -0.093672
-0.0104792 -0.0283168 -0.00731548 0.618145 -0.362829 0.692228 -0.084063
-0.0104656 -0.0289752 -0.00695897 0.658306 -0.44492 0.603107 -0.070419
-0.0103939 -0.0295932 -0.0067811 0.684745 -0.521364 0.506552 -0.0520961
-0.0104969 -0.0301435 -0.00659393 0.69815 -0.590489 0.403794 -0.0298249
-0.0106987 -0.0310542 -0.00642001 0.690751 -0.655804 0.304171 0.0165718
-0.0109982 -0.0319878 -0.006265 -0.667246 0.711661 -0.206021 -0.0769227
-0.0114916 -0.0328486 -0.00592449 -0.62706 0.754791 -0.110374 -0.157846
-0.0120487 -0.0335616 -0.00569819 -0.572871 0.78187 -0.0142565 -0.245613
-0.0126769 -0.0343114 -0.00500578 -0.503568 0.785168 0.0796534 -0.351558
-0.0129714 -0.0346948 -0.00439766 -0.419639 0.760019 0.170155 -0.466198
-0.0130882 -0.0349927 -0.00376362 0.323212 -0.709952 -0.25584 0.571012
-0.0129229 -0.0352029 -0.00323162 0.217012 -0.630638 -0.33462 0.665767
-0.0120802 -0.0356122 -0.00281453 0.103681 -0.530673 -0.402444 0.738702
-0.0110493 -0.0368077 -0.00289432 -0.0130164 -0.413321 -0.457084 0.787461
-0.0112176 -0.036961 -0.00288678 -0.129289 -0.282439 -0.496731 0.810417
-0.0113814 -0.0370615 -0.00288299 -0.240961 -0.14271 -0.519862 0.807061
-0.0115401 -0.0370507 -0.00270691 -0.344707 0.00167352 -0.526049 0.777467
-0.0115567 -0.0370788 -0.00259406 -0.437223 0.146106 -0.5152 0.722565
-0.0115367 -0.0369551 -0.0024312 -0.51542 0.285826 -0.487601 0.644131
-0.0114259 -0.036792 -0.0023634 -0.576936 0.416248 -0.444135 0.544688
-0.0113159 -0.0367283 -0.00231154 0.616921 -0.541393 0.393801 -0.413802
-0.0113313 -0.0366277 -0.002253 -0.634192 0.646518 -0.328966 0.267652
-0.0111317 -0.0365246 -0.00241178 -0.624719 0.732069 -0.256947 0.0882654
-0.0111254 -0.0362832 -0.0025507 -0.587312 0.784846 -0.17342 -0.0950818
-0.0111704 -0.0360335 -0.0026545 -0.526385 0.80013 -0.0718556 -0.278489
-0.0109899 -0.0357384 -0.00201684 -0.440265 0.777104 0.0331547 -0.448549
-0.0109312 -0.0355665 -0.00189814 0.332751 -0.716065 -0.137434 0.598035
-0.0109607 -0.0355289 -0.00196214 0.209655 -0.61806 -0.234182 0.720569
-0.0103734 -0.0357198 -0.00197326 0.078645 -0.487469 -0.317641 0.809504
-0.0105678 -0.035697 -0.00186413 -0.0556172 -0.330556 -0.385911 0.859497
-0.0104305 -0.0358257 -0.00185508 -0.183942 -0.146798 -0.437326 0.867967
-0.010596 -0.0354718 -0.00149821 -0.302543 0.0447395 -0.465608 0.830487
-0.0110636 -0.035802 -0.00167712 -0.405051 0.233871 -0.469211 0.749059
-0.0109955 -0.0356593 -0.00143261 -0.486129 0.410634 -0.448015 0.627999
-0.0110896 -0.0355902 -0.00119459 -0.534985 0.558498 -0.406048 0.486827
-0.0111384 -0.0356269 -0.000982946 -0.558487 0.679942 -0.346618 0.325056
-0.0110401 -0.0356495 -0.000904696 -0.554282 0.766925 -0.282552 0.157388
-0.0109559 -0.035697 -0.000858835 -0.528047 0.823173 -0.20816 -0.0159531
-0.0108558 -0.035677 -0.000886644 -0.483825 0.845322 -0.133726 -0.182945
-0.0108683 -0.0358191 -0.000858158 -0.422568 0.836253 -0.0564689 -0.344896
-0.0109809 -0.0358024 -0.00101841 0.348849 -0.791891 -0.019037 0.500856
-0.0110039 -0.0353266 -0.000934868 0.262098 -0.717878 -0.0937764 0.638097
-0.010727 -0.0346743 -0.000457084 0.164736 -0.616767 -0.166462 0.751501
-0.00973713 -0.0346028 -0.000540401 0.0612094 -0.492326 -0.232818 0.83647
-0.00882639 -0.0351699 -0.00192097 -0.0445731 -0.349639 -0.290227 0.889684
-0.00894815 -0.0351643 -0.00190758 -0.148676 -0.193774 -0.336714 0.909393
-0.00901671 -0.0351488 -0.00188441 -0.247117 -0.0305641 -0.370528 0.894826
-0.00912607 -0.0350641 -0.00179096 -0.336253 0.133787 -0.390395 0.846557
-0.00920306 -0.0350428 -0.00172262 -0.410094 0.290318 -0.396289 0.768442
-0.00907136 -0.0349531 -0.00160234 -0.467301 0.436811 -0.389862 0.662473
-0.00887041 -0.0348229 -0.00157005 -0.484541 0.564547 -0.391217 0.541731
-0.0089496 -0.0346915 -0.00155214 -0.486717 0.674673 -0.380328 0.404109
-0.00884538 -0.0346479 -0.0016449 -0.47368 0.76375 -0.357595 0.253864
-0.00877818 -0.0346007 -0.00168358 -0.445867 0.828969 -0.323841 0.0957674
-0.00871617 -0.0346016 -0.00181885 -0.40671 0.865514 -0.287259 -0.0544291
-0.00880865 -0.0347987 -0.00223547 -0.356661 0.878758 -0.243086 -0.203751
-0.00898785 -0.0347625 -0.00229305 -0.296987 0.868305 -0.192338 -0.347646
-0.00901223 -0.0345957 -0.00210643 -0.228265 0.831505 -0.133605 -0.488531
-0.00901345 -0.0344759 -0.0020798 0.151573 -0.764624 0.0667185 0.622836
-0.00900908 -0.0345571 -0.00228264 0.0699199 -0.672641 -0.00230248 0.736659
-0.00915222 -0.0344672 -0.00232645 -0.0140289 -0.558579 -0.0712548 0.826267
-0.00910152 -0.0343298 -0.00223597 -0.0975102 -0.426032 -0.137953 0.888806
-0.00897413 -0.0342357 -0.00229278 -0.183195 -0.262519 -0.21561 0.922518
-0.00908773 -0.0342096 -0.00234405 -0.261321 -0.0881829 -0.284383 0.918198
-0.00928088 -0.0341132 -0.00234818 -0.32643 0.0876424 -0.34104 0.877189
-0.00938882 -0.0339823 -0.00234021 -0.37849 0.259943 -0.384048 0.80107
-0.00943139 -0.0338223 -0.00230616 -0.40839 0.413321 -0.415004 0.700118
-0.00951451 -0.033648 -0.00227362 -0.423782 0.551941 -0.431224 0.574325
-0.0095605 -0.0335145 -0.00218299 -0.424082 0.670914 -0.432119 0.428144
-0.00955972 -0.0333803 -0.00206055 -0.409292 0.765994 -0.417793 0.266859
-0.00935647 -0.0332906 -0.00210679 -0.379979 0.833882 -0.388621 0.0961111
-0.00913579 -0.0331709 -0.00210631 -0.337226 0.872165 -0.345788 -0.0779032
-0.00896766 -0.0331492 -0.00219492 -0.284 0.879264 -0.293174 -0.245551
-0.00897521 -0.0331538 -0.00221633 -0.221295 0.856507 -0.230835 -0.405169
-0.00897991 -0.0330805 -0.00233537 0.151122 -0.804747 0.160674 0.551115
-0.00897838 -0.0329812 -0.00235905 0.076264 -0.723348 0.0848932 0.680988
-0.00904478 -0.0328573 -0.00247005 -0.00124135 -0.616751 0.00613774 0.787135
-0.00915428 -0.0328008 -0.00258372 -0.0786961 -0.48864 -0.0728361 0.865881
-0.00928429 -0.0327707 -0.00266556 -0.153302 -0.343445 -0.14925 0.914479
-0.00924352 -0.0326357 -0.00277912 -0.222572 -0.186262 -0.220481 0.931225
-0.00923232 -0.0325096 -0.00284209 -0.277405 -0.00307241 -0.295557 0.91416
-0.00916284 -0.0323965 -0.00297633 -0.320279 0.181107 -0.358648 0.857918
-0.00917417 -0.0322533 -0.00303435 -0.342123 0.380062 -0.422502 0.748335
-0.00934201 -0.0321125 -0.0030967 -0.34473 0.557682 -0.462701 0.59673
-0.00922494 -0.0319752 -0.00323816 -0.327965 0.704019 -0.476907 0.411532
-0.00917343 -0.0318775 -0.00334445 -0.292543 0.810947 -0.464603 0.202383
-0.00913577 -0.0316823 -0.00338609 -0.240562 0.871977 -0.425979 -0.018264
-0.00909149 -0.0315844 -0.00348007 -0.174656 0.883109 -0.363315 -0.240091
-0.00905965 -0.0314628 -0.00367669 -0.0968781 0.835141 -0.274974 -0.466421
-0.00898702 -0.0313846 -0.00389112 0.0126008 -0.730875 0.168108 0.661362
-0.00902867 -0.0312896 -0.0040899 -0.0720796 -0.573622 0.0485715 0.814497
-0.00910543 -0.0312903 -0.00443487 -0.151743 -0.376407 -0.0743519 0.910924
-0.00930024 -0.0311265 -0.00462269 -0.220827 -0.152985 -0.192091 0.943894
-0.00954144 -0.0310053 -0.00477548 -0.274524 0.0810581 -0.296447 0.91116
-0.00973569 -0.0307195 -0.00467568 -0.307947 0.302244 -0.377392 0.81939
-0.00979937 -0.0305429 -0.00477311 -0.321371 0.503784 -0.433809 0.674358
-0.00983285 -0.0302103 -0.00457114 -0.312228 0.651362 -0.459564 0.516772
-0.00967906 -0.0299865 -0.00472214 -0.288354 0.768104 -0.463532 0.334716
-0.00936064 -0.0297529 -0.00477467 -0.250796 0.848455 -0.445547 0.136816
-0.00896091 -0.0295025 -0.00502639 -0.201554 0.888672 -0.406454 -0.0668041
-0.00870407 -0.0293176 -0.00527326 -0.142834 0.887089 -0.348203 -0.267267
-0.00839305 -0.0291594 -0.0055741 -0.0774622 0.843849 -0.273672 -0.45502
-0.00848762 -0.0288872 -0.00599989 0.00845542 -0.76096 0.186248 0.621432
-0.00828031 -0.0288757 -0.00629363 -0.0609675 -0.642343 0.0900967 0.758663
-0.00864127 -0.0285561 -0.00652388 -0.127522 -0.493567 -0.0102958 0.860247
-0.00854765 -0.0285361 -0.00701617 -0.188093 -0.321601 -0.110213 0.921449
-0.00861434 -0.0284285 -0.00723189 -0.239816 -0.134538 -0.204945 0.939356
-0.00870933 -0.0278391 -0.00738716 -0.280292 0.0588401 -0.290062 0.913162
-0.00897781 -0.0280873 -0.00775572 -0.307581 0.249453 -0.36155 0.844071
-0.00899732 -0.0277731 -0.00807576 -0.320452 0.428352 -0.416064 0.735353
-0.00895988 -0.0275787 -0.00835997 -0.319809 0.600595 -0.456268 0.573444
-0.0090314 -0.0273336 -0.00866833 -0.300953 0.738345 -0.470079 0.378587
-0.00913334 -0.0269203 -0.00924077 -0.266178 0.835381 -0.453514 0.160057
-0.009285 -0.0256497 -0.00946593 -0.215808 0.883438 -0.410355 -0.0678414
-0.00923641 -0.0248833 -0.00991421 -0.147974 0.884 -0.317877 -0.309204
-0.00791133 -0.0244142 -0.00953664 0.0699795 -0.821845 0.203342 0.527541
-0.00768814 -0.024529 -0.0103055 -0.0129775 -0.701621 0.0744443 0.708532
-0.00794542 -0.0246061 -0.0111482 -0.0934714 -0.536756 -0.0572877 0.836593
-0.00844515 -0.0245734 -0.011713 -0.158721 -0.361681 -0.166478 0.903484
-0.00909793 -0.0242613 -0.0121026 -0.215751 -0.173255 -0.264594 0.923823
-0.00969533 -0.0237684 -0.0122224 -0.264311 0.0104609 -0.344371 0.900802
-0.0100099 -0.0231747 -0.0122117 -0.3017 0.191993 -0.408655 0.83973
-0.0102527 -0.0225296 -0.0120749 -0.336353 0.333701 -0.440237 0.762699
-0.0102159 -0.0219097 -0.0119296 -0.36344 0.462612 -0.457465 0.666827
-0.00999662 -0.0212969 -0.0118944 -0.393858 0.559589 -0.447901 0.575441
-0.0100186 -0.0207163 -0.0118356 -0.41972 0.642514 -0.426046 0.479083
-0.00997679 -0.0203478 -0.0119671 -0.454331 0.703857 -0.374796 0.397118
-0.00992295 -0.0200327 -0.0119708 -0.48593 0.752143 -0.313856 0.315714
-0.00978225 -0.019473 -0.0119273 -0.517049 0.785006 -0.238281 0.244244
-0.00986849 -0.0191253 -0.011847 -0.541941 0.807401 -0.158513 0.171191
-0.00998672 -0.018844 -0.0115197 -0.561719 0.817133 -0.0494843 0.119684
-0.00984045 -0.0185836 -0.0109778 -0.573085 0.814593 0.060284 0.0663998
-0.00969087 -0.018504 -0.0108953 -0.575821 0.799801 0.169141 0.0121425
-0.00955028 -0.0183552 -0.0108575 -0.569995 0.772847 0.276093 -0.0402647
-0.00947037 -0.0182227 -0.0108652 -0.552563 0.734466 0.385522 -0.0813157
-0.00934628 -0.0180904 -0.0106021 -0.526623 0.684748 0.489045 -0.121108
-0.00951894 -0.0179011 -0.010657 -0.492527 0.624457 0.584967 -0.159027
-0.00952242 -0.0176765 -0.0104472 -0.449015 0.553814 0.673965 -0.193593
-0.00953568 -0.0176208 -0.010348 -0.384372 0.473469 0.762351 -0.216579
-0.00960537 -0.0175426 -0.0103631 -0.312408 0.384216 0.836295 -0.235406
-0.00959748 -0.0176591 -0.0103623 -0.234515 0.287638 0.894365 -0.249765
-0.00938157 -0.017769 -0.010471 -0.152167 0.18563 0.935481 -0.259396
-0.00937703 -0.01778 -0.0104256 -0.0669185 0.0800863 0.958836 -0.264095
-0.00933516 -0.0177558 -0.0103129 0.020051 -0.0268003 0.96403 -0.263722
-0.0093101 -0.0177554 -0.0103051 0.106717 -0.133149 0.95087 -0.258328
-0.00921304 -0.0176305 -0.0104852 0.191384 -0.23691 0.919649 -0.248021
-0.0091138 -0.0176234 -0.0104922 0.276673 -0.333579 0.870306 -0.233984
-0.00912326 -0.0173162 -0.0108699 0.356653 -0.423848 0.804213 -0.215448
-0.00903574 -0.0173189 -0.0108989 0.429792 -0.505913 0.722608 -0.192792
-0.00914304 -0.0171416 -0.0108369 0.494456 -0.577752 0.627748 -0.166355
-0.00928129 -0.0168691 -0.0108558 -0.549723 0.638551 -0.52093 0.136754
-0.00918439 -0.0168775 -0.0107786 -0.594518 0.687199 -0.404241 0.104574
-0.00912454 -0.0168164 -0.010679 -0.628024 0.722671 -0.279935 0.0705669
-0.00914003 -0.0166105 -0.0106483 -0.649636 0.744431 -0.150295 0.0352507
-0.0089732 -0.0165653 -0.0105906 -0.658889 0.752035 -0.0178194 -0.000723402
-0.00885374 -0.0165184 -0.0105453 -0.655679 0.745364 0.114955 -0.0366013
-0.0086982 -0.0165208 -0.0105038 -0.644683 0.724494 0.234556 -0.0669636
-0.00863521 -0.0165515 -0.0105982 -0.623577 0.69221 0.350405 -0.0962007
-0.00854733 -0.0166389 -0.0106284 -0.595782 0.658011 0.448451 -0.104709
-0.00854651 -0.0168836 -0.0109039 -0.561153 0.616166 0.541255 -0.112004
-0.00863806 -0.0170106 -0.0110647 -0.529796 0.571702 0.615845 -0.114901
-0.00867144 -0.0171418 -0.0112108 -0.494099 0.522544 0.685002 -0.11667
-0.00870175 -0.0172511 -0.0114169 -0.454318 0.468998 0.748233 -0.1174
-0.00885537 -0.0173736 -0.0116149 -0.411195 0.411618 0.804858 -0.117115
-0.00900404 -0.0175002 -0.0118276 -0.373357 0.353947 0.849797 -0.114774
-0.00921496 -0.0175612 -0.0119958 -0.33604 0.294999 0.887505 -0.111397
-0.00942931 -0.017622 -0.0120621 -0.3061 0.239534 0.915416 -0.104608
-0.00958605 -0.0176665 -0.0122443 -0.27485 0.183023 0.938893 -0.097266
-0.00984299 -0.0177067 -0.0122876 -0.250457 0.13055 0.955361 -0.0866947
-0.00996094 -0.0177338 -0.0124288 -0.225136 0.077612 0.96828 -0.0757952
-0.0100457 -0.0178121 -0.0125075 -0.222761 0.0296705 0.972781 -0.0565476
-0.0101082 -0.0179417 -0.0124972 -0.219782 -0.0183472 0.97468 -0.0371487
-0.0102699 -0.0181474 -0.0125435 -0.219537 -0.0680929 0.973078 -0.0170178
-0.0103561 -0.0185369 -0.0126058 -0.219338 -0.118473 0.968435 0.00317281
-0.0105767 -0.0187304 -0.0130174 -0.21948 -0.169097 0.960565 0.0235229
-0.0103403 -0.0188064 -0.0130227 -0.218939 -0.219211 0.949799 0.0437962
-0.0102742 -0.0189614 -0.0131986 -0.217727 -0.268649 0.93613 0.0639313
-0.0101608 -0.0192829 -0.0131479 -0.214598 -0.318021 0.919733 0.0832234
-0.00993794 -0.0193867 -0.0133075 -0.201989 -0.368269 0.902356 0.0966332
-0.00994019 -0.0196106 -0.0133879 -0.188711 -0.417386 0.882138 0.109718
-0.00982693 -0.0198017 -0.0135206 -0.155496 -0.47782 0.858612 0.101485
-0.00976491 -0.0199504 -0.0136116 -0.121424 -0.535734 0.830475 0.0926852
-0.00958764 -0.0200452 -0.0138033 -0.0764925 -0.59609 0.796227 0.0696666
-0.0095197 -0.0200747 -0.0139737 -0.0309895 -0.652117 0.756107 0.0461205
-0.00943074 -0.0201774 -0.0141988 -0.0221878 0.70779 -0.706018 -0.00927283
-0.00940171 -0.0203086 -0.0143747 -0.0751813 0.756589 -0.648993 0.0277553
-0.00924192 -0.0201525 -0.0147359 -0.131709 0.801429 -0.57864 0.0744632
-0.00925251 -0.0201692 -0.0150542 -0.186613 0.836438 -0.501104 0.120302
-0.00930621 -0.0201062 -0.0152826 -0.239555 0.865847 -0.404551 0.171072
-0.00929661 -0.0200084 -0.015798 -0.288976 0.882322 -0.300084 0.219034
-0.00949293 -0.0194674 -0.0161925 -0.333818 0.884735 -0.190721 0.263516
-0.010799 -0.0191804 -0.015939 -0.373344 0.873051 -0.0783263 0.303783
-0.0116429 -0.0190572 -0.0158157 -0.411475 0.851312 0.0371091 0.323394
-0.0118866 -0.0190466 -0.0156982 -0.443194 0.816275 0.151968 0.337945
-0.0124264 -0.0189485 -0.0155241 -0.467966 0.76846 0.264452 0.3472
-0.0123814 -0.0192191 -0.0156383 -0.485456 0.708636 0.372813 0.35102
-0.0127098 -0.0188014 -0.015432 -0.495312 0.637714 0.475334 0.349359
-0.0130132 -0.0186234 -0.0151469 -0.497638 0.550325 0.575979 0.34318
-0.0132227 -0.0188545 -0.0148874 -0.482851 0.433261 0.682812 0.336017
-0.013368 -0.0189078 -0.0146555 -0.453849 0.303328 0.773837 0.32126
-0.0133909 -0.019153 -0.0144509 -0.386243 0.137023 0.860383 0.302961
-0.0135181 -0.0193595 -0.0141507 -0.29677 -0.0421513 0.914269 0.272551
-0.013579 -0.0195118 -0.014007 -0.17604 -0.238638 0.927543 0.227443
-0.0134969 -0.0196039 -0.0141509 -0.0415657 -0.424575 0.888582 0.168698
-0.0136226 -0.0193729 -0.0143157 0.0953413 -0.586044 0.798388 0.100214
-0.0138565 -0.0195948 -0.0142137 -0.226774 0.713746 -0.662202 -0.0259683
-0.0138887 -0.0201897 -0.0140707 -0.345107 0.800303 -0.487799 0.0497637
-0.014742 -0.020052 -0.0130733 -0.443102 0.84058 -0.286655 0.122242
-0.0147541 -0.0209699 -0.0135072 -0.515639 0.83318 -0.0696473 0.187305
-0.0148975 -0.0215173 -0.0117034 -0.558995 0.7786 0.151301 0.241759
-0.0147864 -0.0218777 -0.0126717 -0.570657 0.679919 0.363659 0.282521
-0.0147287 -0.02198 -0.0135488 0.552553 -0.548057 -0.547855 -0.306919
-0.0148786 -0.0217075 -0.0141445 -0.521392 0.411628 0.676826 0.317207
-0.0151811 -0.0213309 -0.0147771 -0.475654 0.266031 0.776248 0.316918
-0.0155027 -0.0210415 -0.0151409 -0.43361 0.135434 0.834786 0.311088
-0.0159947 -0.0206996 -0.0152985 -0.382477 0.00264275 0.874302 0.298865
-0.0165773 -0.020428 -0.0153623 -0.353761 -0.118714 0.884769 0.279192
-0.0170222 -0.0203313 -0.0154484 -0.319245 -0.238209 0.881086 0.255049
-0.0173486 -0.0203714 -0.0154796 -0.279468 -0.353903 0.863268 0.226768
-0.0177117 -0.0204596 -0.0155088 -0.234866 -0.464411 0.831491 0.194463
-0.0179781 -0.02059 -0.01549 -0.18351 -0.568367 0.786474 0.157316
-0.0181748 -0.0207408 -0.0155084 -0.125393 -0.663811 0.728427 0.114334
-0.0183944 -0.0208979 -0.0154851 0.0552401 0.757174 -0.648705 -0.0531324
-0.0185799 -0.0209097 -0.0154647 -0.0162158 0.832581 -0.553618 0.00933216
-0.0186068 -0.0213023 -0.0155543 -0.0873056 0.888224 -0.445325 0.0715979
-0.0186463 -0.0213286 -0.0155777 -0.15632 0.922784 -0.32648 0.132172
-0.0186742 -0.0212502 -0.015561 -0.22404 0.93394 -0.197806 0.19606
-0.0186368 -0.0213367 -0.0157228 -0.286089 0.921438 -0.0641177 0.254983
-0.0187492 -0.0213854 -0.0157068 -0.340876 0.885553 0.0712377 0.307455
-0.0188241 -0.0215111 -0.0155956 -0.387025 0.827133 0.204871 0.352303
-0.0188364 -0.0216427 -0.0156841 -0.423311 0.747682 0.333288 0.388206
-0.0188786 -0.0217286 -0.0159558 -0.449216 0.650188 0.452664 0.413038
-0.0188393 -0.0219638 -0.0162177 -0.464617 0.54442 0.551644 0.428281
-0.0188057 -0.0220405 -0.0165312 -0.471976 0.431491 0.635481 0.432712
-0.0187224 -0.0217739 -0.0168858 -0.470851 0.311304 0.705946 0.427821
-0.0186806 -0.0218045 -0.0176211 -0.462649 0.187486 0.761721 0.413042
-0.0186835 -0.0214209 -0.0183737 -0.46798 0.0827901 0.795469 0.375996
-0.018909 -0.02092 -0.0187739 -0.475372 -0.0118305 0.816038 0.328606
-0.0190962 -0.0204324 -0.0195069 -0.481535 -0.102724 0.825712 0.275273
-0.0192878 -0.0199974 -0.0199049 -0.48417 -0.190419 0.825712 0.218035
-0.019379 -0.0197039 -0.0201198 -0.481507 -0.275997 0.816633 0.158407
-0.0196053 -0.0193431 -0.020558 -0.481763 -0.353836 0.795921 0.0961079
-0.0198156 -0.0191443 -0.0207391 -0.477536 -0.427598 0.766842 0.0328469
-0.0199867 -0.0188365 -0.0211136 -0.46954 -0.496471 0.729475 -0.0307233
-0.0202729 -0.0184879 -0.02152 -0.481237 -0.545711 0.680706 -0.0852066
-0.0207479 -0.0183972 -0.021921 -0.499081 -0.58856 0.620919 -0.137889
-0.0203676 -0.0175406 -0.0223488 0.512685 0.626352 -0.555857 0.189376
-0.0204836 -0.0171867 -0.0226099 0.524132 0.658162 -0.485162 0.238256
-0.0205585 -0.016662 -0.0230999 0.551624 0.679825 -0.397637 0.274657
-0.0206268 -0.0161837 -0.0235181 0.57905 0.693556 -0.301439 0.304706
-0.0206443 -0.0157282 -0.0237391 0.60408 0.698896 -0.197404 0.328129
-0.0206284 -0.0153238 -0.0239264 0.625147 0.694964 -0.0879193 0.344259
-0.0206598 -0.0151609 -0.0238908 0.638273 0.682182 0.0226832 0.35599
-0.0206534 -0.0148405 -0.0238104 0.643477 0.660697 0.133264 0.362891
-0.0206881 -0.0147425 -0.0237331 0.647278 0.62855 0.257968 0.345569
-0.0207136 -0.0141918 -0.0234768 0.640439 0.584415 0.385832 0.315377
-0.0207663 -0.0139714 -0.0232779 0.619536 0.523974 0.527705 0.251318
-0.020989 -0.0139768 -0.0227578 0.580373 0.448008 0.655945 0.179491
-0.0213737 -0.0140361 -0.0221827 0.512153 0.352274 0.778785 0.0842884
-0.0216821 -0.0143924 -0.0219259 0.420709 0.23984 0.874786 -0.0158612
-0.0218855 -0.0147626 -0.021881 0.312276 0.117649 0.935593 -0.11538
-0.0220296 -0.0152015 -0.0220112 0.190207 -0.0106883 0.95886 -0.210516
-0.0220948 -0.0155111 -0.0223291 0.0416057 -0.150584 0.940309 -0.302352
-0.0220152 -0.0156731 -0.0226985 -0.112431 -0.285445 0.872947 -0.379304
-0.0217818 -0.0155393 -0.0228466 -0.260593 -0.405359 0.759845 -0.436372
-0.0214857 -0.015379 -0.0227913 -0.395409 -0.504591 0.606401 -0.470491
-0.0213253 -0.015287 -0.0223666 0.506784 0.576623 -0.423356 0.481089
-0.0212117 -0.0152995 -0.0220921 0.592231 0.619182 -0.218553 0.467045
-0.0212369 -0.0156151 -0.0216866 0.634342 0.637485 0.00604436 0.437258
-0.0211703 -0.0156818 -0.0213653 0.641855 0.622098 0.231939 0.38375
-0.0213764 -0.0159469 -0.0210383 0.615317 0.571771 0.431019 0.329691
-0.0215897 -0.0162757 -0.0207298 0.558982 0.495137 0.612734 0.258777
-0.0216404 -0.0167288 -0.0207172 0.458039 0.388413 0.78006 0.175644
-0.0215456 -0.0170828 -0.0209342 0.33224 0.26025 0.902802 0.0828103
-0.0213548 -0.0173254 -0.021176 0.190468 0.119752 0.974256 -0.0145093
-0.021105 -0.0173201 -0.0213731 0.039578 -0.0245425 0.99272 -0.111179
-0.020864 -0.0174106 -0.0212886 -0.113441 -0.16753 0.95828 -0.201916
-0.0208759 -0.0176463 -0.0211736 -0.261563 -0.302095 0.872455 -0.281375
-0.0206854 -0.0174946 -0.0214164 -0.417798 -0.432242 0.727512 -0.330678
-0.0205393 -0.0175299 -0.0213123 0.550317 0.53842 -0.531449 0.353353
-0.0204719 -0.0175475 -0.0210078 0.64646 0.618482 -0.286555 0.342734
-0.0202555 -0.017516 -0.0206637 0.692751 0.652871 -0.0179494 0.3059
-0.0203422 -0.0178828 -0.0202534 0.671108 0.644798 0.275871 0.240329
-0.0203143 -0.0184534 -0.0201509 0.586462 0.577608 0.546104 0.155628
-0.0203818 -0.019105 -0.0203478 0.443413 0.455877 0.769554 0.0579296
-0.0200529 -0.0194497 -0.0207241 0.257067 0.289326 0.921033 -0.0439145
-0.0196652 -0.0196546 -0.0211304 0.0415608 0.0819063 0.986586 -0.134966
-0.0191553 -0.0193699 -0.0212227 -0.178191 -0.133868 0.951473 -0.212248
-0.0189054 -0.0189997 -0.0210436 -0.402919 -0.333939 0.811641 -0.259591
-0.0186847 -0.0189785 -0.0206706 0.582397 0.496543 -0.580614 0.277801
-0.0185414 -0.0189011 -0.0202604 0.696756 0.606632 -0.279019 0.26208
-0.0186833 -0.0191085 -0.0195783 0.730014 0.646132 0.0550619 0.215865
-0.0193202 -0.0197921 -0.0191434 0.693426 0.608051 0.353305 0.15691
-0.0193302 -0.0204672 -0.0193596 0.59082 0.512101 0.617911 0.0830505
-0.0191493 -0.0209135 -0.0200882 0.432032 0.367403 0.823632 0.00129718
-0.01878 -0.0211079 -0.0209254 0.238724 0.191161 0.948765 -0.0795985
-0.0181874 -0.0211896 -0.0215425 0.0238114 -0.00240457 0.987898 -0.153263
-0.0174826 -0.0206155 -0.0215277 -0.19322 -0.19571 0.93755 -0.213046
-0.0171493 -0.0204159 -0.0211872 -0.39272 -0.371203 0.802321 -0.253512
-0.0171368 -0.0204337 -0.0206975 -0.556487 -0.512604 0.595124 -0.270961
-0.0172867 -0.0206105 -0.0200203 0.66463 0.602193 -0.351966 0.267878
-0.0174864 -0.0209516 -0.0197318 0.72034 0.644289 -0.0815716 0.243691
-0.0177015 -0.0213891 -0.0195837 0.722416 0.636475 0.178415 0.202961
-0.0179579 -0.0218389 -0.0195614 0.679169 0.586371 0.414885 0.150981
-0.0180686 -0.0222093 -0.0198283 0.596736 0.501307 0.619939 0.0910273
-0.0181237 -0.0225276 -0.0202818 0.482195 0.388383 0.784824 0.026846
-0.0178399 -0.0225029 -0.0207654 0.343329 0.254962 0.903169 -0.0375671
-0.0176306 -0.0224471 -0.0212098 0.186398 0.108194 0.971404 -0.0997307
-0.0172782 -0.0221532 -0.0213708 0.0193583 -0.0444033 0.986503 -0.156427
-0.0170303 -0.0219425 -0.0212673 -0.148719 -0.194564 0.947733 -0.204581
-0.0166935 -0.0216522 -0.021134 -0.305858 -0.332677 0.858802 -0.241333
-0.0164039 -0.0214617 -0.0204173 -0.439935 -0.450973 0.729726 -0.265723
-0.0160482 -0.0211404 -0.0200496 -0.552361 -0.547053 0.564729 -0.276996
-0.0160261 -0.0211673 -0.0192875 0.634314 0.615782 -0.377077 0.276241
-0.0160661 -0.0215511 -0.0182719 0.670063 0.657005 -0.2061 0.277297
-0.0162728 -0.0225405 -0.0180837 0.678633 0.678823 -0.0371618 0.278041
-0.0166438 -0.0232321 -0.017254 0.667298 0.681075 0.131848 0.271067
-0.0169153 -0.0243087 -0.0166569 0.636581 0.664457 0.294249 0.258299
-0.0169514 -0.025749 -0.0166494 0.589025 0.631158 0.440231 0.246777
-0.0169331 -0.026753 -0.0167729 0.530417 0.584912 0.564138 0.241546
-0.0172659 -0.0282035 -0.0167983 0.466364 0.530412 0.665554 0.241282
-0.0170873 -0.0289045 -0.0170961 0.394716 0.46694 0.754873 0.237407
-0.0169269 -0.029491 -0.0173457 0.333504 0.399359 0.81665 0.249754
-0.0168331 -0.0299649 -0.017556 0.273821 0.326964 0.864781 0.265135
-0.0167055 -0.0302993 -0.017913 0.215406 0.253723 0.900409 0.280168
-0.0164884 -0.0307919 -0.0183338 0.160833 0.178137 0.924618 0.295812
-0.0164171 -0.0311968 -0.0187091 0.14145 0.0933862 0.928968 0.32908
-0.0161909 -0.0314189 -0.0189781 0.129286 0.0062104 0.922556 0.363539
-0.0160017 -0.0317858 -0.0196898 0.115999 -0.0810233 0.90784 0.39473
-0.0157936 -0.0319121 -0.019726 0.101703 -0.167533 0.884982 0.422401
-0.0157332 -0.0319334 -0.0198491 0.10467 -0.253283 0.85167 0.446716
-0.0157776 -0.0317932 -0.0202256 0.106689 -0.336755 0.81065 0.467005
-0.0158553 -0.0315485 -0.0202355 0.107746 -0.417131 0.762285 0.483032
-0.0159757 -0.0313856 -0.0201299 0.100756 -0.48566 0.713236 0.4953
-0.0161028 -0.031297 -0.0201547 0.0729893 -0.535765 0.67065 0.507809
-0.0162015 -0.0312337 -0.0200997 0.0447034 -0.582936 0.624649 0.517709
-0.016303 -0.0311356 -0.020087 -0.00417753 -0.608411 0.586583 0.534554
-0.0163413 -0.0310024 -0.0201269 -0.0530771 -0.630868 0.545829 0.548882
-0.0164709 -0.0308805 -0.0201157 -0.119914 -0.637675 0.504021 0.570051
-0.0162661 -0.030523 -0.0202119 -0.185997 -0.64016 0.458847 0.587427
-0.0163887 -0.0304705 -0.0201567 -0.250798 -0.638352 0.410601 0.600845
-0.0162153 -0.0302063 -0.0201817 -0.313961 -0.632236 0.359585 0.610259
-0.0161773 -0.0300046 -0.0201713 -0.391072 -0.596107 0.300916 0.633378
-0.0162527 -0.0298685 -0.0202079 -0.463889 -0.5532 0.238799 0.649441
-0.0161878 -0.0297595 -0.0201615 -0.531434 -0.50404 0.174031 0.658205
-0.0156814 -0.0295008 -0.0200983 -0.593059 -0.449177 0.107253 0.659583
-0.0154282 -0.0293833 -0.0201028 -0.647945 -0.389181 0.0392659 0.653576
-0.0149867 -0.0292432 -0.020072 -0.69702 -0.315098 -0.0365029 0.64311
-0.014726 -0.0292543 -0.0200998 -0.736446 -0.236667 -0.111748 0.623817
-0.0144965 -0.0292267 -0.0202212 -0.765814 -0.154773 -0.185733 0.595939
-0.014393 -0.0293286 -0.0203871 -0.776432 -0.0339833 -0.29032 0.558316
-0.0142337 -0.0297182 -0.020508 -0.765698 0.089767 -0.389381 0.504106
-0.0142766 -0.0299163 -0.0207123 0.728085 -0.222052 0.489141 -0.42583
-0.0143907 -0.0301321 -0.0209775 0.664815 -0.347074 0.572284 -0.331774
-0.014765 -0.0301079 -0.021253 0.578048 -0.459738 0.635153 -0.226002
-0.0148454 -0.0302034 -0.0214031 0.47076 -0.556229 0.675615 -0.112102
-0.0151737 -0.030147 -0.021911 0.346786 -0.632983 0.692126 0.00578145
-0.0150326 -0.0300698 -0.0221588 -0.210542 0.687325 -0.68415 -0.123487
-0.0151078 -0.0299437 -0.0225225 -0.0618668 0.718531 -0.648516 -0.243553
-0.015104 -0.0296961 -0.0228005 0.0892447 0.721896 -0.587732 -0.354278
-0.0149452 -0.0297551 -0.023177 0.243938 0.698891 -0.490651 -0.459686
-0.0146632 -0.0297418 -0.0234274 -0.387641 -0.644437 0.371532 0.54444
-0.0145412 -0.0298867 -0.0238399 -0.522185 -0.557639 0.218275 0.607219
-0.0143682 -0.030198 -0.0241226 -0.629071 -0.441233 0.0533751 0.637787
-0.0144157 -0.0306272 -0.0244154 -0.70951 -0.291698 -0.145695 0.624723
-0.0146535 -0.0311128 -0.0247226 -0.743073 -0.128383 -0.332751 0.566309
-0.0150595 -0.0309459 -0.0251625 0.727364 -0.0434435 0.497748 -0.470432
-0.0154224 -0.0312062 -0.0252287 0.663563 -0.212378 0.629809 -0.343423
-0.0155199 -0.0309049 -0.0254422 0.555812 -0.367231 0.720205 -0.193691
-0.0154669 -0.0305132 -0.0257952 0.411727 -0.497488 0.762905 -0.0314434
-0.015253 -0.0304861 -0.0260793 0.234608 -0.596325 0.754794 0.140154
-0.0151575 -0.0303725 -0.0264951 0.0403347 -0.653878 0.692076 0.303148
-0.0145024 -0.0305456 -0.0268642 0.145997 0.665116 -0.586408 -0.438676
-0.0142987 -0.0309952 -0.0272708 -0.322887 -0.633614 0.442946 0.545976
-0.0143588 -0.0313657 -0.0275789 -0.479011 -0.561371 0.270845 0.618104
-0.0142965 -0.0319368 -0.0281706 -0.60432 -0.453132 0.0812144 0.650313
-0.0146659 -0.0322531 -0.0285563 -0.690652 -0.315712 -0.113618 0.640637
-0.0149501 -0.0323919 -0.0290871 -0.732603 -0.15799 -0.301201 0.589638
-0.0152939 -0.0326012 -0.0297507 0.728001 -0.00956494 0.469687 -0.499322
-0.0155771 -0.0322533 -0.0304208 0.676416 -0.176459 0.6078 -0.376728
-0.0155356 -0.0317978 -0.0310846 0.581866 -0.331661 0.706625 -0.228279
-0.0158261 -0.031585 -0.0317125 0.449632 -0.465406 0.759623 -0.0650024
-0.0155344 -0.031385 -0.0323922 0.290015 -0.570535 0.761217 0.104552
-0.0151363 -0.0312688 -0.0329371 0.111561 -0.638498 0.713061 0.26733
-0.0146 -0.0316079 -0.0333833 0.0740953 0.664756 -0.618359 -0.412611
-0.0143932 -0.0318579 -0.0338493 -0.254891 -0.647692 0.483296 0.530998
-0.0140696 -0.0320818 -0.0343098 -0.418854 -0.599921 0.303787 0.610221
-0.0139533 -0.0326414 -0.0346518 -0.554499 -0.511563 0.103702 0.648157
-0.0142206 -0.0329006 -0.035077 -0.652578 -0.388597 -0.103396 0.642215
-0.0145036 -0.0332007 -0.0352618 -0.706475 -0.239308 -0.303513 0.592926
-0.0147579 -0.0332138 -0.0358825 -0.712504 -0.073832 -0.483062 0.503526
-0.015046 -0.0331704 -0.0364817 0.671217 -0.0959012 0.629689 -0.379185
-0.0152667 -0.0330114 -0.0370099 0.584727 -0.259127 0.733797 -0.229101
-0.0151171 -0.0327318 -0.0373698 0.45879 -0.4049 0.788384 -0.0635563
-0.0147969 -0.0325316 -0.0377589 0.301916 -0.523304 0.789752 0.106274
-0.014383 -0.0324342 -0.0379824 0.124687 -0.606387 0.73788 0.268934
-0.013922 -0.0324386 -0.0382149 0.0575281 0.647059 -0.639519 -0.41113
-0.0135832 -0.0329542 -0.0385522 -0.235915 -0.645872 0.499794 0.526695
-0.0135873 -0.0335059 -0.0389087 -0.399015 -0.602924 0.327747 0.608156
-0.0136508 -0.0340727 -0.0392737 -0.534378 -0.523643 0.137362 0.64915
-0.014059 -0.0344459 -0.0396309 -0.6334 -0.421757 -0.0524318 0.646663
-0.0145866 -0.0345926 -0.0402448 -0.696457 -0.301497 -0.234324 0.60761
-0.0148358 -0.0346205 -0.0408617 -0.732111 -0.187311 -0.385264 0.52962
-0.0150586 -0.0345496 -0.0415871 0.738824 0.0700127 0.515313 -0.42862
-0.0152566 -0.0344219 -0.0423779 0.728203 -0.0391196 0.609448 -0.311074
-0.0152864 -0.034258 -0.0432222 0.702533 -0.141941 0.672593 -0.184194
-0.0150739 -0.0343228 -0.0438942 0.66372 -0.237595 0.707278 -0.05272
-0.0150312 -0.0344338 -0.0448204 0.612478 -0.325801 0.715925 0.0786526
-0.0149369 -0.0345991 -0.0455039 0.553938 -0.406929 0.696894 0.204691
-0.0148351 -0.0346169 -0.0465581 0.493473 -0.482019 0.649937 0.318989
-0.0148362 -0.0346343 -0.0473151 0.434415 -0.552228 0.576346 0.417319
-0.0148734 -0.0345723 -0.0480984 0.370401 -0.612954 0.485304 0.501592
-0.0147748 -0.0342041 -0.0490702 0.300728 -0.661219 0.382222 0.571197
-0.0146711 -0.0341067 -0.049586 0.224287 -0.694528 0.270516 0.627816
-0.0145954 -0.0338991 -0.0502453 0.147848 -0.725857 0.146794 0.655535
-0.0144785 -0.033583 -0.0509658 0.0680246 -0.740541 0.0197239 0.668267
-0.0141692 -0.0333222 -0.0513135 -0.0133924 -0.738323 -0.107855 0.665631
-0.0109188 -0.0339873 -0.0509875 -0.094135 -0.718946 -0.232413 0.648258
-0.0108304 -0.0341356 -0.0514525 -0.172748 -0.683264 -0.351669 0.616141
-0.0107579 -0.0341263 -0.0520456 -0.247427 -0.632068 -0.462959 0.570041
-0.0106362 -0.034042 -0.0525795 0.323171 0.575392 0.561203 -0.499539
-0.0105738 -0.0339666 -0.0531742 0.393277 0.507987 0.64455 -0.414585
-0.0104663 -0.0337165 -0.0536085 0.454054 0.428582 0.712657 -0.319814
-0.0103047 -0.033789 -0.0540994 0.504114 0.339095 0.763931 -0.217519
-0.0104319 -0.0339435 -0.054558 0.542305 0.241627 0.797124 -0.110088
-0.0104906 -0.0342623 -0.0549972 0.567688 0.13847 0.811523 -7.45312e-05
-0.0103039 -0.0344073 -0.0554944 0.581004 0.0323647 0.805783 0.110009
-0.0104885 -0.0345558 -0.0559128 0.580615 -0.0744973 0.781052 0.217502
-0.0104166 -0.034524 -0.0561582 0.566566 -0.179607 0.737865 0.319845
-0.0103572 -0.0343085 -0.0562993 0.539164 -0.280461 0.677292 0.414658
-0.0104933 -0.0342687 -0.0565816 0.499065 -0.374701 0.600734 0.499651
-0.0102348 -0.0342435 -0.0566845 0.447226 -0.460085 0.510041 0.572896
-0.0100436 -0.0342354 -0.0567965 0.389037 -0.530439 0.41397 0.629223
-0.00989019 -0.0342452 -0.0569781 0.323076 -0.589815 0.309564 0.672257
-0.00982943 -0.0343345 -0.0571436 0.260756 -0.641555 0.204185 0.6919
-0.00984383 -0.0344456 -0.0573625 0.194415 -0.682171 0.0952966 0.698406
-0.00980762 -0.034535 -0.0574598 0.124738 -0.710568 -0.0151632 0.692318
-0.00977158 -0.0345504 -0.0576838 0.0528677 -0.726251 -0.125315 0.67384
-0.00966933 -0.0346153 -0.0576958 -0.0199505 -0.728966 -0.233216 0.643286
-0.00958111 -0.0347157 -0.0579064 -0.0923613 -0.718698 -0.336895 0.6012
-0.00918644 -0.0352769 -0.0577973 -0.163135 -0.695612 -0.434526 0.548351
-0.00925711 -0.0354119 -0.0578802 0.23097 0.660104 0.524439 -0.485701
-0.00933372 -0.0354005 -0.0578895 0.294651 0.612776 0.604946 -0.414407
-0.00942001 -0.0354837 -0.0578901 0.353102 0.554537 0.674643 -0.335719
-0.00959822 -0.0354949 -0.0579654 0.40521 0.486417 0.732253 -0.251031
-0.00966153 -0.0355584 -0.0580158 0.45009 0.409654 0.7768 -0.161896
-0.00975242 -0.0355097 -0.058003 0.486951 0.325563 0.807474 -0.0698454
-0.00991226 -0.0353775 -0.0578746 0.515115 0.235687 0.823758 0.0234275
-0.00980088 -0.0351607 -0.0577093 0.534101 0.141596 0.825328 0.116291
-0.010305 -0.0349754 -0.0579146 0.543608 0.0450773 0.81216 0.207048
-0.0103847 -0.034706 -0.0579626 0.543474 -0.0521978 0.784489 0.294092
-0.0104093 -0.0344911 -0.0579988 0.534645 -0.147752 0.742601 0.375347
-0.0103779 -0.0343071 -0.0579939 0.532599 -0.231091 0.683438 0.44255
-0.01024 -0.0342179 -0.057898 0.522652 -0.310921 0.614088 0.503119
-0.0101762 -0.0340479 -0.0576981 0.504853 -0.386107 0.535482 0.556159
-0.00998906 -0.0339425 -0.0574715 0.479549 -0.455486 0.448954 0.600871
-0.00974803 -0.0339842 -0.0571963 0.447183 -0.517927 0.35578 0.636559
-0.00950902 -0.0340242 -0.0569778 0.409962 -0.5713 0.258936 0.662211
-0.00947658 -0.0343826 -0.0566311 0.366882 -0.616526 0.158362 0.678396
-0.00942034 -0.0346481 -0.0562865 0.318648 -0.652824 0.0556753 0.68498
-0.00947784 -0.0348464 -0.0558559 0.263155 -0.655656 -0.0361829 0.706795
-0.00941803 -0.0350803 -0.0556293 0.204543 -0.650577 -0.127555 0.720175
-0.00943718 -0.0351608 -0.0555632 0.14348 -0.637711 -0.217387 0.724902
-0.00946951 -0.0352502 -0.0554892 0.0809899 -0.617232 -0.304426 0.720972
-0.00979888 -0.035244 -0.0551197 0.0176553 -0.58528 -0.388498 0.711481
-0.00964882 -0.0354077 -0.0549172 -0.0458754 -0.546165 -0.467851 0.693347
-0.00953498 -0.0355767 -0.0546987 -0.103496 -0.490736 -0.541841 0.674444
-0.0095206 -0.035661 -0.0545306 -0.15978 -0.429235 -0.609242 0.647362
-0.009363 -0.0358548 -0.0541879 -0.20999 -0.353658 -0.67186 0.615983
-0.00936898 -0.0362056 -0.0542641 -0.257437 -0.273424 -0.725699 0.576515
-0.00938453 -0.0369833 -0.0541502 -0.301464 -0.18958 -0.769952 0.529485
-0.00969026 -0.0374589 -0.0541585 0.341514 0.103249 0.804125 -0.475516
-0.00964712 -0.0377579 -0.0541969 0.377088 0.0155479 0.827716 -0.415275
-0.0101547 -0.0380866 -0.0540785 0.407693 -0.0723395 0.840444 -0.349608
-0.0107156 -0.0386397 -0.0538197 0.432939 -0.159234 0.842122 -0.279356
-0.0112383 -0.0387908 -0.0536438 0.452452 -0.244031 0.832796 -0.205437
-0.0109604 -0.0391758 -0.0528512 0.466033 -0.325607 0.812525 -0.128829
-0.0110108 -0.0395349 -0.0524664 0.473477 -0.402927 0.781625 -0.0505107
-0.0115313 -0.040162 -0.0519722 0.457117 -0.475832 0.75043 0.0384984
-0.0117796 -0.0405489 -0.0517886 0.433535 -0.542225 0.708405 0.127402
-0.0122726 -0.0405834 -0.0514697 0.397761 -0.599353 0.660163 0.216212
-0.0124933 -0.0407039 -0.0517542 -0.356132 0.647641 -0.602209 -0.30187
-0.0125327 -0.0408215 -0.0520053 -0.311377 0.68743 -0.534157 -0.381014
-0.0128539 -0.0410972 -0.0523415 -0.262141 0.717273 -0.458403 -0.454641
-0.0127832 -0.0406292 -0.0520523 0.209112 -0.736724 0.375971 0.52169
-0.0118083 -0.0396671 -0.051418 0.15303 -0.74547 0.288206 0.581199
-0.0116583 -0.0397653 -0.0515208 0.0947469 -0.743463 0.196255 0.632274
-0.0117918 -0.0398454 -0.0517347 0.0350952 -0.730687 0.101496 0.674213
-0.0118464 -0.0398397 -0.0518469 -0.0250564 -0.707379 0.00527464 0.706369
-0.0116599 -0.0398664 -0.051901 -0.0848264 -0.673853 -0.0909655 0.728325
-0.0114715 -0.0399266 -0.052029 -0.142676 -0.631391 -0.183587 0.739786
-0.0113549 -0.0400688 -0.0521663 -0.198514 -0.580215 -0.273547 0.741031
-0.0112856 -0.0401333 -0.0523773 -0.251639 -0.521148 -0.3596 0.731962
-0.0113119 -0.0401197 -0.0525709 -0.301499 -0.455873 -0.439835 0.712633
-0.0113774 -0.0400483 -0.0528121 -0.341623 -0.392646 -0.503669 0.68952
-0.011431 -0.039792 -0.0529536 -0.378343 -0.325485 -0.562322 0.65935
-0.0114276 -0.0395561 -0.0531429 -0.411256 -0.25506 -0.615153 0.622414
-0.0113982 -0.0392914 -0.0532997 -0.440749 -0.182624 -0.66129 0.578909
-0.0115564 -0.0392943 -0.0536336 -0.465729 -0.108361 -0.700662 0.529555
-0.0115081 -0.0391639 -0.0538644 0.486011 0.0330044 0.732973 -0.47484
-0.0113417 -0.0389848 -0.0539493 0.512671 -0.0433332 0.752652 -0.410862
-0.0112467 -0.0388108 -0.0539739 0.533699 -0.119151 0.764037 -0.342389
-0.0111227 -0.0387306 -0.0540079 0.54887 -0.193635 0.766987 -0.270146
-0.0110233 -0.0386545 -0.0541177 0.558154 -0.265937 0.761405 -0.19498
-0.0109387 -0.0386103 -0.0541822 0.561353 -0.335291 0.747401 -0.117697
-0.0108468 -0.0386805 -0.054216 0.558377 -0.400986 0.725198 -0.0390993
-0.0108064 -0.0387279 -0.054282 0.549267 -0.462249 0.695009 0.039902
-0.0107079 -0.0388503 -0.0543527 0.534118 -0.518465 0.657187 0.118502
-0.010817 -0.038774 -0.054432 0.513097 -0.568948 0.612133 0.195755
-0.0108981 -0.0386598 -0.0544275 -0.486457 0.613179 -0.560389 -0.270907
-0.0115643 -0.0373006 -0.0544518 -0.45442 0.650681 -0.502433 -0.343061
-0.0111418 -0.0351398 -0.0530322 -0.417422 0.681019 -0.43901 -0.411433
-0.0111964 -0.0350326 -0.0533826 -0.375803 0.703867 -0.37074 -0.475292
-0.0113409 -0.0349497 -0.0537175 0.330423 -0.720059 0.298101 0.532427
-0.0114645 -0.0348389 -0.0540094 0.283576 -0.744097 0.221287 0.562975
-0.011495 -0.0346691 -0.0542562 0.234038 -0.762686 0.142603 0.58583
-0.011664 -0.0345425 -0.0545842 0.182193 -0.775736 0.0628479 0.600909
-0.01175 -0.0342657 -0.054968 0.127833 -0.78353 -0.0175971 0.607801
-0.0115661 -0.0340552 -0.0551943 0.0652225 -0.802626 -0.0921083 0.585705
-0.0113908 -0.0338795 -0.055367 0.00143847 -0.81408 -0.165608 0.55662
-0.0110583 -0.0338713 -0.0555175 -0.0626682 -0.817887 -0.235728 0.52111
-0.0108002 -0.0333147 -0.0557611 0.127506 0.813997 0.304306 -0.478086
-0.0105561 -0.033621 -0.0556588 0.190959 0.80131 0.369582 -0.429941
-0.0101778 -0.0334581 -0.0557352 0.252376 0.780008 0.430894 -0.377159
-0.00949002 -0.0334209 -0.0559457 0.31441 0.75087 0.487331 -0.315998
-0.00858817 -0.0335528 -0.0561806 0.3764 0.712455 0.539538 -0.24427
-0.00786461 -0.0337766 -0.0564409 0.453449 0.661754 0.582055 -0.133002
-0.00817761 -0.0342715 -0.0561325 0.520203 0.596076 0.611365 -0.0187478
-0.0080554 -0.0343388 -0.056198 0.575156 0.516823 0.626812 0.0959521
-0.00790264 -0.0344578 -0.0561244 0.61703 0.425798 0.62809 0.208549
-0.00780089 -0.0345544 -0.0559803 0.644751 0.325191 0.616578 0.313656
-0.00771219 -0.034842 -0.0558404 0.658747 0.215173 0.589636 0.414846
-0.00796975 -0.0347994 -0.0556087 0.657393 0.100135 0.549001 0.50636
-0.00798274 -0.034732 -0.0554465 0.640807 -0.0172079 0.495603 0.586099
-0.00783516 -0.0346468 -0.0551601 0.609237 -0.134203 0.430598 0.652233
-0.00746229 -0.0345739 -0.0548105 0.563538 -0.248053 0.35564 0.703176
-0.00719306 -0.0344889 -0.0545134 0.513811 -0.347708 0.285534 0.730461
-0.00679802 -0.0342937 -0.054163 0.454861 -0.441033 0.210377 0.744554
-0.00654012 -0.0343905 -0.0538201 0.387718 -0.526385 0.131449 0.745198
-0.00644991 -0.0346168 -0.0534341 0.315139 -0.602602 0.0520429 0.731345
-0.00656622 -0.0348299 -0.0530915 0.242518 -0.662903 -0.0171313 0.708135
-0.00666925 -0.0347114 -0.0526319 0.166432 -0.713753 -0.0860724 0.674871
-0.00683836 -0.0346899 -0.0522317 0.0702481 -0.756454 -0.173402 0.626715
-0.00709993 -0.0346183 -0.0518745 -0.0282116 -0.78352 -0.257801 0.564645
-0.0073009 -0.0345252 -0.0512532 0.126754 0.791171 0.33774 -0.493879
-0.00759123 -0.0342933 -0.0509483 0.222632 0.782053 0.410546 -0.412677
-0.00765362 -0.0340451 -0.0506444 0.314793 0.754818 0.47651 -0.322644
-0.00781565 -0.0335963 -0.0502687 0.40015 0.711158 0.532214 -0.225657
-0.00810232 -0.0332842 -0.0497044 0.470934 0.648441 0.582499 -0.135847
-0.0080084 -0.0328239 -0.0492998 0.532483 0.573032 0.621487 -0.043387
-0.00778666 -0.0325722 -0.0488157 0.582104 0.481101 0.65314 0.0557894
-0.00765883 -0.0325776 -0.0482855 0.618839 0.378353 0.670926 0.15415
-0.00725049 -0.0322079 -0.0476181 0.637839 0.265148 0.678776 0.249252
-0.00791577 -0.0319636 -0.0462222 0.642587 0.146052 0.671545 0.338806
-0.00998395 -0.0304986 -0.0452191 0.633609 0.0243551 0.650917 0.417441
-0.0101905 -0.029892 -0.0450502 0.610995 -0.0978474 0.616315 0.48712
-0.0100749 -0.0296483 -0.0449404 0.575354 -0.217555 0.569221 0.545555
-0.0098904 -0.0294955 -0.0447214 0.526399 -0.331241 0.512188 0.592366
-0.00980293 -0.0295431 -0.0445835 0.463423 -0.423428 0.474169 0.617349
-0.00973058 -0.0293503 -0.0444854 0.393661 -0.507794 0.432679 0.632451
-0.00974775 -0.029312 -0.0444654 0.315399 -0.571161 0.409331 0.637772
-0.00971644 -0.0292536 -0.0444085 0.233753 -0.62838 0.381676 0.636268
-0.00970166 -0.0292622 -0.0445165 0.14962 -0.678888 0.349929 0.627917
-0.0097169 -0.0292977 -0.0447077 0.063876 -0.72214 0.314448 0.612828
-0.00969609 -0.0293424 -0.0448052 -0.0224986 -0.757688 0.275785 0.591056
-0.00964951 -0.0293476 -0.0450233 -0.108653 -0.785115 0.234166 0.562978
