1.0 0.0 0.0 0.0 0.0 -1.0 0.0 0.0 0.0 0.0 -1.0 0.0
0.9999999980117156 -3.7856389248249814e-05 5.043275811839988e-05 5.90339e-05 -3.785681067515881e-05 -0.9999999992485258 8.355285388165225e-06 1.95168e-05 5.043244177956502e-05 -8.357194594928453e-06 -0.9999999986933632 3.14298e-05
0.9999998547641533 -0.00011335674173154708 0.0005268983979889525 0.000178687 -0.00011324923945463238 -0.9999999727683213 -0.0002040538333004225 6.9807e-05 0.0005269215145183053 0.0002039941328216491 -0.9999998403700432 -2.19954e-05
0.999999361290169 -0.00023820339387304687 0.001104843155216937 0.000365628 -0.00023771643102833638 -0.9999998745652177 -0.00044086329832532755 0.00012037 0.0011049480317650714 0.0004406003773699004 -0.9999992924803272 4.44824e-05
0.9999982768650804 -0.0003969256463420006 0.0018134819826989554 0.000712424 -0.00039560556586907804 -0.9999996565910574 -0.0007282266156874179 0.000251467 0.0018137704117531402 0.000727507937288748 -0.9999980904827244 2.42162e-05
0.9995006572513466 -0.012688051732010727 0.028938719691311864 0.000961204 -0.01237866032596867 -0.9998645630455899 -0.010845475286320932 0.000406556 0.02907240827074342 0.010481837095553836 -0.9995223490089863 -0.000119543
0.9956743868400831 -0.03474123803990678 0.08617169935703392 0.00113794 -0.032013414945487484 -0.9989478343807366 -0.03283847514066878 0.000503889 0.0872218817393465 0.029937778232374177 -0.9957389581513604 -0.000148832
0.9819772184907738 -0.06906677420354217 0.17592760745897645 0.00130162 -0.05759096300527943 -0.9959163027132338 -0.06952696577678613 0.000625812 0.18001117561209173 0.05814205613081444 -0.9819447428260073 -0.000232872
0.9590188945748698 -0.10573328686061981 0.2628749358498156 0.00139664 -0.07956462462402883 -0.9909288067297132 -0.1083031416980328 0.000729276 0.27194159364987214 0.08294921363627668 -0.9587320781116543 -0.000204454
0.9269728719058221 -0.14441189012080546 0.3462174183116862 0.00143509 -0.09772782418686267 -0.9840276068996274 -0.1487916033890834 0.000859259 0.3621747742877385 0.10409070492185671 -0.9262799566105795 -0.000281188
0.8862153408229217 -0.18462887196946298 0.42489357411638606 0.00135297 -0.11184201789345938 -0.9752914351298388 -0.1905202865731067 0.000769761 0.44957060927470816 0.12132104597992567 -0.8849674971877243 0.000100467
0.8371737403164436 -0.22596034989294725 0.4980783560854982 0.00133883 -0.12175780513408577 -0.9648124007692556 -0.23304949734078972 0.000793314 0.5332121204675542 0.13445799194589214 -0.8352280425059808 0.000155545
0.7740649730111763 -0.26968824036082495 0.5727928688175938 0.00145171 -0.12473121415264243 -0.9519643151206277 -0.2796534765614795 0.000846701 0.6206976250745728 0.14502481080144947 -0.7705207735543468 0.000198439
0.702395458813992 -0.3137891706719609 0.6388872950736185 0.00127081 -0.12251640024189217 -0.9374842710657403 -0.32574986289499247 0.000882028 0.7011635694395782 0.1505310528540239 -0.6969290143317388 0.00014568
0.6230172267939484 -0.3577174484832061 0.6956204152902952 0.00124754 -0.11510810170179281 -0.9215494042419203 -0.3708056370444916 0.000895639 0.7736922256560341 0.15094675416194386 -0.6153173306249273 0.000174298
0.5370031425356373 -0.4008990062258496 0.7422315081657315 0.00109453 -0.10263116539978537 -0.9043712514716647 -0.41422153903467723 0.000917693 0.8373138412778879 0.14626218348808045 -0.5267949362757457 0.000223085
0.4454165612263521 -0.4427925965959269 0.7781637381587043 0.000954121 -0.08523281720245973 -0.8861659977450713 -0.4554615146334702 0.000964678 0.8912572321485104 0.13654501397092247 -0.4324534718355919 0.000211049
0.3494415311579223 -0.48286686199494244 0.8029509386563816 0.000940535 -0.06314512147671891 -0.8671646375657328 -0.49400221152256185 0.00104136 0.9348279573994871 0.12192245462854115 -0.3335140253747272 0.000393122
0.2501884700541895 -0.5206046271051684 0.8163189031797763 0.000984736 -0.03660417175841482 -0.8476161779023768 -0.529345775054498 0.00109869 0.9675049684946454 0.10255553224890068 -0.23112009593135846 0.000496166
0.14916123100210113 -0.5555341280283785 0.8180053543600356 0.000763173 -0.006065154744239909 -0.8277584629890495 -0.5610518165445464 0.00115839 0.9887942865246879 0.07872585055593914 -0.12683887176405226 0.000584257
0.04747370236077634 -0.5872137619285305 0.8080385172662892 0.00072985 0.028174516629654645 -0.8078415544058544 -0.5887259290941906 0.00125993 0.99847505937647 0.0507150941720097 -0.021806765607913024 0.000732215
-0.053503690341767114 -0.6152162388148776 0.786540739325235 0.000651481 0.06565978087395824 -0.788131819082854 -0.61199430465057 0.00137898 0.9964066179504207 0.018900138825586887 0.08256292422738826 0.000837378
-0.15266052489061138 -0.6391403966147491 0.7537866525451773 0.000614591 0.10600218716938581 -0.7689162799213354 -0.6305008253660265 0.00147385 0.9825773763197629 -0.016349553115462656 0.18513344283919947 0.000928545
-0.24851663197872664 -0.6587126260414458 0.7101669943918352 0.000531948 0.1485818922612367 -0.7504153229639843 -0.6440498927512757 0.00159188 0.9571639906108151 -0.05453915432459322 0.2843634570818442 0.0010714
-0.3398505235660063 -0.673680396227615 0.6562441202559572 0.000538171 0.19285295307446823 -0.7328676637292069 -0.6524666473855592 0.00173898 0.9204940847840188 -0.09518251519422133 0.37898671306384013 0.00113711
-0.42548600414260507 -0.6838517439576765 0.5927127909576473 0.000511359 0.23824759729428582 -0.7164987775475916 -0.6556428785217658 0.00185752 0.873040516048516 -0.13775447019553172 0.4677862367352096 0.0014001
-0.504336157446833 -0.6890951289738068 0.5203776931386818 0.000530526 0.28419342483229787 -0.7015186894174528 -0.653533186364785 0.00200744 0.8154012126394298 -0.18171249715578816 0.5496375449362565 0.0014692
-0.5753550468433299 -0.6893426985885394 0.4401967900548345 0.000513327 0.33007784224276926 -0.6881240702603224 -0.6461686173041249 0.00209088 0.7483416252837118 -0.22647716845421137 0.6234524071945633 0.00173302
-0.6376454472022484 -0.6845915205748105 0.35318937359342073 0.000525424 0.3753188028286891 -0.6764854840536536 -0.6336427906225501 0.0022555 0.6727139658915101 -0.2714808277240994 0.6882979589340313 0.00184342
-0.6904038860014494 -0.6749021007095123 0.2604796127377049 0.000536821 0.41933239747852424 -0.6667548446629057 -0.616115506657199 0.00236277 0.5894936934514315 -0.31614099951830277 0.7433384517193752 0.00205651
-0.7329475655547458 -0.6604040200733147 0.163261742053602 0.00054228 0.4615534311497155 -0.6590537911026771 -0.593815232734151 0.00249184 0.499756236920858 -0.359881412001501 0.7878636131682369 0.00221878
-0.7647303344581106 -0.6412840953608603 0.06278713719217702 0.000555727 0.5014391928130693 -0.6534822413205504 -0.5670270683041925 0.00263371 0.40465571968101954 -0.4021388681983783 0.8213026721091093 0.00233565
-0.7850762233247239 -0.6181709371985155 -0.03898738223190959 0.000610497 0.5384349140776709 -0.649988599892219 -0.5362859902256668 0.00277093 0.3061750591938527 -0.4420175476304779 0.8431354106633043 0.00246438
-0.7941590468233626 -0.5910386848217446 -0.14136718640756527 0.000642696 0.5721287993702087 -0.6487216709904351 -0.5018254980753586 0.00289735 0.2048903250029447 -0.47940949785289066 0.8533384370158346 0.00257567
-0.7916538766198771 -0.5613603375793998 -0.24116117230072986 0.000704533 0.6020124448988824 -0.6493672606597025 -0.4646538248741569 0.00305141 0.10423605815450855 -0.5130270286993229 0.8520200185467203 0.00267201
-0.7790256638236884 -0.5303515775806772 -0.33443417777157375 0.000774582 0.6269417822395257 -0.6521456366309656 -0.4262042589011985 0.00319724 0.007938311305857537 -0.5416948151689102 0.8405377507481336 0.0027634
-0.7578088525563664 -0.4987466754212967 -0.4206869343626055 0.000865007 0.6471834070959289 -0.6565226766679775 -0.38746820850286473 0.00335037 -0.08294203136473391 -0.5658884419891592 0.8202992689599166 0.00285627
-0.7287838411569418 -0.466732705861807 -0.5010336257652269 0.00092237 0.663504843138599 -0.6621698511685483 -0.3482706007331738 0.00350275 -0.16922008155108717 -0.5862522234348784 0.7922580984234272 0.0029417
-0.6967412966998855 -0.43585678917788984 -0.5697196019100121 0.000967386 0.6741940985469591 -0.6691404226330108 -0.312591446272877 0.00365892 -0.24497731110740717 -0.60189696304771 0.7600698408149927 0.00298489
-0.6586416230866832 -0.4040335216738231 -0.6347819513042161 0.00101655 0.681840234703682 -0.6772767529288677 -0.27638757982470474 0.00377631 -0.31825321157368974 -0.6148602388396717 0.7215689710741825 0.00304762
-0.6180291160264615 -0.37262981472963075 -0.6922333659381867 0.00105098 0.6853123847910227 -0.6868166162381926 -0.24213605867602706 0.00391991 -0.38521026335702896 -0.6240432331446919 0.6798404931825758 0.00310474
-0.5725260245997061 -0.34085549429650513 -0.7456751860991098 0.00108879 0.6859897245553768 -0.6972540536394229 -0.20797808174860904 0.00406211 -0.44903457434867416 -0.6305983798673114 0.6330194581118553 0.00315991
-0.522445402638907 -0.30892373911767734 -0.7947433074087653 0.00112824 0.6838648452056753 -0.7085204405863555 -0.17414838145424721 0.00418721 -0.5092933091581784 -0.6344800301671198 0.5814253318921033 0.00317663
-0.47788360698174526 -0.28012307908306977 -0.8325613002915386 0.00114639 0.6784380946528306 -0.7197490302028552 -0.14725177501778022 0.00428977 -0.5579865678508347 -0.6352105116314357 0.5340024307163554 0.00321766
-0.4331795560104527 -0.25170987597893396 -0.8654464804881101 0.00115703 0.6708235540337486 -0.7313356035498573 -0.12306093748178681 0.00439807 -0.60195617083648 -0.6338693661276238 0.4856525456299462 0.00324671
-0.39340914574722985 -0.23771117649567547 -0.8881005802337238 0.00118322 0.666474993453348 -0.7391383065915095 -0.09739428540933942 0.00451491 -0.6332774487882817 -0.6302126310207357 0.4492123245839627 0.0032802
-0.3540071282258686 -0.2253083586116775 -0.9076976901507378 0.00117891 0.6613328382499424 -0.7465699151229326 -0.07261018444827438 0.00460048 -0.6613001060165865 -0.6259948125767886 0.4132948879545964 0.00330552
-0.33372356193773944 -0.2170844379813311 -0.9173346886463618 0.00114977 0.656854442583459 -0.75153673847638 -0.06111278081267957 0.00466321 -0.6761440863203354 -0.6229501404660047 0.39339839479517963 0.00332642
-0.3131598668880042 -0.20903045422205474 -0.926410906120178 0.00116525 0.6520677331812395 -0.7565284471745246 -0.04972303248578913 0.00474641 -0.6904625761868399 -0.6196539177826801 0.3732163622645827 0.00339209
-0.2931436319574001 -0.20825556367220302 -0.9331111569595538 0.0011891 0.6478582655839872 -0.7610158611567258 -0.03368273715710518 0.00484136 -0.7030977732558481 -0.6143976556493844 0.3580070417955602 0.0034739
-0.27307335030927293 -0.20777050672524597 -0.9392882208811115 0.00120694 0.643290066462372 -0.7654177099185738 -0.017709312065780525 0.00491808 -0.7152683662386492 -0.6090707232154084 0.3426718815137203 0.00348033
-0.2646358497435978 -0.2151195292703093 -0.9400486451014141 0.00111828 0.6419670409116349 -0.7667141351673433 -0.00526814177409729 0.00495634 -0.7196153037655906 -0.6048743861837045 0.34099969431840194 0.00348945
-0.2561816224276916 -0.22253926292711226 -0.9406631983798308 0.00123608 0.6405054196679022 -0.7679195591187926 0.007235889637311033 0.00504686 -0.7239639381256224 -0.6006461746974306 0.33926448254272557 0.00351828
-0.24772973881259608 -0.23009864312345826 -0.941108171753166 0.00123122 0.6389048948264355 -0.7690297027064958 0.019845697820438934 0.00511456 -0.7283066056783121 -0.5963622479566444 0.3375226767751073 0.00358045
-0.23931748651779733 -0.2378242899709063 -0.941364301291821 0.00120701 0.6371718500758183 -0.7700338862390488 0.03255529933124096 0.00517812 -0.7326248522386903 -0.5920197810406524 0.33581751702199086 0.00362964
-0.230907347344537 -0.24558431266725786 -0.9414723268976414 0.00125467 0.6353106627018209 -0.7709280618790915 0.04528007580294535 0.00527619 -0.736927512581585 -0.5876719057255484 0.3340352861917729 0.00370989
-0.21428385861671168 -0.26382414650843755 -0.9404675686356376 0.00135535 0.6278999051278443 -0.7747424884591307 0.07426833589490006 0.00533323 -0.7482139647699562 -0.5746049915335301 0.3316699664244182 0.00378443
-0.2072891538952486 -0.2814914749739403 -0.9369064820964723 0.00137051 0.622984248549364 -0.7763913957643325 0.09543074264877036 0.00538347 -0.7542690718415916 -0.5638962228106401 0.3363022705292319 0.00382814
-0.20042153006084684 -0.2991077778790291 -0.9329339459470529 0.00142016 0.6178636742043488 -0.7775962738142425 0.11656978617509853 0.00542773 -0.7603128897939135 -0.5530629007287284 0.34065486559089886 0.00388801
-0.19291921093629158 -0.316559852987694 -0.9287475639419616 0.00150577 0.611428407516277 -0.7790776898358499 0.13853972600718018 0.0054992 -0.7674226218543652 -0.5411356693810201 0.3438527399770537 0.00394472
-0.1855728554013642 -0.3339719419331607 -0.9241349778790856 0.00151663 0.6047590769499233 -0.7800742300103418 0.16047010475614895 0.00552252 -0.7744863938022807 -0.5291001206531389 0.3467331656187113 0.00401508
-0.17833311225886378 -0.3488179637277313 -0.9200670243264384 0.00151161 0.5978144377069267 -0.7811040584888148 0.18026188693524117 0.00553787 -0.7815466711215773 -0.517882687481578 0.3478251325963087 0.00407051
-0.17101182855655123 -0.36370829269682997 -0.915680748032469 0.00155428 0.5904414202992826 -0.7818368165169346 0.20027511461395137 0.00558013 -0.788754640993453 -0.5064064278444957 0.34845178453993725 0.00413036
-0.17394226383566608 -0.3617943744739064 -0.9158869577905118 0.00158065 0.5868811783442041 -0.78493659800809 0.19860770280330253 0.00561284 -0.7907683424094836 -0.5029705435773761 0.34886395763454375 0.00417463
-0.17286093131842706 -0.36939717341442385 -0.9130524775154824 0.00158537 0.579335334359127 -0.7878246568680713 0.20905233888599387 0.0056604 -0.7965485978813377 -0.4928265803547328 0.3501889388731966 0.00422994
-0.17183599762800772 -0.37693992161944784 -0.9101586045347877 0.00164372 0.5716993653562952 -0.7905636273052428 0.21947434208395902 0.0057121 -0.8022669291267072 -0.4826235040603616 0.35134360355370275 0.00428868
-0.1803965315644468 -0.386700883151971 -0.9043890304338081 0.00174112 0.5679851908816098 -0.7916317941738903 0.22519308469002491 0.00576553 -0.8030254755228498 -0.4730555246718013 0.36244800487626916 0.00434423
-0.18906520238708602 -0.3963563945532302 -0.898418587153613 0.00178962 0.564350406137617 -0.7925859315746433 0.2309029236762956 0.00583342 -0.8035937831632576 -0.4633671865450969 0.37353431180367413 0.00440508
-0.19775667820190848 -0.4058814304385116 -0.8922738148414614 0.00176289 0.560748103194804 -0.7934479580582264 0.23664721130125438 0.00588351 -0.8040235450470193 -0.45354228279006 0.38450687475207124 0.00448079
-0.20642518891974299 -0.4152856871915729 -0.8859607437089249 0.00183073 0.5571678476524766 -0.7942140348681885 0.24246248443975438 0.00595121 -0.8043336564646258 -0.4435784765204627 0.3953296146837855 0.00454497
-0.21511056975921006 -0.42455709647964246 -0.879476386611172 0.00170871 0.553622272732203 -0.79488589368882 0.24831189087386935 0.00598541 -0.8045059489604153 -0.43348320364611787 0.4060326221426057 0.00462103
-0.2237781505511499 -0.43368333180170043 -0.8728356701311439 0.00191828 0.5500955642069439 -0.7954700633075965 0.25420906478969724 0.0060351 -0.8045608799685398 -0.4232565960487617 0.41657609668038376 0.00468981
-0.23245823718587671 -0.44267182962064777 -0.8660281861606719 0.0019354 0.5466033325734388 -0.7959604451848888 0.2601379759294764 0.00608891 -0.8044799343576233 -0.41290267734828556 0.4269934592643924 0.00478802
-0.2407176511524992 -0.4515969125766227 -0.8591363343351776 0.00192302 0.5429245426089426 -0.7963772901510114 0.26648856028843415 0.00614189 -0.8045420768713679 -0.4022977010660068 0.43688511792061735 0.00487773
-0.2490209266241044 -0.46039097396683804 -0.8520731947392421 0.00199399 0.5393010160488786 -0.796684762222363 0.27285124835951186 0.00618636 -0.8044519825271856 -0.391578268973858 0.4466804977559657 0.00494685
-0.244238827716599 -0.47189438031253966 -0.8471499801481823 0.00197874 0.5289395831916412 -0.7970331858438844 0.2914807334912571 0.00621716 -0.8127547676689904 -0.3769002447505077 0.4442700677947291 0.00502075
-0.23937733704010106 -0.48324230181679134 -0.8421255062319386 0.00205725 0.5183109575921222 -0.7970179253047949 0.3100260924225213 0.00626036 -0.8210068463487543 -0.3622696571307754 0.4412578087363705 0.00509626
-0.23467124475719175 -0.49454727120280345 -0.8368706013655703 0.00208022 0.507481161567377 -0.7966080021043818 0.3284487199510622 0.00628025 -0.829091235955571 -0.3476185949127668 0.4379144150773501 0.00513033
-0.2155214757816381 -0.504462421919573 -0.8361029591790379 0.00214079 0.4890861137458007 -0.7968535418742411 0.35471003107257504 0.00630529 -0.8451894857473885 -0.3324787176249273 0.4184646167940001 0.00517839
-0.1884384255023729 -0.516074097588972 -0.835558786436906 0.00216692 0.4662650316979424 -0.7958108427934742 0.3863703180991742 0.00634487 -0.864342455286042 -0.31678482964003885 0.3905886476845277 0.00518343
-0.15312339520906199 -0.5264100290172525 -0.8363287076202185 0.00228163 0.43868393298907554 -0.7945590471711844 0.4198003424196508 0.00642471 -0.8854996514832097 -0.3026027129892843 0.35259320089111074 0.00514916
-0.11770407498424787 -0.5370656445394858 -0.8352881204635257 0.00223758 0.409410412868721 -0.7925679932064413 0.4519060632248455 0.0064798 -0.90472585050211 -0.28878446911165656 0.3131687497710024 0.00520947
-0.08219552942535373 -0.5482893538803126 -0.8322395564763762 0.0022239 0.3784010092581053 -0.7897011689600494 0.48289205826517667 0.00651018 -0.9219851252243353 -0.2752287197307737 0.2723831505442767 0.00523155
-0.04699762320396321 -0.5598119537625567 -0.8272858029953899 0.0021891 0.34593982974416004 -0.7860699384967195 0.5122691538520983 0.00657462 -0.9370788961500304 -0.262115677166232 0.2306046707547958 0.00518124
0.022228010789831554 -0.5737630797659266 -0.8187196368927804 0.00209813 0.29966236625721115 -0.7774459521446315 0.5529740118152539 0.00661774 -0.9537863396932545 -0.25763097599366114 0.15465412514090077 0.00514776
0.10514150730459947 -0.5892829995811981 -0.8010560591159037 0.00198403 0.24204139863755086 -0.7661334775948503 0.5953616177198517 0.00671532 -0.9645523442443622 -0.25648594681386794 0.06207845278112732 0.00514531
0.18587562144498715 -0.6043149417947973 -0.7747604174685171 0.00170866 0.18040606265500508 -0.7541071264390684 0.6314872084303287 0.00689877 -0.9658695077026495 -0.2571495537179907 -0.031148051510167363 0.0053173
0.2637311571211548 -0.6188707823152899 -0.7398951490312649 0.00177252 0.11522895476418599 -0.7413459381689241 0.661156931404633 0.00703328 -0.9576889707767808 -0.25962502721598013 -0.12420418872007358 0.00540983
0.36077967523278076 -0.6453426457139095 -0.6733282227575944 0.00191072 0.02336187022523456 -0.7154711174806727 0.6982516044167294 0.00716195 -0.9323584337359258 -0.26764519363128647 -0.24305102626313382 0.00549973
0.4720435049010477 -0.677697768425162 -0.5638268033290812 0.00188419 -0.10012934774094306 -0.6766441853225416 0.7294701914335964 0.00727144 -0.8758704488688429 -0.28788605582895105 -0.3872629283284706 0.00555298
0.5623672895599633 -0.7032007851284139 -0.4350306741228289 0.00178081 -0.2270776648772602 -0.6372144408530463 0.7364736862116871 0.00732365 -0.7950967021355777 -0.315382961117309 -0.5180297501978114 0.00550095
0.6287566047305775 -0.7210253311987673 -0.29118311039169786 0.00173895 -0.3532848622042943 -0.5984611407405427 0.7190508112510692 0.00749923 -0.6927156257404395 -0.3492373616800409 -0.6310137296935743 0.00565325
0.6830532816936687 -0.7146340558124359 -0.15078587679414246 0.00178127 -0.4553446307977137 -0.5780899301394586 0.6771065646373914 0.00750942 -0.571051207485987 -0.3938403216335581 -0.7202710041952072 0.00561977
0.7131144140005478 -0.7010379566236707 -0.003689975279574348 0.00196198 -0.5495121729471705 -0.5622312987334225 0.6180067463283943 0.00769906 -0.43532080621943003 -0.4386818324223578 -0.786164133991769 0.0056691
0.7136834926615252 -0.6842158924891045 0.15001494848109148 0.00208568 -0.6383968391810783 -0.5472094792768536 0.5413051463944922 0.00774352 -0.28827998200717087 -0.4820896164147206 -0.8273356354703043 0.00553586
0.6877790365147063 -0.6607406908136679 0.300635554174783 0.00220607 -0.7131159450249263 -0.5375405636658925 0.45001754561901297 0.00785585 -0.13574109872145718 -0.5239006412640005 -0.8408938531117112 0.00553719
0.6362174465411026 -0.6313116939384328 0.4434781909105633 0.00236278 -0.7713106628762799 -0.5335293563807659 0.34702490863521573 0.00791898 0.01752775085609129 -0.5628427586604563 -0.8263781259044884 0.00550595
0.5488993719512784 -0.5923373704501935 0.5897846378464278 0.00251031 -0.8172281128333982 -0.528539008389647 0.22974927248035176 0.0079707 0.17563510772694144 -0.6080978179360936 -0.774189481170538 0.00544665
0.4357944546454945 -0.5470481171409444 0.7147178120298836 0.00242749 -0.8406075831554144 -0.5311726267494419 0.10599307398934915 0.00796166 0.3216552260446728 -0.6469884064839542 -0.691334880816457 0.0054024
0.3011285746292623 -0.4989589508729672 0.8126263267243414 0.00233727 -0.8409644107695211 -0.540706922237995 -0.020368703026615642 0.00796401 0.4495558267454893 -0.6772562215200849 -0.5824290249047663 0.0053635
0.15020116335615474 -0.4482962897047263 0.8811753782099416 0.00220123 -0.8179055830003255 -0.5570460665275901 -0.1439796411408134 0.0080432 0.5554008172692542 -0.6990923518413827 -0.45033300542324095 0.00541777
0.006092700247394823 -0.41926836196590755 0.907841902347606 0.00214477 -0.7702738970994504 -0.5809055504007802 -0.2631099864330352 0.00819107 0.6376840929887783 -0.6976838697920366 -0.32649075849262243 0.00550109
-0.13481197645269988 -0.405799702261789 0.9039647850713874 0.00209715 -0.7010257114357641 -0.6056833449891231 -0.37644473367118225 0.00833639 0.7002775756161961 -0.6844518151389694 -0.20282265613602576 0.00559041
-0.2733993293403137 -0.39629810973049134 0.8764705442513776 0.00220428 -0.6132676705938821 -0.6301657951004412 -0.4762287631903206 0.00845687 0.7410503160518997 -0.6677116734859951 -0.07074991286151086 0.00552371
-0.40558608058833406 -0.39112202731874274 0.8261497993578825 0.00222244 -0.5095369953335039 -0.6536256895847214 -0.5595940567066466 0.00861665 0.7588622942401985 -0.6479174466403674 0.06581033900177344 0.00554473
-0.523917995797793 -0.39964566975958477 0.7521923107301991 0.00222709 -0.3900731199430391 -0.6724738025225866 -0.6289848535686025 0.00879973 0.7572006964980467 -0.6229464853125233 0.19643009356930763 0.00555194
-0.6278606376078588 -0.4127042653305986 0.6598986354892575 0.00229127 -0.2602421764538155 -0.6877301365820447 -0.6777176911011128 0.0090864 0.7335291605227663 -0.597245718791498 0.3243956258151344 0.00559823
-0.692505293270384 -0.46271646951093826 0.5534707649332816 0.00228889 -0.11260389787845274 -0.6884700581277267 -0.7164700560694657 0.00935567 0.712570544560381 -0.5584822717910902 0.42466548143213195 0.00574204
-0.7173053076367086 -0.5342665497287913 0.44724976185247967 0.00221607 0.039441168477952204 -0.6720058260892223 -0.7394948031806818 0.0095181 0.6956417827195981 -0.5128034940823187 0.5031054428165778 0.00586929
-0.721852667274816 -0.6043076007281437 0.3372551711248134 0.00218406 0.19132420262410363 -0.6425995406922174 -0.7419305087354215 0.00962471 0.6650742637017942 -0.4710394399669149 0.5794808622872463 0.00619541
-0.7061785256022641 -0.6709379769409547 0.22617276820296436 0.00214738 0.3392299391383513 -0.601001557130082 -0.7236851364505199 0.00956422 0.6214780272627531 -0.43432632826665735 0.6520166425820746 0.00645298
-0.65014333271681 -0.7503621512338419 0.11945831456872369 0.00222082 0.4880375931469274 -0.5329033828337641 -0.691254867787334 0.00971102 0.5823512295850617 -0.3911145951764669 0.7126685196083204 0.00652142
-0.5346943781849354 -0.8442636281267 0.03634347478938549 0.00226406 0.6267079531791309 -0.4250266372060361 -0.6531381929479805 0.0098379 0.5668677653204933 -0.3264525752504796 0.7563660838197865 0.00652715
-0.3988224884935952 -0.9162717027818197 -0.03723962074297821 0.00225166 0.742825312258371 -0.298981509806255 -0.5990163706128792 0.00977793 0.5377277918613004 -0.26656373248301624 0.7998703634869173 0.00660532
-0.205978872703804 -0.9751017663196162 -0.08215381500597019 0.00222747 0.8251155187585313 -0.12793338014000766 -0.5502884979261267 0.00975612 0.5260770710680238 -0.18113419215133653 0.830923173181596 0.00657432
-0.002775105106180231 -0.9934378897737778 -0.11433922316280049 0.00223251 0.8684456172529472 0.05429292468066399 -0.4928026868877309 0.00980641 0.4957766721678188 -0.10066497648856221 0.8625961128145432 0.0065443
0.2017181493213996 -0.9704579218051841 -0.1323677084485217 0.00223616 0.87091087518288 0.2395546128525387 -0.42910119429950366 0.0096825 0.44813394841558213 -0.02872297802515611 0.8935048711735303 0.00659352
0.39840814372625943 -0.9071697016499164 -0.13532953639541528 0.00225565 0.8323906983134927 0.4195768813886066 -0.3620510543630379 0.00933594 0.385222891809109 0.03159704120029205 0.9222824679097043 0.00664044
0.481854848945572 -0.8679431334612269 -0.12037699790718594 0.00216057 0.8087512205832932 0.4933932076801984 -0.32013216929899124 0.00930299 0.3372497112714455 0.05690219409259459 0.9396939781411686 0.00651334
0.5310973201482341 -0.8408054955471107 -0.1047938699979233 0.00215559 0.7936431265381756 0.5369555965516071 -0.28602320715392493 0.00926843 0.29675953940871624 0.06873722419246577 0.9524751806636439 0.00647543
0.6137701419384558 -0.7841913054332545 -0.09126998053980334 0.00234911 0.7501801585120396 0.6153256978246132 -0.24208266226953146 0.00867502 0.24599988341399487 0.08011418151326911 0.9659532987058743 0.00612127
0.6910532908006152 -0.7207967828189412 -0.053827011355873575 0.0024111 0.6971912814687231 0.6843634535465775 -0.21347360608234883 0.00774935 0.19070832786651143 0.10999391495744831 0.9754648493691065 0.00557858
0.7579022579919149 -0.652139339808867 -0.01727567088167347 0.00211305 0.63838994610324 0.7468552406783362 -0.18618680454212297 0.00658444 0.1343221651294346 0.1300827849677255 0.9823624712955912 0.00501788
0.8161695788948515 -0.5774008301380635 0.02180595887540004 0.00190102 0.5727866461788451 0.8035275310088557 -0.1620461812879363 0.00666967 0.07604391129992674 0.14474732559424797 0.98654221160958 0.00505447
0.8530553807669466 -0.5173738039796609 0.06797693947343655 0.001704 0.5214049337803865 0.8399156537002036 -0.15059412239138192 0.00674771 0.020818558404237263 0.163908638042585 0.9862558217830678 0.00520011
0.8768850400475852 -0.46463716999636195 0.12322713499273054 0.00151402 0.4793029456146123 0.8646505941028797 -0.15049264580933233 0.00674687 -0.03662393842694718 0.19102787852904865 0.9809011350583656 0.00538712
0.8906555085162653 -0.4163199751173275 0.18278523864891408 0.00129486 0.44476449759307296 0.881226187278951 -0.1600779451847889 0.00676196 -0.0944314927892915 0.22387068850591124 0.9700333025198026 0.005572
0.8991094047529027 -0.3653940392059198 0.24101758109661642 0.00109323 0.41009398983006934 0.8956903052718508 -0.17193544296413743 0.00684749 -0.15305292480098615 0.25342863523051595 0.9551694766139998 0.0058185
0.9035180912021038 -0.31498037311912963 0.2905897854712724 0.000802246 0.3752385534398245 0.9090022675802988 -0.1814136310927661 0.00692658 -0.20700504071856363 0.2729509884276079 0.9394927732736943 0.00609541
0.9093427021535605 -0.26957189883219307 0.31690194287833945 0.000586962 0.33672020972489675 0.9242380465986303 -0.180009815238973 0.0068825 -0.24436724494678502 0.2703979004717927 0.9312194290378417 0.00628385
0.9122278797299561 -0.22377898207191746 0.34316652317241764 0.00048292 0.2976559796591185 0.9375786042675419 -0.1798534920230872 0.00684949 -0.28149815846033416 0.26621293733134893 0.9218944943868882 0.00650571
0.9122739284944404 -0.1777373406542644 0.369006391714927 0.000342213 0.258044953645525 0.9490608756169698 -0.18082106147025306 0.00685508 -0.31807087462922323 0.2601785773469833 0.9116677172096753 0.00673682
0.9094680361809634 -0.1315779113807497 0.3944047976404718 0.000287836 0.21802145349353447 0.9586474255672924 -0.18292555663375543 0.00686189 -0.3540261812093966 0.25235365400541016 0.9005459990074962 0.0069435
0.9079238776916436 -0.098239123734782 0.40745957699530333 0.000191399 0.1843727240388378 0.9666460888772609 -0.1777696191389105 0.00688098 -0.37640527486722064 0.23652571409070292 0.8957536802190741 0.0071301
0.9049391030139421 -0.0650008824029767 0.4205473874882068 0.00010084 0.15036028236580362 0.9733588143817222 -0.1731022933189608 0.00678771 -0.3980917046651404 0.21988065797664455 0.890604003429448 0.00714783
0.9027823187355848 -0.033538778666585965 0.4287881007023802 -3.87873e-05 0.11580043676720894 0.9790941610798947 -0.16722703903310782 0.00673764 -0.41421533508903846 0.20062346339551285 0.887792702218409 0.00720049
0.8993732682363386 -0.002222157532201688 0.43717592156680946 -0.000287679 0.08102255095361957 0.9835110017040658 -0.16168319567609174 0.00653433 -0.42960804300996874 0.18083465249494446 0.8847235488208606 0.00696803
0.8946923146295913 0.028851260705194108 0.4457502292747195 -0.000382901 0.046149718681574255 0.9866011167341463 -0.1564878267615302 0.00647734 -0.44429254507402627 0.1605797036199035 0.8813729591818596 0.00691747
0.8936025371467564 0.056850582335173525 0.4452443339258025 -0.000502566 0.009088588601664987 0.9894516809039823 -0.14457789842681285 0.00649371 -0.44876709233421913 0.13324181942781999 0.8836598408853119 0.00704813
0.8914590675328449 0.08478471989464087 0.4450980590677273 -0.000635337 -0.028023391893384725 0.9907731839505135 -0.13260161187312836 0.00648695 -0.452233811672967 0.1057357519335314 0.8856096941332509 0.00696613
0.8921969362481414 0.10886412547768805 0.43833004589396773 -0.000905804 -0.064819241460335 0.9913325803320019 -0.11427239871815788 0.0063844 -0.4469710201858018 0.07354126294994569 0.8915203810108832 0.00678635
0.892009948229346 0.13307030750300777 0.4319844274055885 -0.000962329 -0.10143096180747692 0.9902393793961942 -0.0955914822557436 0.00634668 -0.4404883792413704 0.04145195718051128 0.8968008268279057 0.00678013
0.8908084896450554 0.15725915837572857 0.4262977737254235 -0.000978538 -0.1376485042570731 0.987510676838504 -0.07665215199686173 0.00632911 -0.43302785597705534 0.00960313682694288 0.9013293824740195 0.00661308
0.885197712466858 0.182083075496335 0.42810134718456255 -0.000931303 -0.1723856881097403 0.9830958656283345 -0.061690303285090516 0.00632206 -0.4320974246375147 -0.019190429965768828 0.901622727652401 0.00646061
0.8787623026032882 0.20665254659363377 0.4301994194669867 -0.000984269 -0.20693924493479757 0.9772377063142681 -0.046718457417209217 0.00634795 -0.43006158213584045 -0.04797072382186604 0.9015241789474221 0.00646016
0.871429927318295 0.230967586560799 0.4327399400706054 -0.000873465 -0.24126109492194223 0.9699375115413977 -0.03184819903772855 0.00633373 -0.4270866022847087 -0.07664983798522353 0.9009560680109449 0.00644766
0.863174317884291 0.2549493799905269 0.4358106361568458 -0.000804086 -0.27525393777635 0.9612187443632184 -0.017140455752715833 0.00632572 -0.4232793010337288 -0.10516339252441156 0.8998751547793474 0.00649914
0.8540827887575552 0.2785751129208649 0.4392476481544835 -0.000707512 -0.3089036274889976 0.951089921677523 -0.0025514324568230856 0.00628443 -0.41847477686505336 -0.13350605733288085 0.8983623955749558 0.0064829
0.844190241115407 0.3017971941481167 0.4430138715772169 -0.000915774 -0.3421538634162057 0.9395682395549381 0.011927152593929402 0.00632685 -0.41264218222919874 -0.1616476935312051 0.8964354146402106 0.00647733
0.8334874836409396 0.3245982005936399 0.44714049557746977 -0.000764235 -0.3749647695153006 0.9266675694419352 0.026241900977510044 0.00626948 -0.40583252239838014 -0.18953422887686283 0.8940787100964999 0.0060997
0.8219936162647556 0.3469441215373159 0.4516151806025677 -0.000640302 -0.4072884716963786 0.9124066426670462 0.04037597355206815 0.00618236 -0.3980484840358243 -0.21712644921277843 0.891298776734846 0.0059319
0.8070471835308635 0.36675364466318383 0.4627813821678349 -0.000425943 -0.43781329057870977 0.8975493528742802 0.0521984841504325 0.00613753 -0.3962251457789406 -0.24473847936365023 0.8849342973188604 0.00566574
0.7913751649850127 0.3858684109724849 0.474163387091953 -0.000233451 -0.4678980533330289 0.8814932108100573 0.06356989053740691 0.0061237 -0.39344219388889373 -0.27216775839423984 0.8781389134747126 0.00578843
0.7750025916859142 0.4042615774500898 0.4857402185095249 -0.000329523 -0.49750011663730637 0.8642608553685105 0.07447689456171674 0.00608729 -0.38969810985682557 -0.2993756016699684 0.8709245847366819 0.00545603
0.7579506527690801 0.4219028920837164 0.49750252021303487 -0.000110229 -0.5265742891658116 0.8458790208313224 0.08490111958604202 0.00620163 -0.38500691676442056 -0.3263228949504449 0.8632977714987542 0.0054131
0.7402506777191742 0.43877634302828733 0.5094156013855736 -0.000323164 -0.5550855489269246 0.8263692099840352 0.09483650227025436 0.00616615 -0.37935335441880264 -0.3529720238051224 0.8552787749629462 0.00550368
0.7219294132405278 0.4548522196542208 0.5214665670719607 -0.000539896 -0.5829869034455979 0.8057633016168138 0.10426779070491868 0.00656737 -0.37275218672611476 -0.37928216415117666 0.8468771146085479 0.00479777
0.7030025261565047 0.4701034045679794 0.5336574156058995 -0.00046072 -0.610241331234579 0.7840895068623501 0.1131775723427815 0.00644886 -0.3652300177567856 -0.40522393098378506 0.8380934314785117 0.00470773
0.6835077826260954 0.48452598286571147 0.54594109848735 -0.00103124 -0.6368159381748734 0.7613731574348208 0.12155811788682439 0.00632783 -0.3567668313843285 -0.4307499124384676 0.8289583469380342 0.00435521
0.6634641925356759 0.49808869602783157 0.5583215167914248 -0.00142318 -0.6626686590353111 0.7376505507062399 0.12939054592636548 0.00617613 -0.3473982060335452 -0.455828164917521 0.8194724952752223 0.00387486
0.6443216964885535 0.5107802453834368 0.5691687731772959 -0.00204811 -0.6874456068682718 0.7129203719892091 0.13843077981533206 0.00609486 -0.33506430581550384 -0.4804665275841842 0.8104836993052795 0.0028714
0.6247383094748884 0.5226617866048733 0.5801092151461316 -0.00328121 -0.7114199077295342 0.6872250938547033 0.1469809010126669 0.00655551 -0.32184430950470394 -0.5045258439360628 0.8011678433637012 0.000247861
0.6047297071235556 0.5337016419144758 0.591155257728502 -0.00303305 -0.7345513428215775 0.6606099214667551 0.15501243956116925 0.00635003 -0.3077926348717205 -0.5279745155568405 0.7915217020658647 -5.81595e-05
0.584338013080631 0.5439088050958714 0.6022560071997305 -0.00270514 -0.7568162174427382 0.6330957857471298 0.16253903864884378 0.00626749 -0.29287932580611814 -0.5507748521931678 0.7815809380396556 -0.000835296
0.5635995370536532 0.5532158076461252 0.6134393466377525 -0.0023382 -0.7781576600921462 0.6047489085768015 0.16955652041452923 0.00622426 -0.2771754279744566 -0.5729145029981455 0.7713253233114832 -0.00152001
0.5425272239671388 0.5616484404808171 0.6246721064366302 -0.00207287 -0.7985652943319006 0.5755915374753471 0.17603366915272664 0.00606295 -0.2606869424100785 -0.5943445223876742 0.7607870311490939 -0.00177836
0.5185500310399296 0.5707056832944046 0.6367109928091039 -0.00172415 -0.8198647466062772 0.5432756945513342 0.18075761942997184 0.00571208 -0.2427502061393834 -0.6157487659469828 0.749617098693763 -0.00227699
0.49160340460395213 0.578076142614826 0.6512711155282154 -0.00136965 -0.8410020365215283 0.50919688688068 0.18284995203079918 0.00525662 -0.22592402959500463 -0.6376099934368868 0.736486136407854 -0.00258702
0.4642317793828634 0.5842079992602554 0.6657250698384056 -0.00127784 -0.8609044174188674 0.47427619589859066 0.18413493441669976 0.00449238 -0.20816445200778416 -0.6586069416611788 0.7231213295955304 -0.00282758
0.4365599138716688 0.5890846119960723 0.6799961481580601 -0.0020295 -0.8794972121707788 0.43861528845157605 0.18466532571213595 0.00476062 -0.18947320492404623 -0.6786721952798553 0.7095801265324676 -0.00436938
0.40859135181771256 0.5926864148758975 0.6941008002021967 -0.00198963 -0.8967604442474679 0.4022661193568454 0.1843981422104573 0.0039148 -0.16992296152332692 -0.6977856281402903 0.6958601902020277 -0.00461643
0.37315958009066685 0.5931477818584187 0.7133916432528453 -0.00196544 -0.9154881313318225 0.36010206246391935 0.1794658351882033 0.0031282 -0.15044404001862283 -0.7200709780887362 0.6773952888359984 -0.00515952
0.3374661469019149 0.591683941790868 0.7321384518805136 -0.00248588 -0.9323486657159298 0.31731858369913957 0.17330574709713725 0.00313671 -0.1297789090449598 -0.7410931314389522 0.6587400134355793 -0.00652357
0.30158594582719517 0.5883395875615869 0.7502682500195366 -0.00288052 -0.9473093796042631 0.2739895681650039 0.165935697939114 0.00196287 -0.10793913374352365 -0.7607800248722468 0.6399710127514223 -0.00705715
0.26559003381858964 0.5831281664253243 0.767739197551929 -0.00328888 -0.9603336036773249 0.23020943934257848 0.15736258667706937 0.000293216 -0.08497825359680505 -0.7790796849867252 0.6211389062493364 -0.00754959
0.22959138570694237 0.5759991286394797 0.7845462379080831 -0.00393712 -0.9713735749014931 0.18612842923305895 0.14761295950670433 -0.00056028 -0.0610014228707807 -0.7959781477137389 0.6022438167137508 -0.00867468
0.19368790990832047 0.5669869284863406 0.800631511046731 -0.00472669 -0.9804001020708569 0.14186225639403643 0.13671408146290542 -0.00143667 -0.036064295567772076 -0.8114190798449455 0.5833510464966891 -0.0101491
0.15759579187067518 0.5578026227297698 0.8148741009876588 -0.0050385 -0.9874636665737372 0.09644683734954407 0.12495405060269954 -0.00312804 -0.008892332731418484 -0.8243508001094322 0.5660094387707091 -0.0108546
0.12174922546977918 0.5467572072040786 0.828392227430886 -0.00594005 -0.9923780433652843 0.051034573632412705 0.11216635565376754 -0.00383319 0.019051119232173397 -0.8357344247214864 0.5488032672929776 -0.0123803
0.08615820500587523 0.553127665911909 0.8286293193660295 -0.00662625 -0.9947439570139996 0.0015709907390467626 0.10238159977372813 -0.00441733 0.055328326328342836 -0.8330950229061158 0.550355756865287 -0.0140382
0.05028678357173105 0.5577130321843837 0.8285091509028193 -0.00688882 -0.9945426509751985 -0.04796443386314825 0.09265165122874197 -0.00490749 0.09141200571716307 -0.8286468408290039 0.5522574204072563 -0.0155039
0.01367594680492834 0.5600701418794385 0.8283323032781799 -0.00677319 -0.9918164592863512 -0.09756771128146557 0.08234471934485027 -0.0051401 0.12693730565784966 -0.8226797541512993 0.5541524542415052 -0.0170129
-0.023011331005639013 0.5605933495778453 0.8277714509781311 -0.00713554 -0.9865058516819046 -0.14698620682579255 0.07211975873729187 -0.00568304 0.16210084281924247 -0.8149418086047966 0.5564109680310357 -0.0185851
-0.059664558216513564 0.559276324760111 0.8268313812716901 -0.00606048 -0.9786254266196696 -0.19607872443670632 0.062011355385475087 -0.00598881 0.19680552549737462 -0.8054583331160569 0.5590209823858182 -0.0192798
-0.09918305389589671 0.5527090749394842 0.8274511467750971 -0.00541279 -0.9683801811149396 -0.24491209132207753 0.04751728472927652 -0.005884 0.2289160253098949 -0.7965743819655425 0.5595236432471227 -0.0203817
-0.13832762876692395 0.5441800716021968 0.8274862638078944 -0.00656015 -0.9555046358932054 -0.29312021646596015 0.03303678987949227 -0.00578579 0.26053091545210744 -0.7860970604002897 0.5605132056639792 -0.0218723
-0.1775324488708762 0.533409301374582 0.8270167754072403 -0.00643053 -0.9399975743227753 -0.3407078642344212 0.017964173126460425 -0.00584918 0.29135337627219615 -0.7742045391599686 0.5618901509004162 -0.0232141
-0.21613927177797446 0.5206754235171394 0.8259424426317697 -0.00709111 -0.9219084516334757 -0.3873964737961586 0.002962920361670951 -0.00515329 0.3215099096482942 -0.7608029149757181 0.5637466652339471 -0.0244159
-0.25403997708620807 0.5060255859255275 0.8242583311260893 -0.006613 -0.9012844894386357 -0.43306385893753374 -0.011914830232523266 -0.00478985 0.3509272846892598 -0.7459180923337755 0.5660885446551314 -0.0249485
-0.29932802907132183 0.45556210816878256 0.8383709779167525 -0.00671329 -0.8789862681703642 -0.47348281627593236 -0.0565434616852189 -0.00395945 0.3711951930995525 -0.7538416201644917 0.5421595155741158 -0.0257659
-0.34251415561367793 0.4024683807207227 0.8489424336928203 -0.00738551 -0.8536255553578551 -0.510749431594675 -0.10226646256573918 -0.00315267 0.39243784787433855 -0.7597066675011848 0.5184962052995197 -0.0264077
-0.3833713091035371 0.34698748676172875 0.8559358173292078 -0.00719839 -0.8253356935778932 -0.5446655374563267 -0.14886384790710128 -0.00225943 0.41454484951876786 -0.7635045097038979 0.4951902981675551 -0.0266961
-0.42198521547506446 0.2865538004554238 0.860125221909587 -0.00717617 -0.7940818980702216 -0.5746038192461755 -0.1981524414810536 -0.00136347 0.43744990236329606 -0.766627269507328 0.47002150224227096 -0.0272389
-0.45646632975087165 0.21098600910615906 0.8643629988408947 -0.00691774 -0.7606313086527917 -0.596545701441593 -0.25607272089916094 -0.000600076 0.46160427002023097 -0.7743501340175605 0.4327855910795507 -0.0275927
-0.4899592008899407 0.12451639926841113 0.8628068426806318 -0.00607972 -0.7225487566144211 -0.6117361015153973 -0.32202831617374544 0.000115674 0.48771228790983423 -0.7812007478337264 0.3896949009235069 -0.0281317
-0.5190358941318437 0.03689537443641455 0.8539557786840921 -0.00757897 -0.6819593959192823 -0.6201766637257163 -0.3877012871882771 0.00126008 0.5152990616333051 -0.783594051225018 0.3470550964394539 -0.0284657
-0.5432250381912401 -0.052824596249118394 0.837923695758297 -0.00820324 -0.6392043593398016 -0.6210569205668354 -0.45354833085023394 0.00259397 0.544356817614255 -0.7819832884705127 0.30360795719105177 -0.0287183
-0.562097483114072 -0.14152830135409017 0.8148718668555512 -0.00920924 -0.5949992787777769 -0.6151486753595333 -0.5172697221540584 0.00317724 0.5744756546023084 -0.7756041819892653 0.2615642849282216 -0.0284633
-0.5758884697019877 -0.22907349194782545 0.7847788260084063 -0.00975895 -0.5494534678731806 -0.602353724322438 -0.5790258003206975 0.00378681 0.6053539106229004 -0.7646537295284174 0.22102333997079002 -0.0286578
-0.5844482675184356 -0.3147022679899568 0.7479189161377571 -0.00879923 -0.5029842359394604 -0.5827753858889343 -0.6382630398185387 0.00446682 0.6367315611708728 -0.7492231524212141 0.18231178482183155 -0.0284379
-0.5867947247949575 -0.4009856136174794 0.7034788473185412 -0.00939149 -0.4558396014973388 -0.5544523507960392 -0.6962706717961724 0.0053691 0.6692400232050959 -0.7292414746629263 0.14256459227972135 -0.02878
-0.5835606660913655 -0.4834750704544305 0.6524636428492283 -0.0102021 -0.40873807016306873 -0.5193924516408408 -0.7504429832957912 0.00587717 0.7017051652869404 -0.7046157374254426 0.1054823377728588 -0.0287699
-0.5748084711013083 -0.5613538795188189 0.5953797473036413 -0.0111996 -0.3621159019460367 -0.47797136283558894 -0.8002596140421544 0.00633673 0.733803308188226 -0.6755924794269553 0.07146682190886966 -0.0285308
-0.560353860633198 -0.6344652793665484 0.5324071375853239 -0.012298 -0.3164882571413431 -0.4300057350709089 -0.8455354817497384 0.00723888 0.7654010281970527 -0.6422996785648073 0.04015456325798573 -0.0282033
-0.5397644511370403 -0.7047506305059679 0.46041382048128243 -0.0120641 -0.27147397372788074 -0.3719842811139765 -0.8876539732308486 0.00863565 0.7968414013322374 -0.6041144290658509 0.009462437176407577 -0.0283101
-0.513656069901268 -0.7675400943116046 0.38345748848825 -0.0129684 -0.22850284970717433 -0.3084057314540493 -0.923402595015843 0.00871105 0.8270090020847922 -0.5619324767535913 -0.01697062286100221 -0.028215
-0.4823088883822649 -0.8221690424363783 0.30235112344212095 -0.0134806 -0.18802424914110744 -0.23994420513335452 -0.9524041474908883 0.00870568 0.8555846059405152 -0.516202328629164 -0.03886049401952903 -0.0285949
-0.44604966052776734 -0.8680674341791359 0.21794180429810794 -0.014363 -0.15046438078085167 -0.167311940530705 -0.9743547529889123 0.00814975 0.8822698966072106 -0.46740308543429737 -0.05598379468382342 -0.0291099
-0.4052561757616564 -0.9047489796941022 0.13113624880069769 -0.0149054 -0.11622243180189235 -0.09129200949162995 -0.9890187639013905 0.00747432 0.9067854092083152 -0.4160469357481931 -0.0681554759461546 -0.0291772
-0.360364790257349 -0.9318269521168666 0.042845644485384526 -0.0151691 -0.08566098685669632 -0.012679927060782553 -0.9962436523162747 0.00743128 0.9288699657505963 -0.36268133500129884 -0.07525181704226094 -0.0293274
-0.3118643551454664 -0.949009984737333 -0.04605076393013868 -0.0155767 -0.05909250952373335 0.06774760169921434 -0.9959509715755048 0.00737017 0.9482872451466855 -0.30788035230077865 -0.07720744367778631 -0.0298839
-0.27092348898371466 -0.9531484592180883 -0.13456774430403107 -0.0159948 -0.03358479029510636 0.14907047995909847 -0.98825606695107 0.00727174 0.9620148257577555 -0.263222352194771 -0.07239798565793912 -0.0302134
-0.24396678541727376 -0.9424668249767298 -0.22855303855220227 -0.0166383 -0.008401683706092677 0.23771948636902 -0.9712975123572347 0.00733797 0.9697471935118271 -0.23504410143360727 -0.0659139670874351 -0.0306368
-0.21455491839300656 -0.9226982554098354 -0.32030316335780423 -0.0173515 0.014144298938806754 0.3249706111883306 -0.9456183377406618 0.00622746 0.9766095052787986 -0.20741752897845644 -0.056673123008805504 -0.0310535
-0.18677819019914343 -0.8884947013363211 -0.4191551900707111 -0.0182017 0.02948540978569375 0.4214013332124391 -0.9063947964196111 0.00636711 0.981959529856349 -0.18165374222421127 -0.05251094800360656 -0.0311887
-0.15742235410952216 -0.84370785355247 -0.5132009940369373 -0.0188062 0.041795647946596126 0.5135227497863448 -0.8570574713895187 0.0051947 0.9866465052080917 -0.15636957282590352 -0.045576643743304224 -0.0316013
-0.12702820221132466 -0.7878329873299754 -0.6026466791725364 -0.019868 0.05004878573868804 0.6017037311914886 -0.7971497594030397 0.00525338 0.9906356317481428 -0.13142223535219627 -0.03700325885635253 -0.0312268
-0.09583288792975903 -0.7222750811225938 -0.6849341317093147 -0.0194639 0.05499309971582039 0.6832084428969438 -0.7281496978904676 0.00381669 0.9938771637253208 -0.10744733939788426 -0.02575369258238097 -0.0316214
-0.06422259535324948 -0.6477782944581136 -0.7591170788982621 -0.0203406 0.056536208369525276 0.757103957642406 -0.6508434946017387 0.0034642 0.9963328336400895 -0.08471645974155978 -0.012000252479272389 -0.0312782
-0.032579378645626544 -0.5652767519790777 -0.8242577131935431 -0.0204258 0.054685100564843214 0.8224519859612976 -0.5661998503748746 0.00239017 0.997972005550896 -0.06352105525179669 0.0041172413604632085 -0.0313009
-0.00116772625418049 -0.47503204821380407 -0.8799677207632066 -0.0210458 0.048876460088969204 0.8788894967929154 -0.47451485127050186 0.00163846 0.9988041490024788 -0.04356381063329115 0.022191582605574744 -0.0306459
0.030858717216503406 -0.3758169184682564 -0.9261799951223173 -0.0213139 0.03693126472365019 0.9264172649101925 -0.3746827097188098 0.000646829 0.9988412392656119 -0.022642770796485384 0.042467442505927766 -0.0301447
0.05925661371013258 -0.2643064910184939 -0.9626166072414808 -0.0216363 0.018695560110065804 0.9644358174774514 -0.2636551345958791 -0.000316915 0.9980676979863536 -0.002373346180189667 0.062090558574794175 -0.0301359
0.08524092814157336 -0.14861074474400046 -0.9852151190050813 -0.0216372 -0.002742054018092438 0.9887753032032927 -0.14938500900357543 -0.00130189 0.996356595456328 0.015435229893655367 0.08387662587875722 -0.0304613
0.10846801469673978 -0.030496563851731828 -0.9936320492923852 -0.0204218 -0.027044448417445 0.9990688581559379 -0.03361568789696847 -0.00181436 0.9937319998860578 0.03051845763185747 0.1075422528415158 -0.0310911
0.12819507643201927 0.08964926414620931 -0.9876887322515286 -0.0209006 -0.05462791401630533 0.995032314915963 0.08322549659333328 -0.00262786 0.9902433101964465 0.04328627624343501 0.13245559595638517 -0.0310417
0.14147178858815923 0.21071105566455373 -0.9672572481270929 -0.0208187 -0.08489954401127749 0.9760670687907348 0.2002127484675743 -0.00346078 0.9862949865331083 0.0537952436837343 0.15597522654788265 -0.0313881
0.15084047361135378 0.32882849840759465 -0.9322655041111999 -0.0202175 -0.11652998820659655 0.9423953850028899 0.31354696645610564 -0.00439965 0.9816658868318048 0.06134131527985265 0.18046974724441978 -0.0315695
0.1561970537858206 0.44211294301463605 -0.883254564668401 -0.0193976 -0.14899149876314483 0.8945445750128244 0.42141610862832146 -0.00497324 0.9764240951988749 0.06577346679370491 0.20559629709942773 -0.0320748
0.1547424702019306 0.5497395628487983 -0.8208782985038752 -0.018437 -0.18223553329182898 0.8325116162368682 0.5231774261534231 -0.00562242 0.9710020485671735 0.06863542721867402 0.22900698637566236 -0.0325442
0.1491071428953249 0.6489814671052416 -0.7460496734745758 -0.0177761 -0.21497616322916574 0.7577134077405537 0.6161620249361885 -0.00610276 0.9651695753497724 0.06850873728310314 0.2524960271667943 -0.0327149
0.13936142241022392 0.7382700208543654 -0.659951339305781 -0.0169686 -0.24668966561917716 0.6713268973966557 0.6989022862378393 -0.00631815 0.9590216904848907 0.06540315848240857 0.2756806559046668 -0.0331426
0.12388829539223628 0.817858975587971 -0.5619238260787673 -0.0160865 -0.27884879941897034 0.5721614365906194 0.7712811663337552 -0.00661771 0.9523103681717453 0.061139075301753776 0.2989430985051196 -0.0334689
0.10434181287803213 0.8842477597606675 -0.4552127913883419 -0.0151002 -0.30868952486134565 0.4638998936275003 0.8303659831262781 -0.00634273 0.9454224258638051 0.05387752825282888 0.32136217671524947 -0.0340777
0.08019510572322719 0.9365663377383695 -0.34119237979969425 -0.0143768 -0.3359312830434755 0.347664594769479 0.8753739215995291 -0.00669032 0.9384662583656402 0.04441648972073792 0.3425029304255408 -0.034145
0.052667336867554204 0.9736065999725168 -0.22207282615672758 -0.0136237 -0.35978171357616257 0.2259470528197458 0.9052651809819439 -0.00628938 0.9315488555107996 0.03221983569212522 0.36218588043226196 -0.0347595
0.02006975246215209 0.9948732135869955 -0.09911858515532257 -0.0131567 -0.38008703926461695 0.09928735947596196 0.9196063629789375 -0.00675389 0.9247329601669695 0.01921741750017708 0.38013108692325914 -0.0348062
-0.014145418875379456 0.9995941408787937 0.024727730296704775 -0.0122964 -0.39606353414405693 -0.028308754122146063 0.9177866262707097 -0.00567757 0.9181141454340846 0.003188724014146549 0.3963032273310452 -0.0349642
-0.05115278937935436 0.9877350337270352 0.1475225246766223 -0.0118201 -0.4073489074307726 -0.1555051464630947 0.8999361183097652 -0.00550613 0.9118389439773165 -0.014058896533678145 0.4103073088242374 -0.0353557
-0.08949475223428804 0.9594916657056398 0.26714496582181746 -0.0114471 -0.41368683296927 -0.2798000512574265 0.8663573948112848 -0.00500736 0.9060098749739864 -0.032979914459532245 0.4219697047086002 -0.0356525
-0.12840413707962214 0.915323865448664 0.3816996187068497 -0.0109588 -0.4150342429427097 -0.3991572183931581 0.8175696252855833 -0.00439383 0.9006991477545707 -0.053439090044212934 0.4311441857307565 -0.0357293
-0.17510633218535393 0.8548726380534524 0.4883958897617006 -0.0106525 -0.40979743788448403 -0.5143323052444162 0.7533447681409068 -0.00374219 0.8952116131574168 -0.06822794507747776 0.44038746028764236 -0.0360782
-0.22234562725561866 0.7793626757554566 0.5857953923338765 -0.0102267 -0.39825570762501034 -0.621024975387826 0.6750706417025201 -0.00332907 0.8899184307476767 -0.0831973532261987 0.44846782162352217 -0.0362764
-0.26773002800108425 0.6903161431146215 0.6721489824896646 -0.00999481 -0.3805454314105884 -0.7166599929036802 0.5844515627524881 -0.00250374 0.88515863365787 -0.09930799125271642 0.4545680544586064 -0.036611
-0.3285855570640765 0.5764601173821903 0.7481478896291838 -0.00973521 -0.35330395506706114 -0.8096432735513643 0.4686726842125558 -0.00202118 0.8759040170149135 -0.11032453335836712 0.4697027254726078 -0.0368168
-0.3845926530390505 0.45008863942864086 0.805921030799953 -0.00967846 -0.3171354107240125 -0.884354634192808 0.342552203680864 -0.00143725 0.8668988536693861 -0.12384303629586602 0.4828553405190052 -0.0368443
-0.4345085535997256 0.31409479705617416 0.8441248576549057 -0.0101568 -0.2728398580261444 -0.9390862469308309 0.2089866806704194 -0.000638067 0.8583476735687862 -0.1395044059791922 0.49373858669486737 -0.0372165
-0.4771759631910546 0.1715882628460734 0.861893594480291 -0.0101689 -0.22143943650383371 -0.9725839938009209 0.07102781823423204 -0.000452188 0.8504514542956312 -0.15696446430870056 0.5020901122614633 -0.0373622
-0.5124985943086501 0.026116597557832952 0.8582908097863217 -0.0107403 -0.16364909789737653 -0.9841880981271308 -0.06776990676012226 -0.0003506 0.8429496803422091 -0.17519049870613126 0.5086689744559466 -0.0380135
-0.5379028897416387 -0.11908053096187106 0.8345539577243846 -0.01087 -0.10152352294880858 -0.9736171516474219 -0.20435903774001363 -0.000219396 0.8368712299366359 -0.19465217482422448 0.5116220043553075 -0.0379431
-0.5515050261704402 -0.25703109984177763 0.7935850425901865 -0.0111836 -0.03893463270460626 -0.9423766891195438 -0.3322804089624364 -0.000515208 0.8332624439424228 -0.21415225779387126 0.5097180691292861 -0.0378931
-0.5558410785569228 -0.3889195550007589 0.7346987648871398 -0.0112791 0.024951379380260902 -0.8912144264302628 -0.45289543471931804 -0.000508704 0.8309140292808271 -0.23340613929498397 0.5050776673777126 -0.0380187
-0.5509784490486349 -0.5119121223899061 0.6590665578181178 -0.0117373 0.08882700995199039 -0.8212442881607842 -0.5636200683672252 -0.000784246 0.8297785915453288 -0.2519995994313253 0.49795952737095184 -0.0384653
-0.536355767924247 -0.6237015557966821 0.5686113431080936 -0.0117164 0.1511945575639733 -0.7338229893028587 -0.6623020656268945 -0.000588938 0.8303389042899448 -0.2692585925600432 0.48789047372864225 -0.0381176
-0.5114526498453098 -0.7215716937247654 0.4666374157537998 -0.0118409 0.20961164845502112 -0.6313937369111486 -0.7465955436656077 -0.000631703 0.8333541526855073 -0.2840356312235296 0.47417783203906905 -0.0379881
-0.4630397180155113 -0.8070432863830639 0.36643601548447635 -0.0120509 0.25771457356037714 -0.518155238490791 -0.8155356199450421 -0.000633529 0.8480432878778703 -0.2831894820232119 0.4479132719140126 -0.0380408
-0.38685902391752325 -0.8822289882401606 0.26835071813267797 -0.0124101 0.2910453162954512 -0.3929502084635247 -0.87228593794177 -0.00048853 0.8750044111180596 -0.25934946689209765 0.40878494902176 -0.0380288
-0.30564563051998206 -0.9382893456132154 0.16184514961149343 -0.0129708 0.3126619457818881 -0.259459784919462 -0.9137412804888648 -0.0006866 0.8993460158381346 -0.2286782104142645 0.3726701220621303 -0.0380132
-0.19103099193027534 -0.98015225995073 0.05299723988672789 -0.013273 0.3170758137377005 -0.1127147999477412 -0.9416784494801373 -0.000302686 0.928961833696471 -0.16308562532061793 0.33231459544996356 -0.0384154
-0.058882943715443004 -0.9969871516019275 -0.05049176645829723 -0.0138487 0.2974573643512146 0.03075874397588041 -0.954239496176015 -0.000563203 0.9529175805559643 -0.07120757831650709 0.29475000501724474 -0.0384912
0.0707872610634801 -0.9849457261800681 -0.1577056757087364 -0.0147283 0.25877076233688256 0.1708222998865461 -0.9507141707269644 -0.000880948 0.9633415055060793 0.02648883427199672 0.2669671991616036 -0.0391377
0.19412646086139426 -0.9443872830176092 -0.265419624120086 -0.0153725 0.2021678251276675 0.3032735774305332 -0.9312106677415348 -0.000809931 0.9599182713526077 0.12711332309047907 0.24979814934526057 -0.0394923
0.31182662464604677 -0.8758489766853147 -0.36831063818621906 -0.0159463 0.12847153688680757 0.42294526678490435 -0.8970018759814202 -0.00083312 0.9414134162905234 0.2323916335489138 0.24440725906705857 -0.0398356
0.41567757352081797 -0.781413846447626 -0.4654079451962234 -0.0165202 0.04036313591707774 0.5270566778349772 -0.8488710594716353 -0.00101091 0.9086159651529266 0.33407133808437234 0.2506259542420388 -0.0408237
0.5032757985979437 -0.6633000947896006 -0.5538469597259776 -0.0171937 -0.05990275650149396 0.6126114624971929 -0.7881109412897229 -0.000979562 0.8620470580595496 0.4298141229289205 0.26857901895292974 -0.0407727
0.5709473157882913 -0.5256003358069017 -0.630684905157732 -0.0177988 -0.16889354140900276 0.6765767336783117 -0.7167418608645042 -0.00127565 0.8034264958690812 0.5157404487189841 0.297519167938253 -0.0416406
0.6166261604620776 -0.37251926448595746 -0.6935427714428557 -0.0184845 -0.28326677101526426 0.7169716829193115 -0.6369548981917292 -0.00162134 0.7345284982030185 0.5892206746870747 0.33658116680665084 -0.0420381
0.6389412239690797 -0.20872395909713234 -0.7403974751521734 -0.0189405 -0.39947356936412837 0.7325047416211047 -0.551232864479325 -0.00200332 0.6574001670918386 0.6479746232696288 0.3846477712221993 -0.042554
0.6370523984890787 -0.039476189367663145 -0.7698089841332854 -0.0192038 -0.5138408083681375 0.7226750347972223 -0.4622860778094151 -0.00219268 0.574571027145375 0.6900597253526988 0.44009738718977504 -0.0432095
0.6110633316802593 0.13003648711211774 -0.780827840625167 -0.0189176 -0.622844755276623 0.6877622965889489 -0.37289064645697145 -0.00277215 0.4885345591667234 0.7141943260837589 0.5012588643500885 -0.0436785
0.5617346830081044 0.29446718576221864 -0.7731385531811641 -0.0185809 -0.7230623591666342 0.628873364503861 -0.28583057249702204 -0.00292539 0.4020385188786839 0.7195883322614904 0.5661781180962058 -0.0444268
0.49061415779570317 0.4486757951701731 -0.7469857957142332 -0.0186931 -0.8113599953757406 0.5478604732009559 -0.20382310911156104 -0.0023553 0.31779349595970574 0.7060728947725141 0.6328256957435207 -0.0449269
0.418410649601755 0.554056969474993 -0.719689796284499 -0.0185994 -0.866182900420132 0.4817956955198701 -0.13266533382271373 -0.00166795 0.2732392931472428 0.6788915836528767 0.6815031227556364 -0.0457872
0.34912211873177673 0.6129837947196783 -0.7087768433176261 -0.0186994 -0.8955847807994859 0.4408432496894011 -0.059875951797240756 -0.00120596 0.27575649876761255 0.6556737730109021 0.7028870867878254 -0.0462391
0.27763300812583197 0.6674254557638506 -0.6909871010354808 -0.0187976 -0.9187777536918584 0.3945933335254473 0.011980837125074417 -0.00105893 0.2806552192993107 0.6315373006685283 0.7227677951765452 -0.0465165
0.2060486604321201 0.7204069672867107 -0.6622369296701089 -0.0185556 -0.9365301207633004 0.34135103239564635 0.07994251425558208 -0.00156636 0.28364640388555323 0.6037327837439261 0.7450177470339905 -0.0462782
0.133333635785512 0.7675692482550859 -0.6269446472387643 -0.0180436 -0.9479220346627203 0.2833953233921322 0.14536473740339198 -0.0011266 0.2892506832647154 0.5749126366784706 0.7653819323829796 -0.0467048
0.0613976086883376 0.809953286082681 -0.5832718131465127 -0.0180678 -0.9532496634856604 0.22081563568782409 0.2062899272874396 -0.00121687 0.295880740690956 0.5433379513706444 0.7856452493896481 -0.046562
-0.010431488741728556 0.84556460312878 -0.5337711925331863 -0.0186577 -0.9522425618397137 0.1545055044955818 0.26336695408024324 -0.00096404 0.30516436139164477 0.5110269572304718 0.8035708814536495 -0.04641
-0.07340278250462551 0.87332357401951 -0.4815786193160658 -0.0192447 -0.9445026850667557 0.09416105071057024 0.3147195170795266 -0.00071264 0.3201979222641328 0.4779535872769144 0.8179447774678077 -0.046062
-0.13498265195088838 0.8950528957081769 -0.4250411716018963 -0.0188085 -0.9316513016608707 0.03140114618245815 0.36199422665566516 0.000159064 0.33735076076082965 0.44485310148726087 0.8296385853558488 -0.0464532
-0.19469372919169953 0.9105756904758997 -0.36461796956234616 -0.0194507 -0.9137799096249921 -0.03326845988519944 0.404845015212746 0.000416341 0.35651175096926446 0.4120013610307686 0.8385429326692961 -0.0464646
-0.24371261000559508 0.9153088320678796 -0.320646075389665 -0.0198697 -0.8875405409972018 -0.07720056004061354 0.45421565540589826 0.000755085 0.39099354446161233 0.3952844741043463 0.8311884459744344 -0.0466667
-0.29025557350417874 0.916931995361348 -0.273838306181618 -0.0194439 -0.8571465354315262 -0.12187401126219455 0.5004463429545609 0.000823571 0.4255014910050162 0.37997689569435633 0.8213196940844586 -0.0469198
-0.33408863049113485 0.9154211340985937 -0.22447479640753076 -0.0195741 -0.8227551878976783 -0.16704560377312277 0.5432951932858682 0.00107502 0.45984637409031937 0.36619655037386317 0.8089755241849217 -0.047324
-0.3758192071909382 0.9107813146889621 -0.170989240362721 -0.0193196 -0.7847064011477687 -0.21462108889936282 0.581527000402706 0.00112792 0.4929460289971831 0.35272536769149093 0.7953546551588232 -0.047586
-0.409693870445911 0.9060830820066995 -0.10566163457134922 -0.0190339 -0.7448496028733073 -0.2654024854156296 0.6121769269048637 0.00129541 0.5266402962350348 0.3295071611307512 0.7836293952788063 -0.0478734
-0.43959951867469077 0.8973507309525974 -0.038909238489334974 -0.0188398 -0.701987671244203 -0.3162243141453602 0.6381343844085178 0.00177921 0.5603263090397608 0.3078373739527681 0.7689412062022314 -0.0482312
-0.46548637865886333 0.8845825412945958 0.02891641263802508 -0.0181814 -0.6563731845992655 -0.36694601916864855 0.6591849979750001 0.00198935 0.5937143031981598 0.28786167972322585 0.751424633296545 -0.0486045
-0.43310148875764265 0.8733360991892226 0.2229510221749749 -0.0182901 -0.6506226075232272 -0.47409786535325404 0.5932296660208123 0.0020441 0.6237894861374231 0.11187167613136192 0.7735447013999704 -0.0488031
-0.3958323735010957 0.8219686982180489 0.40949260217763994 -0.0186938 -0.6504563695414446 -0.5657254360539655 0.5068148008143744 0.00191107 0.6482462829908495 -0.06574336583470788 0.758587217422803 -0.0490336
-0.34541289081682547 0.7343957054411584 0.5842541250921099 -0.0191664 -0.661938114966581 -0.631976892552186 0.403042354144787 0.00167978 0.6652276804313338 -0.2475240495581506 0.7044174742851579 -0.0493019
-0.29447357896033954 0.6109886548312654 0.7348320726273248 -0.0198285 -0.6792468805303583 -0.6747014423648369 0.28879341917811424 0.00171015 0.6722417620053562 -0.4140903613201951 0.6136938862964536 -0.0496456
-0.24517327678369677 0.45720091134554086 0.854901977431303 -0.0200284 -0.7017004189687888 -0.6921561331410047 0.16892723100293308 0.0015909 0.6689593308790688 -0.5584686329778057 0.49051625825219086 -0.049705
-0.24583276369762314 0.37980659258901694 0.8918033440836097 -0.0202064 -0.686219936397335 -0.7179850265456348 0.11661775399612989 0.00157909 0.6845936394560106 -0.5833047692949072 0.4371350991789484 -0.0498953
-0.24423834411569917 0.2993149037523253 0.9223655564120754 -0.0198708 -0.6709689993599965 -0.7388801289685933 0.062102793119148125 0.00211138 0.7001058728231511 -0.6037108110735561 0.3812938806635149 -0.0495107
-0.24000613782272445 0.2155049167823985 0.9465488284552627 -0.0196351 -0.6564943598730417 -0.754312470999557 0.005277456719593343 0.00244069 0.7151309035850039 -0.6201373452205192 0.3225173852686735 -0.0494548
-0.23227322169171719 0.12594957582943866 0.9644614325276748 -0.018854 -0.6438094920149366 -0.7631786997786548 -0.05538601082972827 0.0027177 0.7290805774922409 -0.6337941121157138 0.25835350775833166 -0.0490473
-0.36613876312999183 0.20387121896383323 0.907953155295933 -0.0199238 -0.5420119098463418 -0.8398353640551517 -0.029994180553433447 0.00344989 0.7564162185717338 -0.5031034559218925 0.4179969101812686 -0.0492869
-0.3868987854313175 0.13853702748095215 0.9116560874850305 -0.0197274 -0.49460173550735514 -0.8655791950707514 -0.07836951125139444 0.00381017 0.7782534632527399 -0.4812277517739516 0.4034121934916002 -0.0490304
-0.3874006206546382 0.05756589666318479 0.9201124532674062 -0.0197307 -0.4537281882528713 -0.880711280405874 -0.13593517480995476 0.00421581 0.8025281866085253 -0.4701423275000981 0.3673073666449156 -0.0487882
-0.3840323577197843 -0.023740056991813724 0.9230143866258042 -0.0197174 -0.41254439126604525 -0.8899235012643371 -0.19453351159209603 0.00443459 0.826030431315404 -0.4554915713725661 0.3319655930204797 -0.0488975
-0.37776904758713276 -0.10403234834776062 0.9200368564260679 -0.0207248 -0.3708144213559812 -0.8934995408317792 -0.2532888379850734 0.00421711 0.8484027413908679 -0.43684761763188107 0.29895977550468283 -0.0496542
-0.3639642379797828 -0.18834912172808022 0.912170292114393 -0.0197478 -0.33150917951562037 -0.8890135006053971 -0.31584277677068684 0.00455155 0.8704204141497811 -0.4173483006861278 0.26112965849501896 -0.0493603
-0.34277443858267725 -0.2739231199079062 0.8985943515481556 -0.0199289 -0.2944140044811121 -0.8770301958890767 -0.37965567224020824 0.00505272 0.8920908463938675 -0.3946950213502668 0.21997673036388715 -0.0490472
-0.3178480484516806 -0.35713927266626344 0.8783075532038139 -0.02022 -0.2587655379899071 -0.8585044375866415 -0.4427307612904692 0.00527642 0.9121474740655987 -0.3679968349910864 0.18045862404521185 -0.0492355
-0.2893782193442268 -0.43740461707071554 0.8514325851964941 -0.0206155 -0.2248300682556983 -0.8335468319136629 -0.5046296854276747 0.00541202 0.9304362882956052 -0.3374564860421513 0.14286858804783067 -0.0494863
-0.25762365648424773 -0.5139598010326101 0.8182147484262347 -0.0212063 -0.19290161109239604 -0.8023939661021916 -0.564759144769479 0.00524033 0.9467940747901017 -0.3033302590994099 0.10757199383222632 -0.0499793
-0.2546077028665584 -0.5795221444936843 0.7741634205272524 -0.0214584 -0.14927081027384428 -0.7673995722813085 -0.6235512181550563 0.00519369 0.9554544169353157 -0.27432094434057697 0.10888010219911529 -0.0504225
-0.2480326196053088 -0.6417037558309711 0.7257383201706757 -0.0212697 -0.10584534682509239 -0.7267119133829287 -0.6787389465050605 0.00542093 0.9629520144675978 -0.24516542313252268 0.11232690297986052 -0.0502647
-0.21820613809454129 -0.7116432460676148 0.6677948574406769 -0.0211913 -0.07379765505850289 -0.6702923788344404 -0.7384186028157289 0.00559785 0.9731084150318154 -0.2104091661568363 0.09374430858165536 -0.0502306
-0.18533278486958027 -0.7749844557808214 0.6041943827532573 -0.0212608 -0.04438325863355164 -0.6076171251163751 -0.7929890009441357 0.005524 0.9816730031968653 -0.17378297547059984 0.0782150383943635 -0.0505451
-0.14972134263783138 -0.8311416448910034 0.5355250560773068 -0.0218363 -0.01785717995968289 -0.5392687445567518 -0.8419443819327215 0.00522336 0.9885669631757945 -0.13562001058863787 0.06589819455284911 -0.0508731
-0.12236593383125023 -0.8789447970624533 0.46095837334237555 -0.0220225 0.011541652379361167 -0.4656774830521977 -0.8848792415005134 0.00503866 0.9924179404353591 -0.10295885340762523 0.06712753538621134 -0.0514006
-0.09242682626790569 -0.919133193432899 0.38295098187089643 -0.0219845 0.0384712232346629 -0.3876064793139117 -0.9210218141698399 0.00516023 0.9949760031120707 -0.07039453049573846 0.07118541499080722 -0.051566
-0.05312040051058731 -0.9516049012412837 0.3026984224986337 -0.0222104 0.05972357541323969 -0.30561132299685423 -0.950281439256798 0.00495626 0.9968005405242584 -0.032401098587532595 0.07306744296105575 -0.0515612
-0.014637922403090031 -0.975300763905957 0.22039544267560957 -0.0223874 0.0788168009150203 -0.22085867285519098 -0.9721159182516075 0.00473179 0.9967816426486009 0.0031411063497656655 0.08010299825634684 -0.0522342
0.025364282960096823 -0.9902788624996639 0.13676413139523158 -0.0224603 0.09441570821037565 -0.13382357710647508 -0.986497300682349 0.00477664 0.9952096900618751 0.03793447899733643 0.09010354105221008 -0.0524364
0.06800302052032894 -0.9963002165604071 0.052549668712536024 -0.0225824 0.10616851862065557 -0.04514603191660038 -0.9933227478801039 0.00457503 0.9920200778482293 0.07312806768861635 0.10270565155882078 -0.0526019
0.11133835008896803 -0.9932851218268279 -0.0314394426943298 -0.0227811 0.11406182974341766 0.04419958156794396 -0.992489947548489 0.00422826 0.9872151086744216 0.10691615288010659 0.11821702693887914 -0.0531092
0.14795961503653957 -0.9822353404460396 -0.11541961833714226 -0.022769 0.12285005536394783 0.1340538141536093 -0.9833297711388302 0.00435915 0.9813336925915228 0.13131378788886622 0.14050221669056998 -0.0535569
0.1843354268724707 -0.9628017974884546 -0.1975680873844392 -0.0229229 0.1286886923716966 0.22292515116815478 -0.9663040915945242 0.00381966 0.9744022120538351 0.1526992983928111 0.16499470723310009 -0.0542305
0.20648761653866932 -0.9375720149329498 -0.2798599310918734 -0.0230038 0.14082408326925383 0.31152334156568956 -0.9397455960158159 0.00373138 0.9682620728849982 0.15463481003420737 0.19635843179790088 -0.0548168
0.22955585415418348 -0.9046196148268814 -0.359120400832378 -0.0230143 0.15076684557245146 0.39756995565301523 -0.905100816836551 0.00385459 0.9615474341391981 0.1536277410903516 0.22765115652638365 -0.0549633
0.24875938408106607 -0.8646301948747903 -0.4365013115013408 -0.0230579 0.1615457215448462 0.48139325822146 -0.8614891240111402 0.00406364 0.9549982977378355 0.14378858455979265 0.259428399116457 -0.0553449
0.2633711192264576 -0.8191217251724336 -0.5095834111388828 -0.0230872 0.17463524347745368 0.5599881829432085 -0.8098862677558711 0.00369977 0.9487561252993173 0.12430942970869208 0.2905322364085029 -0.0558161
0.2573140054161826 -0.7700044983325163 -0.5838515009524003 -0.0230784 0.20709945170689797 0.634099914543018 -0.7450014197833716 0.00357009 0.9438746313570374 0.07078397363971073 0.3226302982616322 -0.0561188
0.2541601422925351 -0.7135177729304117 -0.6529127122229004 -0.0231769 0.23966227182245212 0.700489703200175 -0.6722173541165328 0.00351854 0.936997661435043 0.014372314460670221 0.3490398530860111 -0.0564964
0.24997725476472155 -0.6505384754582108 -0.7171548396607248 -0.02315 0.2747206573018416 0.7578845285052428 -0.5917259516905014 0.00285511 0.9284610560233193 -0.04909921996215744 0.36817025144241367 -0.0572778
0.24906046725721653 -0.5812479166696232 -0.7746739591704622 -0.0230708 0.3094120365587103 0.8057152469525396 -0.5050615135414682 0.00286177 0.917732572856716 -0.1139025908196569 0.3805169175245189 -0.0574931
0.2501320167597431 -0.506621105580591 -0.8250872860322136 -0.0228938 0.34428446234921684 0.8430209464191325 -0.41326007898598377 0.00254186 0.9049321428574713 -0.18069515565972022 0.3852883044481044 -0.0579749
0.2545427442943774 -0.42731458836537883 -0.8675311140801895 -0.0227616 0.3780682819399238 0.8696558663925522 -0.3174319584415125 0.00270505 0.8900968292933539 -0.24718599600128385 0.382918683094429 -0.0580644
0.28010345664099456 -0.36106520738298115 -0.8894796060592123 -0.0224779 0.4000048125478481 0.8861987273213251 -0.23376904335823623 0.0028384 0.8726615629878101 -0.2903166059865484 0.3926551473903326 -0.0579887
0.31611346309101873 -0.3373979546867885 -0.8866988770861136 -0.0224149 0.41882253965759714 0.8882506253785977 -0.18867566559917218 0.00306484 0.8512696157665699 -0.31172655755918843 0.42209784953839125 -0.0579785
0.4050425869961633 -0.35554315896674343 -0.8423357791471312 -0.0224444 0.40289665406636316 0.8964276642508883 -0.18463945653035813 0.00314328 0.8207403906605212 -0.26458742388414025 0.506338529306994 -0.0580396
0.490191661733031 -0.3687717889372348 -0.7897591420499296 -0.022557 0.38644238449184903 0.9041156489193265 -0.18231066026823134 0.00304537 0.7812646275338869 -0.21582924051948132 0.5856990017928324 -0.0582692
0.5707446594203417 -0.37696206931617393 -0.7294862110006098 -0.0225888 0.36959528451218393 0.9112503214969475 -0.18172005183266796 0.00288328 0.7332461110769807 -0.1658989146094025 0.659414657648665 -0.0585276
0.6435277921547967 -0.3805872020723771 -0.6640974042586613 -0.0227294 0.3542298408829357 0.9172014939935071 -0.18238047933956048 0.00287277 0.6785228076877167 -0.11787621063979535 0.7250599964229028 -0.0587127
0.7058606185337071 -0.3821171962472344 -0.5964455008928856 -0.0230516 0.34243759416198805 0.9211675902077527 -0.184896632893602 0.00294135 0.6200784477046127 -0.07373411071542393 0.7810672183680759 -0.0589906
0.7506220270661383 -0.3864736577796093 -0.5359148106980912 -0.02341 0.3403367980046167 0.921368140896356 -0.18775412875661968 0.0031415 0.5663368577155173 -0.041459145958908095 0.8231304287956264 -0.0595228
0.7912075642350036 -0.38838456901610907 -0.4723854536789679 -0.0234444 0.33843314180824635 0.9214539391968295 -0.19075022009016274 0.00299733 0.5093658791312121 -0.008947876218258433 0.8605035367086358 -0.0595704
0.8273658393116172 -0.3878577639340138 -0.40624145885949486 -0.0239097 0.33675552111631996 0.9214170878513901 -0.19387178550046963 0.00317512 0.4495124992009228 0.023598838352154636 0.8929622656588406 -0.0599933
0.858876282933516 -0.3849012920436064 -0.337909049889862 -0.024306 0.33531951136983457 0.9212595895224379 -0.19708270854553545 0.00323489 0.3871593417560814 0.0559621666495454 0.9203129250395684 -0.0602156
0.8748951824402111 -0.3918258472668359 -0.2846593141924849 -0.0250157 0.3458267774767566 0.9169080875231167 -0.1992069251174326 0.00353077 0.33906084958743254 0.07584236578803905 0.9377023386068319 -0.0606401
0.8880869270470461 -0.397663554882063 -0.2305760332877101 -0.0253873 0.3564898476339388 0.9124931496025376 -0.2006769554841116 0.00390001 0.29020096233828346 0.09602056575026777 0.9521362572714751 -0.0605825
0.8996129235101079 -0.39955187071534987 -0.17622397811155274 -0.0255403 0.36386005330862786 0.9089699123234816 -0.20341966497092814 0.00376821 0.2414590016127773 0.11887809343401531 0.963102045186103 -0.06045
0.905045943247619 -0.40635431811780226 -0.12557073209169012 -0.0260637 0.3773813586895048 0.9034132881092936 -0.2035380578201958 0.0037436 0.19615083666579247 0.13682324003826973 0.9709810761599523 -0.0606555
0.9102520451591257 -0.40678542384040994 -0.07724527969142844 -0.0263032 0.38435974556195496 0.8995132406767831 -0.20771017268949815 0.0039392 0.15397662249568353 0.15937863344291142 0.9751357089793666 -0.0605918
0.9118222427970825 -0.4094019570954177 -0.031148596548486007 -0.0264191 0.39439394168893904 0.8944351120544087 -0.21080618843686574 0.00395502 0.11416486455806088 0.1799329537651714 0.9770314815039383 -0.0605009
0.9114703123290129 -0.4110926139016476 0.014991081961044334 -0.0263407 0.40458604823782757 0.8892637459244896 -0.21335444629921158 0.00466534 0.07437741131654227 0.2005314264145543 0.9768598403588891 -0.0600881
0.9092283067779036 -0.4117912215875257 0.06108908230804792 -0.0269761 0.41484986984927674 0.8840287638384876 -0.21538971700671616 0.0045209 0.034691088766775874 0.22118122553609382 0.9746155107684912 -0.0604833
0.9050670854359825 -0.4115458718641837 0.10716140262223434 -0.0269952 0.42524009389921813 0.8787313059247994 -0.216799802878786 0.00437612 -0.0049430153752360526 0.24178769062804925 0.9703165871300741 -0.0603031
0.8997537641709246 -0.40982723366767887 0.14994933279128125 -0.0276419 0.4344846454460573 0.873406691265449 -0.21996327994543716 0.00425813 -0.04081980808218693 0.26306347180298256 0.9639145984324001 -0.0603729
0.8945101195247727 -0.4047352506478186 0.18984473379797637 -0.0277775 0.4409925171068089 0.8685347099032839 -0.22621462717742088 0.00388763 -0.07332970696503524 0.2860713802117683 0.9553983041120369 -0.0597843
0.8923809094365203 -0.3951033348621571 0.21805886190212825 -0.0275356 0.44164629710767556 0.8639285019585063 -0.24202498167505382 0.00349756 -0.09276238852211625 0.31228336216413055 0.945449227082628 -0.0587657
0.8896750763440782 -0.38469558319866504 0.24594220215245177 -0.0286927 0.4426180023592342 0.8588866780829585 -0.25768775329677773 0.00332337 -0.11210514046946918 0.33811681779979386 0.9344032614461817 -0.0592996
0.8972521050804597 -0.36300251973133885 0.2513321121492085 -0.0291949 0.4282213927516518 0.8541266085332371 -0.29511722312556693 0.00308974 -0.10754114895480212 0.3724203368026631 0.9218123420833938 -0.0590936
0.9176744815058826 -0.3282685688540959 0.22385998457829162 -0.0292714 0.3909115442809857 0.8467936150265539 -0.3607336109903194 0.00286028 -0.07114569938347784 0.41854548170150385 0.9054048648016486 -0.0585983
0.9341810288491392 -0.2987478312078396 0.1950782886099226 -0.0293022 0.3548717479577053 0.8347193930571547 -0.4210814379140198 0.00282603 -0.037038464328411014 0.46259406416739485 0.8857961864657612 -0.058523
0.9486558584906968 -0.2704186477127732 0.1640908806743206 -0.0300454 0.31627266578190055 0.8189034682830346 -0.47892453530094603 0.00291858 -0.0048644661052685695 0.5062320264495441 0.8623835993143067 -0.0592137
0.961019002610467 -0.24343609723652104 0.13107762274253612 -0.0295634 0.2753317914501603 0.799427592846191 -0.5339549872535985 0.00291026 0.025196849771925545 0.5492307259780684 0.8352908046920996 -0.0589705
0.9712110467568624 -0.21794596228141408 0.09616995467747651 -0.0293582 0.23224373801343365 0.7763947297609244 -0.5858959547163717 0.0026802 0.05302781167450772 0.5913634932295783 0.8046597231527891 -0.0578141
0.9792441684273765 -0.19395016284733704 0.05885739488345901 -0.0297462 0.18665066892288038 0.7497237814959437 -0.6348824924740514 0.00299276 0.07900877414323862 0.6326907505179084 0.7703635685943804 -0.0583515
0.9785574836188035 -0.20499446260439508 0.02006293984364707 -0.0304372 0.16626828136311722 0.7286723442893339 -0.66437299258808 0.00275521 0.12157347517526107 0.6534629943381806 0.7471318525965738 -0.0584324
0.9759722613484733 -0.21713310169010194 -0.018203330156403866 -0.0304172 0.14440004802411152 0.7070838746558304 -0.6922290230352466 0.0031592 0.16317711607018148 0.6729677632339706 0.7214482784225663 -0.0592819
0.97150302845811 -0.23033081071134898 -0.05594267900068067 -0.0299859 0.12103508131460174 0.6849986342250739 -0.7184200583230892 0.00306358 0.20379493317520975 0.6911762356641292 0.6933563560430348 -0.058979
0.9654328472412591 -0.2493951764010916 -0.07577244522584621 -0.0298112 0.1164978479974381 0.6729150140258884 -0.7304886277763015 0.0030135 0.2331687562251883 0.6964103889851204 0.678708259294074 -0.0589753
0.9585370839261851 -0.26860317651388366 -0.0951787387231882 -0.0296134 0.11145730424551471 0.6607673787759214 -0.7422693180213773 0.00295849 0.2622669023506554 0.7008843019445143 0.6633078223714404 -0.058644
0.9519828872108032 -0.2856507320224366 -0.110146455924962 -0.0296713 0.10824080640804046 0.6505803309677102 -0.751684216134729 0.00299698 0.2863782643391789 0.7036681691344231 0.6502604074223561 -0.0589732
0.9448731326245787 -0.3027266478405736 -0.12478517512679328 -0.0291706 0.10466890594109378 0.640347846096907 -0.7609198749724877 0.00216105 0.31025664114295703 0.705911618183368 0.6367335423396737 -0.0584238
0.9372053589423666 -0.3198421664826313 -0.13909386654129402 -0.0290775 0.1007510468139308 0.6300705160373666 -0.7699742667039622 0.0021052 0.33390918186777624 0.7076101563432395 0.6227298972301627 -0.0582939
0.9289854748175812 -0.3369849507973221 -0.15305923857800913 -0.0290638 0.09649699344961997 0.6197656507400262 -0.7788317330579027 0.00231882 0.35731543184298314 0.7087536109953292 0.6082713219180601 -0.0581391
0.9202228674605416 -0.35413326142319707 -0.16667185532197304 -0.0290902 0.09190041541256894 0.6094357755260127 -0.7874911740178461 0.00244727 0.38045260920342816 0.7093501735128975 0.5933617307237857 -0.0581337
0.9109214049510825 -0.37128290141686543 -0.17991998531964143 -0.0289901 0.08697210919810755 0.5990882925730525 -0.795945393807601 0.00232557 0.4033088719871883 0.7093956757814209 0.5780136062058081 -0.0580555
0.901094559999976 -0.3884090929824307 -0.19278737102573654 -0.0289439 0.08170960418111428 0.5887253679952302 -0.8041927515611206 0.00199699 0.4258545931688599 0.7089011338455075 0.5622339796824259 -0.058052
0.8924670538582071 -0.4143336099160342 -0.1784102504667252 -0.0290028 0.08396442303840015 0.5411480067273586 -0.8367250507059264 0.00172629 0.4432296621859604 0.7317694271483021 0.5177460497672244 -0.0580088
0.8835787664259425 -0.43910066140036474 -0.16272422277882376 -0.0290341 0.0849683124381797 0.49205506886364603 -0.8664076379435957 0.00177353 0.4605094455085779 0.7517129893538856 0.47207905294985 -0.0579313
0.8744321425324479 -0.46277553040343566 -0.14562704613474656 -0.0291273 0.08484974239479512 0.44142500152027 -0.8932773865090097 0.00146524 0.4776703354005247 0.7687540416106106 0.425262594388105 -0.0579494
0.8650524908590356 -0.48529748811036694 -0.12716342277693912 -0.0291664 0.08361179858686191 0.3893933662152813 -0.9172687029898066 0.00182094 0.4946647907377766 0.7828532138155275 0.3774222971991077 -0.0578322
0.8554805865520962 -0.5065772970517178 -0.10738905039275329 -0.0293207 0.08124750767322597 0.3361180292552793 -0.9383088579494689 0.00198093 0.5114213610413343 0.7939799194698334 0.3287005916473324 -0.0576935
0.845739764743803 -0.5265584798844305 -0.0863737089217265 -0.0294073 0.07779581699854637 0.28182034036877834 -0.956308060518134 0.00203229 0.5278939866948912 0.8020682408724487 0.27931071550363085 -0.0576527
0.8358723618407085 -0.5451580624087518 -0.06418786257207745 -0.0289991 0.07324293489086364 0.22665375910093216 -0.9712175585181675 0.00221132 0.5440155027197379 0.8071126070605965 0.22938258941000472 -0.057697
