1.0 0.0 0.0 0.0 0.0 -1.0 0.0 0.0 0.0 0.0 -1.0 0.0
0.9999996878783143 -0.000654687963167584 -0.000442297349094032 -9.32214e-05 -0.000654635827950999 -0.9999997787629776 0.00011800817145892244 0.000115359 -0.0004423745097708931 -0.00011771859093468832 -0.9999998952235577 0.000177258
0.9999985274351479 -0.0014958514005889352 -0.0008411635531777108 -8.97959e-05 -0.0014956783651624722 -0.9999988601924021 0.00020630105335215677 0.000284845 -0.0008414711901327017 -0.00020504263943242553 -0.9999996249418057 0.000268668
0.9999963947510843 -0.0023687092827276465 -0.001264792934841238 -0.000136044 -0.0023683268069688624 -0.9999971493585255 0.0003038140196150007 0.000523431 -0.0012655089764585263 -0.00030081748127698657 -0.9999991539975789 0.000203061
0.9999307272020229 -0.006164681003856729 -0.010026839250405232 -0.000165906 -0.006140937041320441 -0.9999782711480113 0.0023971074419368737 0.000696165 -0.01004139878141076 -0.002335367199037141 -0.9999468567731776 0.000269356
0.9985656550700306 -0.021057278651928305 -0.04922624838778432 -0.000129987 -0.020489921283448228 -0.9997180188296926 0.012001914556976717 0.000935616 -0.049465095171836976 -0.01097605771713682 -0.9987155403400068 0.000203017
0.9954492936577697 -0.03649993353225527 -0.08802532935688819 -6.80971e-05 -0.03466189693693723 -0.9991498198310913 0.02232017993277011 0.00111785 -0.08876517705148139 -0.019167482454381917 -0.9958681393434476 0.000197632
0.9905426950909957 -0.05294182223873594 -0.12657935321334748 6.833e-07 -0.049120454052105016 -0.9982434207307509 0.033124823946465404 0.00136283 -0.12811069508664116 -0.026593917082885176 -0.9914032546742051 0.000131014
0.9838383999993449 -0.06973067321659701 -0.1649231211792 0.000111016 -0.0631972167633729 -0.9970065579270818 0.04454251052371826 0.00162147 -0.16753541261504146 -0.03339995004715503 -0.9853001212101596 9.53858e-05
0.9717727325728766 -0.11903743847096522 -0.20368565111493742 0.000190855 -0.11064890942806553 -0.992491473323161 0.05212959066788547 0.00182802 -0.20836164491149656 -0.02812051960922332 -0.977647513834451 0.000119646
0.9528604858371196 -0.19775919438493508 -0.23010474911759257 0.000293179 -0.190232101420139 -0.9802152523879527 0.05467912376127283 0.00207507 -0.23636548419667094 -0.008328266460920913 -0.9716285287383392 6.49767e-05
0.9268756997746819 -0.27441984863424873 -0.2561155673572957 0.000328966 -0.2682479860484268 -0.9615137962591915 0.059449454027773074 0.0022144 -0.26257276162648036 0.013600230836029816 -0.9648163444786007 0.00012836
0.894008226966647 -0.34856774767933363 -0.28151343732352885 0.000374925 -0.3442501813871378 -0.9365297648596711 0.0663612247235647 0.00235504 -0.2867770958965773 0.03758357100709217 -0.9572598249480022 -0.000156252
0.8544897589217189 -0.41976691020146617 -0.3060114262536889 0.00049586 -0.4177936150537416 -0.9054110953656549 0.07536075642594696 0.00257095 -0.30870009251412384 0.06345462543171433 -0.9490404434970579 -0.000107284
0.8085924557114869 -0.48748067436665393 -0.3294553576518364 0.000553048 -0.48832507099697714 -0.8683755441183624 0.08638599083725919 0.00274631 -0.3282024765328019 0.0910302504454981 -0.9402109486182159 -0.000233775
0.7565809096871556 -0.5513970652026908 -0.3514919680203452 0.000692269 -0.5555182011762346 -0.8255508079065474 0.09932467833709369 0.00293549 -0.34494181430913307 0.12011303031189427 -0.9309070870341558 -0.000393685
0.6997147761951612 -0.6136980465018521 -0.36575119916955273 0.000856749 -0.6217356159235944 -0.7752656631249146 0.11139109242482019 0.00306534 -0.35191484178173543 0.14945855378430753 -0.9240227728981787 -0.000581768
0.6374310880199615 -0.6709701246624112 -0.37878846317726744 0.000963028 -0.6832262390013032 -0.7194784267945885 0.12471046354383429 0.00322266 -0.3562071228454339 0.17930389060946803 -0.9170423111538996 -0.000681841
0.5698807585332422 -0.72338910664185 -0.38980010447084623 0.00109318 -0.7400549187740567 -0.6579931810281525 0.1391534797221294 0.00336707 -0.35714792208817425 0.20917259407570374 -0.9103253196718963 -0.00086539
0.48450611994652304 -0.7875075652622475 -0.3809011084114788 0.00124297 -0.8070686538829902 -0.5703807715846079 0.15266290749899372 0.00353351 -0.3374818627035598 0.23344723185609853 -0.9119256451514353 -0.0010603
0.37009445932991 -0.8596341138466362 -0.352220501226731 0.00134716 -0.879810333605661 -0.4460610713199416 0.1642050472232847 0.00362784 -0.29826811437697587 0.24911585851569948 -0.9213997075004903 -0.001206
0.24684930842258582 -0.9138684082419805 -0.32235066519019295 0.00139616 -0.9342478118868512 -0.3127819879454626 0.17131390486914694 0.00354284 -0.25738384742621623 0.2588666846740872 -0.930989578163969 -0.00135698
0.11712483440233168 -0.9492926506766307 -0.29176229457824543 0.00141227 -0.9694504525436928 -0.17304265394042695 0.17384493084379254 0.0036004 -0.21551703698096755 0.2624875297773023 -0.9405597819821738 -0.001416
-0.016204555320327912 -0.9651805926627202 -0.26108204828005915 0.0014483 -0.9846772946718587 -0.029939364334168633 0.17179714730162368 0.00346738 -0.17363190301491344 0.2598654613651199 -0.9499062607672999 -0.00149524
-0.15098066416959735 -0.9612418312931283 -0.23069239436778266 0.00157341 -0.9796402048485975 0.11425215792323327 0.16508032424878094 0.00351083 -0.13232500931836488 0.2509194814718815 -0.9589210112031005 -0.00162716
-0.2842104521344401 -0.9373900178985938 -0.20130666467261155 0.00164211 -0.9542832503129993 0.25630610399008436 0.1537877083172828 0.00335384 -0.09256293572264607 0.2358116523870231 -0.9673804667910693 -0.00180034
-0.4128526727875933 -0.894075219125804 -0.17373017330701607 0.00174901 -0.9091176379325513 0.3929442059201509 0.13820264626164203 0.00332701 -0.05529729624564793 0.21499849668992443 -0.975047617016212 -0.00194602
-0.534183093873632 -0.8322052685031858 -0.14860287108644726 0.0017718 -0.8451004870506125 0.5212696320043491 0.11867239585037626 0.00322266 -0.021297629126556625 0.18897714630502627 -0.9817505025045807 -0.0020199
-0.6456628506233033 -0.7530915348770604 -0.12638284464872043 0.0018802 -0.7635728569808791 0.6386062250351161 0.09559592788636898 0.00304333 0.008716387270376491 0.15822524906888683 -0.9873645705361525 -0.00213462
-0.7447739737448414 -0.6585678741606014 -0.10770368218359269 0.00192265 -0.6664429374488985 0.7423041470333117 0.06955835263741506 0.00283223 0.034139993509102774 0.12358360902940868 -0.9917467178783425 -0.00213964
-0.8293769297285142 -0.5505552589849467 -0.0949885005572855 0.00193247 -0.555920403263934 0.8301574904187129 0.04232075538750951 0.00281326 0.055555500798463775 0.0879059037023267 -0.9945783721885918 -0.00227346
-0.8980767656162751 -0.4307144683336519 -0.08912446256931662 0.0019076 -0.4335928728433369 0.9009848481258118 0.014950721292612587 0.0029246 0.07386029839955811 0.05207062718814834 -0.9959082819740788 -0.00245225
-0.9493049848409809 -0.30079567532391693 -0.0913345907227604 0.00183588 -0.301040123840012 0.9535431285116656 -0.011416913180709013 0.00282846 0.09052562948941939 0.016657243908112837 -0.9957548125070399 -0.00253675
-0.9800023276990389 -0.16949279490235544 -0.10424792650529578 0.00185045 -0.16681938773810587 0.9854040348886487 -0.03391430229054351 0.00269236 0.10847455728948134 -0.01584551991444099 -0.9939729321865319 -0.00251917
-0.9905103455513433 -0.035711652315510406 -0.1327174941168442 0.0017538 -0.02943117122843178 0.9983657127607648 -0.04898683235128459 0.00262542 0.13424999633475304 -0.0446159329453754 -0.9899426028874263 -0.00262039
-0.9815574373074667 0.09537084469631117 -0.16567860226447786 0.00164386 0.10627191719160357 0.9926318999439716 -0.05820816806980387 0.00240798 0.15890650358880817 -0.0747416429812302 -0.984460466408706 -0.00239006
-0.9541716910668994 0.22314243573445583 -0.199408719320465 0.00157071 0.23968313776669495 0.9688208557579514 -0.0627546246801178 0.00233147 0.17918810629292692 -0.10767359389806377 -0.9779049134451825 -0.00219339
-0.8915283695699352 0.3765476802908921 -0.2517717432904676 0.00144662 0.4014277288051687 0.9142943442206759 -0.054052110711867635 0.00234288 0.20984028402167418 -0.14925714922117536 -0.9662760260961001 -0.00256171
-0.8091294595555525 0.5018606825922863 -0.3056883591950201 0.00143606 0.5359528903746328 0.8435755146544794 -0.03368754034515538 0.00241412 0.24096476293934763 -0.19109214097768146 -0.9515354836673984 -0.00240772
-0.7059449061232942 0.6128128920654938 -0.35510864370907513 0.00136403 0.6569916203857182 0.7538806070942351 -0.005103037348094058 0.00233647 0.2645823128282042 -0.23690586646504383 -0.9348111093546788 -0.00276877
-0.5848417745866306 0.7062298914960584 -0.39899804392481186 0.00119185 0.7611379891094402 0.6478469593727585 0.03103673252629699 0.00230573 0.28040873779680664 -0.2855409910834813 -0.9164263648424049 -0.00301082
-0.448820198357937 0.7800597419016927 -0.43596700403838645 0.00121964 0.846038545416932 0.5279968091696783 0.07374380770912148 0.00240987 0.2877137626439577 -0.33574717954273675 -0.8969362420007083 -0.00283832
-0.3093779577957343 0.8311670284513905 -0.46200286800562906 0.00124463 0.9075883182204308 0.40310219889157983 0.11743960949604487 0.00242496 0.2838463032346047 -0.3829751794360296 -0.8790684205885173 -0.00285314
-0.19113291302760588 0.8529293504326387 -0.48577745185232535 0.00130413 0.9405916416093976 0.30064690293737467 0.15779354704392431 0.00261999 0.2806342339988477 -0.42675867059114503 -0.8597217362514212 -0.00272362
-0.07030756317548689 0.8608824265115868 -0.5039229050994282 0.00136966 0.9598361384425061 0.19593408044870952 0.20080942074139993 0.00261529 0.27160897242194126 -0.46956499426835574 -0.8400817116552746 -0.00272118
0.05125523277713705 0.8548589168198172 -0.5163227028192838 0.00150378 0.9650385307399757 0.09067366590635483 0.2459246236112434 0.00271112 0.2570477296149306 -0.5108762263452389 -0.8203242932249769 -0.00263914
0.17183842880514785 0.8350819750257594 -0.5225989374011922 0.0017138 0.9561924762823171 -0.013764992533093517 0.292414899212839 0.00288173 0.23699684109048588 -0.5499532888961034 -0.8008644562880102 -0.00249232
0.2813884890238878 0.7970020430825497 -0.5344232981140463 0.00178541 0.9344660564565856 -0.100975590351121 0.3414339167155479 0.00289593 0.21815982117550983 -0.5954760057932511 -0.7731847249843891 -0.00247722
0.3868358428328951 0.7477498165584903 -0.5396556703459235 0.0019262 0.9016226773816108 -0.18390781041749388 0.39147728529080594 0.00288131 0.19348017555031216 -0.6380032359668621 -0.7453303244634778 -0.00247336
0.48683758821352463 0.6879937886210281 -0.5381948620354184 0.000961816 0.8580979627177068 -0.2615258508790672 0.4418960462616764 0.00136288 0.16326986581166886 -0.6769555200608564 -0.7176866828755954 -0.0026762
0.580024296890775 0.6185589843784789 -0.5300533915192195 0.00101159 0.80448955703827 -0.3327743698876229 0.4919936700428815 0.000793069 0.12793892149275954 -0.7117907006912638 -0.6906414632620237 -0.0029335
0.6650581983862827 0.5404197413198486 -0.5154067286628874 0.00100519 0.741591393628241 -0.39661693241125046 0.5410519511296605 0.000875946 0.08797611980369843 -0.7420522300461587 -0.6645439716285204 -0.00303547
0.7317904606737495 0.4758474876000314 -0.4879056160894637 0.00103102 0.6795903616175015 -0.4555173941751733 0.57503116785132 0.000677366 0.05137764166925762 -0.7523782772971304 -0.6567246499012411 -0.0031011
0.7909276827285429 0.40601150984158896 -0.45780787954098207 0.00103726 0.6117614741567049 -0.50820276650152 0.606199510770024 0.000671086 0.013464747724048265 -0.759529197593058 -0.6503338362505621 -0.00316753
0.8479136051895508 0.3166721757702955 -0.42516026534398305 0.00111855 0.5291680467573219 -0.5539744195450464 0.6427235181481771 0.000729165 -0.031995256296828756 -0.7699552425840325 -0.6372952439739876 -0.00325848
0.8958960621003449 0.22458566932439689 -0.3833164789664114 0.00134444 0.43777054317120284 -0.5932531733170563 0.675579472660939 0.000751786 -0.07567824948216423 -0.7730536523963618 -0.6298101722518936 -0.00337281
0.9322303842413299 0.12939666365205177 -0.33793936458036455 0.00157948 0.34158542762767835 -0.6229113220447903 0.7037761579513957 0.000619064 -0.11943996956496127 -0.7715166805093261 -0.6248968757852705 -0.00340077
0.9565804797033259 0.031935504518933316 -0.28971349537375035 0.0013402 0.24167359556120296 -0.6425515661064432 0.7271322837714452 3.42235e-05 -0.16293452384032978 -0.7655766509274421 -0.6223702535433764 -0.00292002
0.9696448570919587 -0.06333186194733179 -0.2361735090508642 0.00164238 0.13859130200174605 -0.6533972944324387 0.7442206840970156 -0.000244371 -0.20144801345403074 -0.7543613529938109 -0.6247860809787389 -0.00291199
0.9705736442616688 -0.15850040164337587 -0.18128547582063034 0.00176682 0.034293549058386164 -0.6541801090721644 0.7555609422060615 -0.000457662 -0.23835006515124738 -0.7395444594973449 -0.6294944311661355 -0.00280961
0.9679492643588471 -0.23152393625815085 -0.09731849036384795 0.00196595 -0.07991317000329926 -0.6512903461211718 0.7546090181739072 -0.000595308 -0.23809264349658193 -0.7226462149550749 -0.6489178230900378 -0.00277653
0.9526748075123286 -0.3036744236630413 -0.013876438457599727 0.002107 -0.193138236094115 -0.6398931671074013 0.7437972549342415 -0.000667857 -0.23475164086711248 -0.7059168358257075 -0.6682612423356746 -0.00275522
0.9248726733311503 -0.37413290825255224 0.06808160608988946 0.00224172 -0.30407659021948824 -0.6200870849344668 0.7232077394345034 -0.000583239 -0.2283592901674486 -0.689577097981047 -0.6872666589717971 -0.00286497
0.8849153767179646 -0.4418612147859142 0.1472529894977301 0.00224791 -0.41102187461176776 -0.5921722591913415 0.6931039128693839 -0.000376731 -0.2190566014497867 -0.6738625099470503 -0.7056369626437738 -0.00293996
0.8333131811391561 -0.5060161731125719 0.22256858423472015 0.00231491 -0.5125744857457384 -0.5565037599305616 0.653889105082536 -0.000283951 -0.20701820862482556 -0.6589773878758327 -0.7231128982158406 -0.00307115
0.7716654117973121 -0.5564697114854842 0.308016156126504 0.00235995 -0.6110190179412607 -0.5141254757436922 0.6019391621297121 -0.000163303 -0.17660195907685272 -0.6526993606482117 -0.7367464235811625 -0.00299135
0.6986064345744272 -0.6017705097081151 0.38706756931683345 0.00224869 -0.700736844953271 -0.46608140980679846 0.540125905282687 -0.000100498 -0.14462684293083933 -0.6485679402176323 -0.7472902402853363 -0.00316611
0.615161098440193 -0.6418187681979061 0.4578706059082388 0.00215082 -0.7803820929916395 -0.41307151544571674 0.46944191553947023 7.53485e-05 -0.11216332691144351 -0.6460964261751503 -0.7549694008235401 -0.00322477
0.5223316934077872 -0.6765677169146532 0.5190623531818186 0.00203372 -0.8489906864059539 -0.3555604634513526 0.39088562422556117 0.000206307 -0.07990254349956996 -0.6448510535458192 -0.7601201893668831 -0.00339452
0.4217472392943039 -0.704448679613335 0.570860161456956 0.00198259 -0.9054811246779974 -0.2944072399663069 0.3056604487127669 0.000312059 -0.04725673496446542 -0.6458145514359753 -0.7620304233782585 -0.00353886
0.3149652322024292 -0.7249713878742933 0.6125466425238908 0.00197552 -0.9489895285514053 -0.23056817117635908 0.21507485473706806 0.000276425 -0.014689356808641751 -0.6490414510676576 -0.7606112131651347 -0.00350088
0.2033743274854935 -0.7375387483962238 0.6439530087933086 0.00197158 -0.9789481147830895 -0.1647987641181718 0.12042406697898078 0.000251175 0.017305244362854966 -0.654887747602026 -0.7555280051449363 -0.00352641
0.08742017652634652 -0.7418168647095386 0.6648800282521743 0.0020753 -0.9950003158242996 -0.09737788170976465 0.022179262008970746 0.00040102 0.048291658137259164 -0.6634947530962312 -0.7466208062786123 -0.00362458
-0.030681085189575415 -0.7383615701337514 0.673706807714759 0.00212742 -0.9965139102287504 -0.029719568215449584 -0.07795366563345946 0.00045287 0.07758026638389415 -0.6737499083597032 -0.7348757468124086 -0.0037503
-0.1485601421480769 -0.7268396663787304 0.6705475251937026 0.0020189 -0.983337202522409 0.03673418092965694 -0.1780408551058728 0.000321691 0.10477514161453727 -0.6858241023249936 -0.7201857193597847 -0.00391169
-0.26449701967770956 -0.7074124161858839 0.6554456499265664 0.00185527 -0.9556561174601654 0.10101726040539594 -0.2766168799280888 0.000231527 0.12947089148751395 -0.6995449853485036 -0.7027617674085509 -0.00404194
-0.3767947288754906 -0.6803018732795229 0.6286613504137324 0.00170028 -0.9138510661926217 0.1621320219154543 -0.372276021640147 7.55445e-05 0.15133393905616183 -0.7147744879904281 -0.6827850834689985 -0.00423769
-0.48371179166412626 -0.6459771631141538 0.5905390819751651 0.00217844 -0.8585615602132892 0.21916979977783146 -0.46350474235919936 0.000328505 0.16998514620167102 -0.7312168649589088 -0.6606261775546449 -0.00437401
-0.5836687830913723 -0.6049107507196294 0.5416767812159303 0.00207388 -0.7906085491510253 0.27128081934120635 -0.5489488492262958 0.00034196 0.1851185394657904 -0.7486586009132453 -0.636585756693216 -0.00444869
-0.6753074517867758 -0.5573660141571407 0.4830144633691972 0.00201495 -0.7109551318733872 0.3177096595294731 -0.6273781735959267 0.000312834 0.1962209112815095 -0.7670747672191078 -0.6108139286817268 -0.00447384
-0.7571605106282003 -0.5043809070849578 0.415099821384445 0.00191933 -0.6207636036271219 0.35773394042601 -0.6976238071332925 0.000232859 0.20337283387196126 -0.7858920590230156 -0.5839633224847708 -0.00444
-0.8687214197572842 -0.38404205363165633 0.31278554297995964 0.001806 -0.46588900342305084 0.4192072050300394 -0.7792385743406051 0.000148741 0.1681384291123379 -0.8226645855348839 -0.5430952479651731 -0.00441137
-0.9466955324966094 -0.24763713491306152 0.20601800446323 0.00166673 -0.3007578926206942 0.45041689852722566 -0.8406362516257994 0.000104329 0.1153787622455722 -0.8577881247331217 -0.500886488427782 -0.00427959
-0.9906600499467563 -0.10470548856215159 0.08734658610645149 0.00157931 -0.12585472476245393 0.45563122969802505 -0.8812268554571138 0.00013151 0.0524714559971187 -0.8839892211949346 -0.46455333721405534 -0.00422304
-0.9984088503120646 0.0397486066092836 -0.039997698573317995 0.00148554 0.053294139835560764 0.4333700527293162 -0.8996388898088931 0.000155228 -0.01842558758165621 -0.900339072610986 -0.43479886390405914 -0.0041319
-0.9691081341424209 0.17879713052489918 -0.16988528616409954 0.00143221 0.2277903742532262 0.3847858365761415 -0.8944559270126026 0.000213641 -0.09455670117221177 -0.9055227474152493 -0.41362734940640467 -0.00402569
-0.9094843673398679 0.29974885127087963 -0.28807778763068237 0.00140823 0.3787389151918226 0.3116195622114876 -0.8714643323547112 0.000296976 -0.17144975848254154 -0.9016894557489897 -0.3969396751489694 -0.00399696
-0.8038839423351973 0.4403418356635529 -0.3998370605885271 0.00136757 0.5223420984717455 0.20113210856601957 -0.8286764187956116 0.000386765 -0.284480824344549 -0.875011395736215 -0.3916959508496435 -0.0039197
-0.6632054866857787 0.5551684183196643 -0.5019427355090637 0.00129487 0.6382935467168587 0.06934608505700757 -0.7666632042213061 0.000532677 -0.3908194348410697 -0.828842052376512 -0.40035112284443325 -0.00385578
-0.49389235553429095 0.6389823971154254 -0.5897218304602726 0.00128285 0.7212938133760507 -0.07768561523233478 -0.6882588030467962 0.000642164 -0.4855981630218801 -0.7652884693777886 -0.4225257183973268 -0.0038963
-0.3036915200374536 0.6879529974482284 -0.6591601732199384 0.00124589 0.7675492978031693 -0.23323404487672464 -0.5970510495362218 0.000780533 -0.5644816525797831 -0.6872572688683913 -0.45720663849987686 -0.00389823
-0.10192269507708827 0.6998123225215386 -0.7070180177868401 0.00129068 0.7748102601752734 -0.38991110576137533 -0.4976327866319363 0.00100486 -0.6239237332842433 -0.5985248890822763 -0.5024809769470887 -0.0039408
0.1027660709817809 0.6742238803829863 -0.7313421181473662 0.000838946 0.7430757729611654 -0.5408115162890231 -0.39415897742831396 0.000615065 -0.6612696350908108 -0.5029364402889057 -0.5565765057351862 -0.00409031
0.3010540508681381 0.6123453046839242 -0.7310264607300043 0.000654505 0.6737855672858684 -0.6790679380790567 -0.2913412857634822 0.000765368 -0.6748180997670004 -0.40484560427971833 -0.6170255820646697 -0.00412456
0.4878506454893601 0.5180894909166092 -0.7025560668710957 0.000617716 0.5692221035964133 -0.7989840972871973 -0.19393454839052432 0.000938264 -0.6618065763294354 -0.30529934766378264 -0.68469289746804 -0.00412177
0.6501488793869227 0.3936689736181471 -0.6498701207490333 0.000449444 0.434340356644372 -0.8943427836134575 -0.10723544184910175 0.0011291 -0.6234219191061287 -0.2125458176699012 -0.7524422809552004 -0.00424505
0.7922842812330564 0.24818001142344365 -0.5573977929996478 0.000196104 0.2716654749022865 -0.9614770041322569 -0.04195045018798932 0.00124579 -0.546336423330107 -0.11818905387014145 -0.8291850578056423 -0.00437289
0.8914589289370637 0.08208545626552266 -0.44560403486510763 -0.000173358 0.09215576486938229 -0.9957441636329493 0.0009357308679211924 0.00138665 -0.44363080711298913 -0.04189914629916726 -0.8952296736143627 -0.00448875
0.9366427486917047 -0.09622419097995406 -0.33681043094521523 -0.000442767 -0.09500456285450272 -0.9952730460001152 0.020141920029560893 0.00146465 -0.3371564834910833 0.01313274441637043 -0.9413570187043921 -0.00472665
0.9350555497452322 -0.27629518122306196 -0.2221082882819931 -0.00074922 -0.27965986220177186 -0.9599520508074213 0.016805404604234384 0.00152348 -0.21785655914827903 0.04640078645391016 -0.9748771649046515 -0.00469326
0.884416979892955 -0.4506150600818647 -0.12146058333649647 -0.00104007 -0.45492832533932936 -0.8904835793984386 -0.008900203688575765 0.00161488 -0.10414808918543732 0.06312735103869271 -0.9925563525915594 -0.00464003
0.7921428982462116 -0.6097814367255234 -0.026004387765309164 -0.00120438 -0.6102190330304045 -0.7904394078596754 -0.053275456167770394 0.00161552 0.011931491337226315 0.058070146610821285 -0.9982412021085222 -0.00465512
0.6538874038673261 -0.7538516890005312 0.06433423703359392 -0.00128829 -0.7458097845178367 -0.656538667448268 -0.11280400463950886 0.00162046 0.12727540367685428 0.02578001428042216 -0.9915323305281551 -0.00466327
0.49830788560398626 -0.8615544540787142 0.0970215120579632 -0.00136397 -0.8401881450425849 -0.507478949101609 -0.19117792013887788 0.00195376 0.21394656359657918 0.013749140913365071 -0.9767486007409274 -0.00431152
0.32358051428632595 -0.9393123795853927 0.11396448715202476 -0.00137838 -0.8989043348199578 -0.3427717004874383 -0.2729076000899191 0.00185688 0.29540928830367896 -0.014135589926745434 -0.9552662128858828 -0.00421272
0.13713347193385272 -0.9839152676362171 0.11447775761132922 -0.0014431 -0.9195409893841695 -0.16941879488858613 -0.354600677919377 0.0017726 0.3682917046550869 -0.05663936838322084 -0.9279834062263181 -0.00410282
-0.054767162708305485 -0.9929007497929747 0.10558721016027786 -0.00147899 -0.9019969624096418 0.003842425091245792 -0.4317252778946321 0.00167734 0.42825464118052614 -0.11888371137362283 -0.8958038990076856 -0.00405637
-0.24368773329501592 -0.9664714176273569 0.08092766863628714 -0.00150101 -0.8467258527615521 0.17131815640570688 -0.503691790235827 0.00164097 0.47293933956350026 -0.19126705987994183 -0.8600844684669775 -0.00399862
-0.42752968926843127 -0.9017360375406128 0.06395688699892274 -0.00154154 -0.7585869004655145 0.3193789057939057 -0.5679287182173578 0.0015957 0.49169531138313904 -0.29132324509802143 -0.8205891101089484 -0.00393495
-0.5937114800746789 -0.8040124625664159 0.032720612240935754 -0.0015803 -0.6394263467422895 0.4467085676619066 -0.6257678504599424 0.00165722 0.48850857261602204 -0.3924479782281154 -0.7793227565427056 -0.0038852
-0.73509471634041 -0.6778825622166156 -0.010535172093930067 -0.00163438 -0.4951372456077821 0.5474112503331037 -0.6746703128348597 0.00165119 0.4631143120443928 -0.4907302261440443 -0.7380440224866429 -0.0038065
-0.8465753846755371 -0.5282880596688888 -0.06497571910142427 -0.00166684 -0.33122138466574624 0.6184267757190176 -0.7126294390592391 0.00168874 0.41665634808745244 -0.5817731938522612 -0.698525188173889 -0.00374239
-0.9114331455961535 -0.3938837391741277 -0.11893368371873828 -0.00172314 -0.17663670164493256 0.6356474045198104 -0.7514997357013694 0.00174645 0.37160341325222 -0.6639337144184175 -0.6489244379108121 -0.0037156
-0.9503215035689687 -0.25314621669393406 -0.18112435735693339 -0.00177733 -0.01878880687324902 0.6274787409745914 -0.778406969625286 0.00181191 0.31070246312299177 -0.7363337711924456 -0.6010628559566933 -0.00373149
-0.9619916462915927 -0.11044582663797728 -0.24974745613007798 -0.00182627 0.13751830677614377 0.5941999949151804 -0.7924740256590257 0.0018816 0.23592538601560825 -0.7966982398757094 -0.5564271082651642 -0.00368254
-0.9461595739082728 0.029481721672698386 -0.3223552214389108 -0.00188345 0.28705613127301943 0.5366599375269164 -0.793470156308461 0.00198744 0.14960226669500262 -0.8432834277636552 -0.5162288467907402 -0.00362184
-0.9035908958169769 0.16241917641521283 -0.3964132996372318 -0.00191084 0.4249690233615483 0.4566572695280698 -0.78157882991436 0.00206281 0.054081625158694746 -0.8746908878682642 -0.4816544700305631 -0.0035406
-0.8353007352712544 0.2847094143540876 -0.4703331064612133 -0.00199196 0.54772124875362 0.3567271279657652 -0.7568006275348034 0.00215368 -0.047687685193114726 -0.8897675570346728 -0.4539158282429391 -0.00343859
-0.7434637830729378 0.39223762147169966 -0.5416744885640269 -0.00202479 0.6511946975729281 0.24008281563052103 -0.7199345161136703 0.00226074 -0.152338665846131 -0.8879807936780759 -0.4339159376504577 -0.0033904
-0.6371082136899756 0.45368136810957804 -0.6231102151939012 -0.0020134 0.7317727679312663 0.10212770706662926 -0.6738535060111549 0.00240273 -0.2420779629850295 -0.8852926904021822 -0.39705807151786293 -0.00330831
-0.5157559013492526 0.4889575430776649 -0.7035029291274295 -0.00202624 0.7903081102174221 -0.04549856532960487 -0.6110179796679589 0.00250592 -0.33077022409519663 -0.8711201992953674 -0.36296095827459496 -0.00323322
-0.3846705962621669 0.5017678695231357 -0.7747628911386518 -0.00202844 0.8224506993338184 -0.19473435252440977 -0.5344655078788638 0.00261681 -0.41905056918780337 -0.8427974472321995 -0.3377707556942513 -0.00321038
-0.2465472927382095 0.47888359654178714 -0.8425466950897516 -0.00202291 0.82981142041211 -0.34478595069124895 -0.4387888498578426 0.00278373 -0.5006270458106477 -0.8073370728321193 -0.31237703474130296 -0.00318656
-0.11431073483703845 0.42189149999153264 -0.89941126195746 -0.00199587 0.807520780094146 -0.4878811265630551 -0.3314848353389728 0.00292864 -0.5786564141329101 -0.7641855589962812 -0.2849161030977067 -0.00319009
0.012534150122682497 0.33698859034671025 -0.9414252944641113 -0.00300807 0.758983590363947 -0.6161602489697211 -0.2104529808480337 0.00247263 -0.6509890971736421 -0.7118885007960922 -0.26349185527324753 -0.00321622
0.11803912241880127 0.20395532467572725 -0.9718379448833112 -0.00314513 0.6878510441557877 -0.7226489904367309 -0.06811297728455407 0.00246571 -0.7161897141347338 -0.6604397490742 -0.2255917356873161 -0.00325437
0.20460262209401395 0.05589152989486579 -0.97724812812216 -0.00326022 0.5960284827760043 -0.7990589303138761 0.07908775888453629 0.00240725 -0.7764585080685179 -0.5986492819436564 -0.1968024961131236 -0.00320831
0.2722120234982129 -0.10048710858901713 -0.9569759428901167 -0.0031118 0.48622689370179684 -0.8438556797944129 0.22691628306450634 0.00244205 -0.8303517460113577 -0.527076780636492 -0.18084812747098417 -0.0030879
0.3177920117853799 -0.2595475649137537 -0.9119447893336208 -0.00309071 0.3626877847849422 -0.8553816117771481 0.3698376251834307 0.0024998 -0.8760512587818092 -0.4482826784305514 -0.17769871188598546 -0.00294645
0.34501167300366575 -0.4081360149432006 -0.8452170956609286 -0.00316685 0.23052529469212926 -0.8360803983115531 0.4978229163731838 0.00242374 -0.9098489072358766 -0.3665986372935373 -0.19437182186778756 -0.00279532
0.3492558716330165 -0.549188000672006 -0.7592185956941166 -0.0029979 0.09328696150337026 -0.7858373693623786 0.6113568284783325 0.00249982 -0.9323721783404579 -0.2843451579181565 -0.2232262355216519 -0.0030047
0.3303788897748967 -0.6776827238261789 -0.6569595992286268 -0.00323153 -0.04428007381490551 -0.7064058116709552 0.7064206284505329 0.00284285 -0.9428091345834817 -0.2042962433943175 -0.26338940882449424 -0.00301418
0.28916538737416964 -0.7890667933423083 -0.5419935187705047 -0.00318174 -0.1772816694106692 -0.6005289842236085 0.7797026027905303 0.00279956 -0.9407202498276057 -0.12937748935517407 -0.3135392747526843 -0.00333037
0.20319695258244658 -0.8847476053029055 -0.4194432898163722 -0.00316693 -0.3064069986155242 -0.46432215607233135 0.830975141974637 0.00286188 -0.9299600796059115 -0.04033125699895601 -0.3654417054035445 -0.00357504
0.10341663098184596 -0.9490570363845828 -0.2976503689318687 -0.00315748 -0.4172251563302086 -0.3130464420190503 0.8531852636235852 0.00285452 -0.9028998667413778 0.03595367614203393 -0.42834467874630605 -0.00372629
-0.011478237339526812 -0.9840969044248226 -0.17726119927682749 -0.00319521 -0.5071417472195784 -0.1470521140056592 0.8492248960043152 0.0027355 -0.8617862254031744 0.09964415922646064 -0.4973887244775468 -0.00379037
-0.13726051140498924 -0.9885185861306033 -0.06317085469735384 -0.00322137 -0.5729269413311749 0.027205899367224548 0.81915478325926 0.00266665 -0.8080311082537266 0.14862988903304014 -0.5700832256612018 -0.00382361
-0.2604649349297391 -0.9648359335330174 0.03535023388207986 -0.00326455 -0.6154388348456434 0.194130825915504 0.7639033073584649 0.00260248 -0.7439039307839983 0.17721411849182683 -0.6443617756907071 -0.00382262
-0.3854891055544505 -0.9147830448845038 0.1207067947162298 -0.0032954 -0.6322984675332226 0.35716444793691227 0.6874825125667265 0.00265322 -0.6720095218476956 0.1886942975337543 -0.716098920976896 -0.00383522
-0.5083394368245695 -0.839970877806995 0.18984188527568407 -0.00328917 -0.6229087894561893 0.5108749045821637 0.5924453324032437 0.00274158 -0.5946222809373227 0.18290914767805264 -0.7829231039563107 -0.00407085
-0.6248664105790719 -0.7428771895920605 0.2401571362958604 -0.00329387 -0.587501551911235 0.6500000171343033 0.482018572492073 0.00301266 -0.5141827451713226 0.16010452494919383 -0.8426046793478396 -0.00438801
-0.7366882063619592 -0.6242290925567355 0.260054853084871 -0.00352084 -0.526129181266769 0.7706817497999795 0.3594964883622664 0.00288549 -0.42482769592713554 0.128014376267028 -0.8961772973258165 -0.00454625
-0.8320823270432693 -0.4910253200591335 0.2579401792724112 -0.00360829 -0.4403031006600507 0.8675744525685332 0.2311876917129363 0.00276714 -0.3373013201447682 0.07879533178581 -0.9380933403011458 -0.00440264
-0.9091228830790888 -0.34770480319082037 0.22934025660576468 -0.00381519 -0.33304376084708326 0.9374753562642583 0.10110296611886793 0.00257299 -0.2501548257035948 0.01553467847221366 -0.9680812140218241 -0.0043973
-0.9648832664934559 -0.204732941017439 0.16457431422694382 -0.00395858 -0.21196419273749312 0.9768916340313916 -0.02745753733715099 0.00236853 -0.15514980837262374 -0.061377179976176935 -0.9859824434238726 -0.00430248
-0.9946904628957702 -0.06409047916663226 0.0805189015349177 -0.00402648 -0.07535267278547265 0.9864579048061473 -0.1456803924677286 0.0023505 -0.07009178074698763 -0.1509742114589688 -0.9860496588641259 -0.00433398
-0.9965610130434754 0.07204499420955 -0.04093490064856398 -0.00423777 0.08013238218521933 0.9636781452356711 -0.25476113070964895 0.00218499 0.021093804945619535 -0.25716522160759375 -0.9661372056744495 -0.00443144
-0.9616755247911902 0.19054582680714335 -0.19716103292479287 -0.00461349 0.24986168916393545 0.9051253662243256 -0.3439726845338526 0.00204999 0.11291289255764382 -0.38005310063682224 -0.9180470137147682 -0.0045009
-0.8793820991071691 0.2785408876738146 -0.3861374077498223 -0.0049272 0.43209704784681946 0.8074873546041023 -0.40156732112627447 0.00195952 0.19994815581028136 -0.5199799477367877 -0.8304466201627382 -0.00448692
-0.7398053098094705 0.31771545961464676 -0.5930809306490699 -0.0051226 0.6170874532601809 0.6716874541348056 -0.4099256505596683 0.00184968 0.26812530392817685 -0.6692479739825568 -0.6929761689363246 -0.00441637
-0.5232114771187879 0.3010994870033893 -0.797238263718866 -0.00513608 0.7996582329533278 0.4968723155819521 -0.33714182843158236 0.00179162 0.29461239057639377 -0.8139146152604246 -0.5007459818953495 -0.00409436
-0.24353878813457155 0.17514228303314705 -0.9539465600167972 -0.00498885 0.9338426348889943 0.3080027298963106 -0.18185777860735153 0.0017625 0.2619671581277402 -0.9351253921642578 -0.23856594264923528 -0.00387856
0.03952665823285045 -0.015678697206748082 -0.9990955018129362 -0.00471216 0.9888739894456512 0.1441163563203612 0.036860667910185496 0.00169819 0.14340807608634082 -0.9894365337376834 0.021200693818185956 -0.00392376
0.28634837398547985 -0.2445067115393877 -0.9264022218928807 -0.00466569 0.9570957504364148 0.02817827519310201 0.2883985251413352 0.00141843 -0.04441095824711855 -0.9692380785025607 0.24208513785079044 -0.00394236
0.46228500814845697 -0.4791899170576966 -0.746102938361336 -0.00474595 0.8429793542656439 -0.02354336054607381 0.537430477788594 0.00107756 -0.27509703655812046 -0.8773954259992675 0.3930634642300206 -0.00385252
0.5431052568709654 -0.6840697806973296 -0.48691397093925093 -0.00472253 0.6643636454907741 -0.004528856054315966 0.7473957693304452 0.000629776 -0.5134760233052089 -0.729402512060074 0.4520114477434414 -0.00370432
0.5214082340521377 -0.8330118545432884 -0.1849991990603811 -0.00514676 0.4452923493559896 0.0806799662398816 0.8917429375400485 0.000438324 -0.727906709041519 -0.5473408382697957 0.4130010044714936 -0.00302865
0.3996165094719196 -0.9087510681362514 0.12032514915303899 -0.00501024 0.21514189240560716 0.22057225042766954 0.9513473858025823 0.000135679 -0.891078341948458 -0.35428714131689193 0.28365473732672153 -0.00244784
0.1942169322506338 -0.9011170037991927 0.38764407475301166 -0.00498232 0.0051520434565423545 0.39610020171442445 0.9181928373985577 -6.36201e-05 -0.980945074749537 -0.17633143697525422 0.08157196000383543 -0.00209204
-0.04706130660630342 -0.812726779039693 0.580741264292691 -0.00487835 -0.15226852831665205 0.5804277495680267 0.7999487001149992 -0.000195119 -0.9872180755561499 -0.05078198660117411 -0.15106839885313444 -0.00175744
-0.3032718997662686 -0.6655831959542524 0.6819275357950298 -0.00457826 -0.2417566236506961 0.745958643136287 0.6205638062691743 -0.000275715 -0.9217265807891049 0.023339065825193517 -0.38713744106354947 -0.00150543
-0.5502810292346837 -0.47456159573984724 0.6870095201038098 -0.00437701 -0.26109931108665285 0.8793228388747539 0.398269374649017 -0.000438724 -0.7931065115194129 0.03978236898543824 -0.6077823825214203 -0.00134042
-0.759578257101149 -0.2616415151040176 0.5954700571088818 -0.00404168 -0.207963776245729 0.965159771217187 0.15880076761024636 -0.000656716 -0.6162726175231195 -0.003214591429907432 -0.7875263343489801 -0.00129128
-0.9071235534292896 -0.05142972651090677 0.4177102369404322 -0.00388645 -0.08867579254559307 0.9935808123534857 -0.07024082245673248 -0.000875878 -0.4114164102587907 -0.10075789077784732 -0.905861128880012 -0.0010151
-0.9749155460562055 0.1304808796062853 0.18031754799547706 -0.00346998 0.08067161535959336 0.9622047647914408 -0.26010398129963697 -0.00100507 -0.20744100012583072 -0.23903290708565242 -0.9485944870159099 -0.000955975
-0.9568860724836377 0.27795338712257733 -0.08432650161085335 -0.00321298 0.28839099463237694 0.8745210968468826 -0.3899275386333644 -0.00165799 -0.03463637541352939 -0.3974352346695147 -0.9169763114396146 -0.0015616
-0.856815927131049 0.3781049786240689 -0.3505753730002339 -0.0028268 0.5076785625022158 0.7375089017511983 -0.44535726895765965 -0.00241715 0.09016065766310957 -0.559568802719946 -0.823865165444153 -0.00190667
-0.6879225413576843 0.41097262666767675 -0.5982174163478156 -0.00282245 0.7071547125720861 0.5650835896143372 -0.424985587091687 -0.00279047 0.16338540197666276 -0.7153894302255561 -0.6793549687331938 -0.00217673
-0.468093010104582 0.3730978873637477 -0.801053618889485 -0.00266926 0.8657116059730438 0.3754848254143996 -0.33099027352339455 -0.00281141 0.17729170644676373 -0.8484156483282392 -0.49875699343163943 -0.00226084
-0.2222449841359337 0.2784796824850449 -0.9343747821240938 -0.00246338 0.9665286431046383 0.18891636746691784 -0.17358855999578893 -0.00302689 0.1281778026209131 -0.9416791770800357 -0.31114430473518423 -0.00228617
0.024030233329708023 0.14713835796889924 -0.9888239739712706 -0.00224822 0.9993351947963725 0.02359123192052273 0.0277960827774123 -0.00326758 0.027417445676365282 -0.9888345450026957 -0.1464736368152829 -0.00235864
0.2430901035974976 0.002693533535092496 -0.9699999723763157 -0.00193439 0.964291144914776 -0.10903926140362441 0.24135663925299966 -0.00353713 -0.10511797834770437 -0.994033794370014 -0.029103715887222437 -0.0024673
0.45531852310932397 -0.14705710996532717 -0.8780997943982163 -0.0018694 0.8576149490893513 -0.19245120177483427 0.4769267596118837 -0.0037347 -0.23912683164382353 -0.9702250982859945 0.03849177891340916 -0.0023623
0.6170188500300446 -0.3076983902091598 -0.7242992747271619 -0.0017029 0.6893118524888403 -0.2327078018903132 0.6860730638625757 -0.0038957 -0.37965366944888657 -0.9225880877195795 0.06851504704752948 -0.00237469
0.7144329300516983 -0.4661766442353021 -0.5217901156856627 -0.00182423 0.4737964546276893 -0.2264384826257967 0.8510244022167391 -0.00363506 -0.5148810620327541 -0.8552221640928389 0.05909773265011126 -0.00206054
0.7569082273015575 -0.6075764209353045 -0.24070901139479525 -0.00177482 0.19494480266649172 -0.14164564898374787 0.9705323456934837 -0.00334685 -0.6237679531336445 -0.7815288880440817 0.011231108406778989 -0.0015041
0.7048095220061206 -0.7075363806650092 0.051340118084811315 -0.00184932 -0.08887975621883742 -0.016272224004838964 0.9959094354711255 -0.00357947 -0.703806739541462 -0.7064895503554138 -0.07435447945229168 -0.00169947
0.5741381407682528 -0.7494104318232444 0.32977173922225655 -0.00190115 -0.3514292654395692 0.13822168177722757 0.9259547710764706 -0.0037792 -0.739501769239113 -0.6475173907789449 -0.18400641817895463 -0.00187809
0.3997446394876243 -0.7379512431900129 0.5437206873710284 -0.00211848 -0.5557082816805111 0.2766289088370617 0.7840055819108116 -0.00392037 -0.7289667542985777 -0.6155521175903231 -0.299504693882193 -0.00187699
0.190561466438896 -0.6824517128742206 0.7056528800364242 -0.00210844 -0.7031036281038104 0.4067601671119629 0.5832593373434383 -0.00387001 -0.685077817226566 -0.6072938547738571 -0.4023214613937384 -0.00180802
-0.042896637868277354 -0.5919365660369716 0.8048422082917593 -0.00221787 -0.78568376348851 0.5176023512301796 0.33880500260698754 -0.00403921 -0.617139289180432 -0.61781785972028 -0.4872783495708828 -0.00166688
-0.28479480409698016 -0.47669297132782207 0.8316584218572038 -0.00199916 -0.7974622663750146 0.5992482962978185 0.07039469505713508 -0.00375473 -0.5319265487521636 -0.6431681665558504 -0.5508074584297111 -0.00178446
-0.5151889598532049 -0.345974189812453 0.7841442441470756 -0.00214118 -0.737544269043214 0.6450065517029284 -0.19998749826378603 -0.00370566 -0.43658766227057194 -0.6813724445880633 -0.5874715354033784 -0.00176174
-0.7144058546092817 -0.2075867713352211 0.6682305045914921 -0.00228499 -0.6107743963736955 0.6509826153479936 -0.45075078618792647 -0.00392234 -0.3414365411527148 -0.7301570837027498 -0.5918544766109028 -0.00164066
-0.8539888588024162 -0.043937082554364654 0.5184327939260379 -0.00237936 -0.43406043067435696 0.6095598322364436 -0.6633463299413591 -0.00405394 -0.2868703044306581 -0.7915215371046385 -0.5396286544795151 -0.00150137
-0.9387592830497017 0.14382147100257356 0.3131236065304981 -0.00240715 -0.1961506274931594 0.5240691384185544 -0.8287801092517086 -0.00430913 -0.28329479314320294 -0.8394444130708656 -0.4637640968661329 -0.00151145
-0.9516099074211167 0.2997086037192668 0.06792155000160877 -0.00194373 0.05539082228517851 0.3846816809827729 -0.9213858372705975 -0.00368004 -0.30227543880465263 -0.8730376607987286 -0.38266800483256913 -0.00352908
-0.8913589412360615 0.4093921455161734 -0.19462093687009 -0.00189646 0.29743276773580296 0.20422250695355718 -0.9326451181079671 -0.00384909 -0.3420716102741459 -0.8892082089383051 -0.30380219650487106 -0.00293867
-0.763347530288372 0.4632243889556074 -0.45024850191793764 -0.00190186 0.5076367938824943 -0.0009015598111939082 -0.8615707009216416 -0.0040283 -0.39950648743086137 -0.8862405726813747 -0.23446154020232 -0.00215818
-0.5548205667847613 0.47946012985660313 -0.6799206737190193 -0.00183206 0.6710956641042248 -0.22511779501315868 -0.706365760770525 -0.00402241 -0.4917364622367812 -0.8481980678157092 -0.19686363163507856 -0.00136044
-0.30272498190341945 0.42517040658751376 -0.8529875208312151 -0.0016888 0.7550670900492749 -0.4391366112472759 -0.4868600683839034 -0.00390969 -0.581576542560044 -0.7914475105933855 -0.18809455898414054 -0.00111026
-0.03305030651813068 0.30611364745917236 -0.951421101341724 -0.00155432 0.7507984961574445 -0.6207383598950575 -0.22579970487694118 -0.00380623 -0.6597039452714963 -0.7217882815577124 -0.20931407310352346 -0.000745159
0.2164736755649972 0.1413311747149582 -0.966004475580248 -0.00110413 0.6568881940430442 -0.7530784215942019 0.03702420095090403 -0.00362117 -0.7222444519096342 -0.6425717002661064 -0.2558604340316744 -0.000591337
0.43337155169216257 -0.07315758653556764 -0.8982410955396207 -0.000639306 0.489092334699517 -0.8180605623755213 0.3025980905822466 -0.0033553 -0.7569529617632147 -0.5704602385952389 -0.31874336049518015 -0.000606504
0.5798240393486208 -0.2901290158619993 -0.7613338541982727 -0.00028519 0.2687657495359978 -0.8140292281495599 0.5148993956051852 -0.00349558 -0.7691352646120201 -0.5031715113886909 -0.39401697280322634 -0.000799499
0.6563068020424152 -0.4984753836183746 -0.5663776774550465 0.000160034 0.015610036182381437 -0.7415403656818629 0.6707266304798057 -0.00376574 -0.7543326244855403 -0.4490436259328524 -0.4788967672117173 -0.000671016
0.6556561592413185 -0.6781342324411497 -0.33203759371549413 0.000501517 -0.24614335025896325 -0.6076907114882205 0.7550665204432213 -0.00416286 -0.7138126168485789 -0.41333516903645273 -0.5653543897993459 -0.000711187
0.5809968180292918 -0.8100374873370203 -0.07925885785554165 0.000606906 -0.4913570678005713 -0.42671521235891985 0.7592643541375474 -0.00436754 -0.6488535500112973 -0.40218577380385906 -0.6459378251716864 -0.000681764
0.44557420063659986 -0.8798477057375061 0.16532285515167652 0.000711602 -0.6962430781304404 -0.22448272065221114 0.6818013525096818 -0.00471648 -0.5627692314639322 -0.4188979861935702 -0.7126115837400251 -0.000714904
0.25724246779090354 -0.8896379897630989 0.37732023525795416 0.000589393 -0.8453997333733162 -0.018038862069083353 0.5338294580365325 -0.00502709 -0.4681085382442531 -0.4563100334482297 -0.7567400807392877 -0.000735869
0.055066628918814586 -0.8468345577869051 0.5289980133397235 0.000491991 -0.9283025113313553 0.15169720237743783 0.3394737195229662 -0.00528501 -0.3677255958393656 -0.5097638576132241 -0.7777651931244212 -0.000740872
-0.16529723821028244 -0.7606731373242097 0.627736569902851 0.00179801 -0.9476026708026781 0.2989146001408912 0.11269090517979707 -0.00327686 -0.2733605701773466 -0.5762173548028166 -0.7702256544002939 -0.000732112
-0.3870031672099907 -0.6377402812428121 0.6659698808878484 0.00167548 -0.9018210552334982 0.41234426677960495 -0.12919361436050086 -0.00354663 -0.1922168902749594 -0.6505839986768265 -0.7347061506198893 -0.000708761
-0.5884474430641176 -0.4968875005330299 0.6378341622752266 0.00152463 -0.7985941516821785 0.48051210916792847 -0.3624299847446542 -0.00358236 -0.12640010937623264 -0.7226416295488567 -0.6795675739708666 -0.000636267
-0.7609077706297318 -0.3416047744101721 0.5516570879590568 0.00147112 -0.6436310406965577 0.5050847230107756 -0.5750030487162601 -0.00345084 -0.08220978072685198 -0.7925879135347089 -0.6041903270257969 -0.00076796
-0.8772514016562838 -0.23117668800163324 0.420698606150152 0.00143577 -0.4789533999880117 0.48022059639215636 -0.7348413566482803 -0.00330588 -0.03214994451019848 -0.8461356379005418 -0.5319970520055859 -0.000706292
-0.9551603238414601 -0.14008145519013832 0.26085617046734827 0.00144386 -0.2959771751551499 0.4274991996496887 -0.8541908136277591 -0.00321869 0.00814048808455059 -0.8930966466238067 -0.44979118737816154 -0.000686554
-0.9932019392879287 -0.08592224647605982 0.07853200210872717 0.00144824 -0.10413235081682125 0.35432082749098287 -0.9293079170648811 -0.00317377 0.05202269993051466 -0.9311681474183987 -0.36085941850716213 -0.000657557
-0.9921536247788717 -0.06772068334959364 -0.10509564160710998 0.00142629 0.0828959658594837 0.27294009319896234 -0.9584529014869564 -0.00314493 0.09359189966214677 -0.9596445251087541 -0.2651847313599048 -0.000551368
-0.956038529561131 -0.06593556207876938 -0.285732097685834 0.0014406 0.26939547829604255 0.18739615956752562 -0.9446209587199454 -0.00314174 0.11582921163608399 -0.9800689674878493 -0.16139520655541187 -0.000491644
-0.8921923958269732 -0.05276029829646123 -0.4485633508794429 0.00136309 0.44225960983788315 0.09947058804297657 -0.8913540484119807 -0.00319707 0.09164696576848066 -0.9936407565302728 -0.06541315332085781 -0.000525491
-0.8041560354182157 -0.01755115847319544 -0.5941590927829903 0.00127328 0.5941246739512849 0.007679708726264042 -0.8043363064515733 -0.00325184 0.01868000274991094 -0.9998164726139135 0.0042518921828754025 -0.000552408
-0.690127257125418 0.0013768838088616953 -0.7236867230808677 0.0012721 0.7207397092043563 -0.08886672923044625 -0.6874859824112074 -0.00324327 -0.06525826038569776 -0.9960425737019778 0.06033697725750786 -0.000490299
-0.5546430338748709 0.0032188254216746204 -0.8320821739089135 0.00130471 0.8171818124454641 -0.1863281906313478 -0.5454316554660118 -0.00315644 -0.15679601519944647 -0.98248228713751 0.10071526735615638 -0.000426264
-0.41676963895218483 -0.034071652874641534 -0.9083733761609574 0.00136496 0.8779273595636882 -0.27417910181983934 -0.39251671487313416 -0.00309137 -0.23568330313621427 -0.9610748891713157 0.14418196151789325 -0.000331474
-0.27152409024216456 -0.08483122998210352 -0.9586857310077628 0.00129568 0.9081080805789743 -0.3525060931622837 -0.22600700933960954 -0.00307879 -0.31877010902111863 -0.9319566066632001 0.17274982168291036 -0.000284291
-0.12542135867589446 -0.15175106427518098 -0.9804290373500992 0.00119649 0.9067694816124459 -0.41850373805098284 -0.0512223433049529 -0.00299146 -0.40254017191354796 -0.8954475058476091 0.19009254132423772 -0.000222336
0.01752757401332733 -0.2279712243810182 -0.973510094967395 0.00114664 0.8741266802858314 -0.46917523892000995 0.1256070937360756 -0.00297769 -0.48538163434732373 -0.8531727351706515 0.19105222584348486 -0.000130881
0.15181986349779572 -0.3109910147433235 -0.9382085683878766 0.00108861 0.8114193317330309 -0.5028050489237034 0.2979693790756929 -0.00289459 -0.5644018046900917 -0.8065182400452889 0.17600832746440562 -7.55339e-05
0.2732600740508826 -0.3977450598258533 -0.8758583214846077 0.00113928 0.7208899869688717 -0.518178533314664 0.4602267205409563 -0.00285879 -0.6369038849133565 -0.7571590816968334 0.1451329266096497 5.15316e-06
0.37764796464663913 -0.48520409308593304 -0.7886437743689526 0.00118994 0.6057035716183886 -0.5147626650849623 0.606747543846165 -0.00288713 -0.7003607628408218 -0.706821325857733 0.0994907794005952 -1.2831e-05
0.46090700431643683 -0.5700051206992658 -0.6801903378824662 0.00119169 0.4703752373969461 -0.4930282829169022 0.7318949708037197 -0.00289883 -0.7525369555150198 -0.6572802101239825 0.04087610504388606 -3.05028e-05
0.5110205670428916 -0.6516598799738043 -0.5605331220290986 0.00119878 0.3249987589035723 -0.4572210383361598 0.8278434204690772 -0.00292423 -0.7957598800959362 -0.6052175831346365 -0.02186070205574675 -7.43523e-05
0.5380012825427949 -0.725360963317988 -0.4294253053520583 0.00116948 0.17074119983825053 -0.4051020516019898 0.8981869351452701 -0.00291797 -0.825470812724534 -0.5565463149480548 -0.09409642212984548 -2.35629e-05
0.5435420965322589 -0.7850875222510368 -0.2969841270220417 0.00112691 0.017434864052102705 -0.3431768667831877 0.939108973240251 -0.00289912 -0.8392008191206686 -0.5156231380675248 -0.17284317943325667 2.11846e-05
0.5267149231233682 -0.8345935023466252 -0.1613228923616798 0.00116292 -0.13566236091305828 -0.26988304954341746 0.9532884471138001 -0.00285918 -0.8391466579750166 -0.48022580668883164 -0.2553743546236025 3.58553e-05
0.4880539061210345 -0.8724147145845051 -0.026380873685983575 0.00118884 -0.28406517680618054 -0.18734858620229386 0.940323073509352 -0.00278945 -0.8252941051807368 -0.45143446149406574 -0.33925884944904405 5.17612e-05
0.4286967966701747 -0.8974508096357084 0.10392834458867672 0.00124908 -0.4234751820508921 -0.09799470407899635 0.9005919209938728 -0.00273237 -0.7980525212739417 -0.43009194628204994 -0.4220581607215095 3.06334e-05
0.34986923102864936 -0.9092108270732219 0.2256705410820154 0.00126708 -0.549907191658446 -0.004302915119419326 0.8352146822726456 -0.00274082 -0.7584151908695809 -0.4163137721170213 -0.5014870301453012 -3.25667e-05
0.25410601149500545 -0.9072824294946367 0.3350652593934642 0.00122844 -0.6595427343923428 0.09084026398134136 0.7461577768475456 -0.00283443 -0.7074132571788372 -0.41059303400095515 -0.5753084772515686 -9.86846e-05
0.1444903535614283 -0.8915664809013607 0.4292222592793364 0.00125779 -0.7491895375940546 0.1847962154286707 0.6360545538889317 -0.0028213 -0.6464035693646045 -0.4134725733303295 -0.6412510090567461 -9.79511e-05
0.02395819732882093 -0.8623060395498915 0.5058204216285995 0.00132764 -0.8162872623454077 0.27522787017785827 0.507862899619572 -0.00279855 -0.5771491229425829 -0.4250622467746822 -0.6972954727039796 -0.000123336
-0.122185239949364 -0.8053226534888946 0.580108775072505 0.00144738 -0.8552877350534551 0.3819702091188688 0.3501166228741769 -0.00276496 -0.5035411178897383 -0.45338083674025476 -0.7354537099444529 -0.000228568
-0.272355952844479 -0.7305543702072624 0.6261889068973082 0.00153348 -0.8617833662758433 0.4746645017290626 0.1789498265117241 -0.00283276 -0.4279622232866488 -0.4909011335995982 -0.7588573070546121 -0.000265369
-0.4323443313063028 -0.623549018575119 0.6513562777937365 0.00158018 -0.8266722101301688 0.5625924724862821 -0.01013740106110006 -0.00288189 -0.36012697231088864 -0.5428409816288536 -0.7587043116250328 -0.00035241
-0.5981835366296554 -0.45539759262764357 0.6593856907259853 0.00159849 -0.7345617473201248 0.6404901488682458 -0.22403439150437987 -0.0028888 -0.32030531665778383 -0.6183731897743299 -0.717648313792402 -0.00036913
-0.7395419498688999 -0.2710346761097863 0.6161314054081066 0.00157261 -0.6040143017097379 0.6711813644390455 -0.42974678516521647 -0.00297027 -0.2970596366290833 -0.6899679560499924 -0.6600755956024981 -0.000284566
-0.8475921061415482 -0.08201157713861174 0.5242725653911066 0.00157072 -0.44319575658349275 0.6527502915083067 -0.6144058742250161 -0.00307426 -0.2918306751404314 -0.7531209452346007 -0.5896131773425878 -0.000221255
-0.9170475898136203 0.11387252151350295 0.38217373910459457 0.00141896 -0.24873765190252017 0.5857399522373057 -0.7713872496217833 -0.00325161 -0.31169423886727615 -0.8024598165622971 -0.5088270278392781 -0.000171453
-0.9355955931205978 0.28923786774278004 0.20249035037978247 0.00140218 -0.045743995045915115 0.4693744163611963 -0.8818135540933955 -0.0035243 -0.35009766216094085 -0.834283592748411 -0.4259137398819712 -7.33161e-05
-0.9019299764386487 0.43187625960327325 -0.0022834168399079313 0.00119688 0.15165146929233383 0.31174947576871925 -0.9379840596830017 -0.00356993 -0.4043811932605855 -0.8463422243684967 -0.34667086665615576 8.49277e-05
-0.8184071653174533 0.5317509183232616 -0.21783175301002125 0.000913106 0.32961768295611893 0.1238961661059276 -0.9359497439002225 -0.00355161 -0.47070361676928985 -0.8377891744864101 -0.27667201570395433 0.000787919
-0.6864339611834096 0.5875165235893484 -0.42852392167012077 0.000689019 0.4751954989612176 -0.08365929482457089 -0.8758940347761565 -0.00371835 -0.5504522274467172 -0.804876050643167 -0.22175862643875952 0.00194409
-0.5191905961004214 0.5893319663900245 -0.6189741176428593 0.00157418 0.5756425660226465 -0.29419068679929156 -0.7629465747897582 -0.00325196 -0.6317252259517204 -0.7524225363394083 -0.18650352732540923 0.00343692
-0.3261998111817516 0.5376143530938745 -0.7775374528165474 0.00159297 0.6252055459794515 -0.4942389267754094 -0.6040247582147834 -0.00342317 -0.7090216558480605 -0.683153489786407 -0.17489883055963534 0.00381447
-0.1264207365169493 0.43583354196420043 -0.8911043267078506 0.0017431 0.6180821229385823 -0.668012443498912 -0.41440784818141196 -0.00346278 -0.7758816189872314 -0.6031653993968424 -0.18493029575545528 0.00383313
0.06767653914503617 0.2922141566094366 -0.9539553305718176 0.00185936 0.557009316731389 -0.8043303836327184 -0.20686530651531496 -0.00354073 -0.8277442280824321 -0.5173620788599409 -0.217200304405723 0.00383822
0.2516515838747782 0.12031094581129778 -0.9603107604579396 0.00194363 0.44486626314324784 -0.8955863203742355 0.004376148477773983 -0.003611 -0.8595146818119385 -0.4283111241568772 -0.2788979968970628 0.0038973
0.428806410826996 -0.07235887992245839 -0.9004938947766592 0.0020142 0.2816522406791741 -0.9363966989566067 0.2093638877733478 -0.0036369 -0.8583688469149322 -0.3434027004546377 -0.38115286692663386 0.00398139
0.5732501279069384 -0.25666570151023493 -0.778143308474048 0.00211827 0.07513964926695899 -0.9292044315229768 0.3618468703002685 -0.00368846 -0.8159278913989377 -0.26589817996052534 -0.5133807884319035 0.00392822
0.6587081322806398 -0.4410926489507919 -0.6095415256641049 0.00197474 -0.15226129541983932 -0.8715169549289243 0.46612733795443484 -0.00375308 -0.7368311165962141 -0.21423228587911047 -0.6412366437615582 0.00376347
0.6784033062893463 -0.6108317944582038 -0.40823213113944673 0.00197961 -0.3822736662615993 -0.7679896698931131 0.5138664330547216 -0.00383935 -0.6274040150481978 -0.19255229371897375 -0.7545116407882407 0.00364346
0.6307974442749061 -0.7522274355081185 -0.1903903084852964 0.00188756 -0.5963799209225994 -0.6269717838105332 0.5012358449131431 -0.00389729 -0.4964127055350226 -0.20263333283129348 -0.8441055373643046 0.00360879
0.5208193626534183 -0.8535070062608339 0.016522159330905367 0.00178826 -0.7756650432352892 -0.4650595121799491 0.42668886888896523 -0.00389587 -0.356498151731652 -0.23504348617780585 -0.9042475476424027 0.00340311
0.3593615186737726 -0.9104248673750541 0.2049045137657911 0.0017083 -0.9080786699629475 -0.2905521825295246 0.3016165751175726 -0.0038448 -0.21506377671473248 -0.2944588088212769 -0.9311506762349211 0.00326224
0.158793179707177 -0.9188800695545135 0.36117051908202163 0.00166662 -0.9838499108018516 -0.11666148057493841 0.13575511763927123 -0.00382576 -0.08260798444262696 -0.3768945697745671 -0.9225651219186485 0.0032939
-0.06818069923977625 -0.8858486725417354 0.45893738310059307 0.00146899 -0.9972380819646454 0.04693110768849469 -0.05756456384448855 -0.00374305 0.029455052718514257 -0.461594627879459 -0.8866018268547461 0.00309564
-0.2931798703841397 -0.822542923470271 0.4873076057794694 0.00133892 -0.9474559071657127 0.18174989120908328 -0.26323806909769465 -0.00372871 0.12795650658850957 -0.538878572680772 -0.8326085612862736 0.00295314
-0.5176366958599328 -0.7300990379725685 0.4461027301538754 0.0012056 -0.8311345999353879 0.30528460050099787 -0.46477584864877486 -0.0037499 0.20314410621392426 -0.6113564487665736 -0.7648370837387983 0.00276727
-0.7105156621382464 -0.6078509822490561 0.3545203481256147 0.00104628 -0.6576472524356607 0.39437340307049695 -0.6418486662091164 -0.00376132 0.2503349460624219 -0.6891928629414651 -0.679960007978757 0.00268067
-0.8526438038133406 -0.4864221193960902 0.19076704532212407 0.000828605 -0.43153351996195294 0.44974647795947753 -0.7819890834994385 -0.00381608 0.29457998059604174 -0.749080521256067 -0.5933809970893698 0.00261218
-0.9273546587539935 -0.373479158526009 -0.022948965858369974 0.000727675 -0.16678016007568672 0.4674617778199837 -0.86813815978939 -0.00385555 0.3349592737817431 -0.8012445347233792 -0.4957917712946866 0.00254417
-0.9251250135871159 -0.28802350721537295 -0.24735838074905622 0.000623693 0.10158548733821665 0.43997995976181364 -0.8922432536983681 -0.0039137 0.3658197616281768 -0.8505645738563 -0.37777745790737044 0.00264395
-0.8544016189570843 -0.21683965708285763 -0.47220592609549294 0.000396832 0.3677896381718175 0.3895785399816051 -0.8443691984192961 -0.00393284 0.36705402269551135 -0.8951028568281915 -0.2531051562514154 0.00261705
-0.7218859993217857 -0.16238162929351604 -0.6726907242196596 0.000245396 0.6069619402279887 0.31832903599033224 -0.7281921641710666 -0.00398438 0.33238201981735194 -0.9339693952766596 -0.1312378054856473 0.00273127
-0.5380011591289224 -0.12861487243548764 -0.8330744068595191 0.000133771 0.8005057735908159 0.23167587371806303 -0.552735737929747 -0.00404615 0.26409327750570566 -0.9642533402199734 -0.0216849406482697 0.00283868
-0.31685417791347426 -0.1181331638934795 -0.9410887235151064 -0.00161108 0.933567125846918 0.13637887434608445 -0.33144113228448174 -0.00301076 0.16749881037398678 -0.9835880022756536 0.06707302216754496 0.00230443
-0.07548587433995241 -0.13174142521841975 -0.9884058274092442 -0.00153721 0.9958907282370941 0.03977817959490473 -0.08135941149926068 -0.00313205 0.05003538934117985 -0.9904856855651853 0.12819737323339164 0.00263696
0.1674988412617642 -0.16840366871762108 -0.9713826962317229 -0.00103444 0.9826823124253186 -0.05067916272049411 0.17823326095983866 -0.00313945 -0.07924399675934185 -0.984414458868009 0.15699860556453993 0.00305365
0.3932403467175368 -0.22530212552773493 -0.8914039387091333 -0.000306933 0.8950285160004756 -0.12810075085146788 0.42721675198577647 -0.00319327 -0.21044235614404633 -0.9658308080942412 0.15127744338323354 0.0031637
0.5845466568582616 -0.29803676322239614 -0.7546385185794234 -0.000217583 0.739686501069658 -0.1864580043382421 0.6466044329832008 -0.00308388 -0.3334202844626527 -0.9361663849904658 0.11146036749771776 0.00320665
0.7266558776079648 -0.3811345906806552 -0.5715834666297548 -0.000152329 0.528615252892751 -0.22120729563646052 0.8195323341798885 -0.00293765 -0.4387905536208949 -0.8976657262833939 0.0407319764948329 0.00327439
0.8053543424330378 -0.4753857499236735 -0.35413665708841185 -8.45945e-05 0.2761906061564476 -0.22769132363314998 0.9337426895098657 -0.00278028 -0.5245218128878749 -0.8498029476953408 -0.05207511779272661 0.00326
0.8157615389154615 -0.5654986796582575 -0.12142633540976819 9.28957e-06 0.003666860363758906 -0.20487838120191326 0.9787805694082593 -0.00274264 -0.5783767507095618 -0.798896796977464 -0.16505829884558443 0.00323075
0.7573614497025779 -0.6439754640696296 0.10816300745039734 5.23715e-05 -0.26724158258887976 -0.1545376378622617 0.9511572188756932 -0.00277051 -0.5958066557531901 -0.7492754634713843 -0.2891378716113507 0.00322536
0.6345371271918891 -0.7049770726475866 0.31681218609186107 0.000203263 -0.515551272514525 -0.08068240175689817 0.8530517190976128 -0.00281684 -0.5758207356666816 -0.7046259128700689 -0.41464780632279197 0.00318759
0.456911331855374 -0.7437978059378659 0.4878492171810513 0.000212906 -0.7215826749862965 0.010771244170163286 0.6922444824327942 -0.00280638 -0.520144670242586 -0.6683178915613759 -0.531790106938055 0.00314302
0.23861793647835414 -0.7568148533247859 0.6085168511863867 0.000274978 -0.8691892052827178 0.11301416479000188 0.4813916534141569 -0.00283779 -0.43309537726788266 -0.6437849612594264 -0.6308480941125123 0.00308756
-0.0032385370043563344 -0.7433251847621642 0.6689224032549412 0.000301468 -0.9468501028277168 0.2174464087110914 0.23704839614262635 -0.00293647 -0.3216588171544718 -0.6326015563029732 -0.704521735867562 0.00306481
-0.2498317701880065 -0.7044173541875437 0.6643645668788696 0.000314324 -0.9485288434953908 0.3159466713382164 -0.021696403563672195 -0.0029535 -0.19462045026672753 -0.6355894051899559 -0.7470936944910287 0.00298202
-0.48174832571199144 -0.6433619842297611 0.5949822753003973 0.000236308 -0.8741148602032522 0.40082383731809584 -0.2743418717757929 -0.0029422 -0.06198194773917609 -0.6522465857983017 -0.7554684834385328 0.00291258
-0.6808339261043607 -0.5647191283749343 0.46643056408513384 0.00016864 -0.7294621233047142 0.4654537530405276 -0.5012362860410902 -0.00304868 0.0659558619767778 -0.681502098183081 -0.7288379205577592 0.00287247
-0.8260421022579566 -0.4822610456126138 0.2916825829251446 8.724e-05 -0.5333836591673915 0.5017112931929121 -0.6810195668377669 -0.00306846 0.18208876250460765 -0.7181295580654817 -0.6716648125383794 0.0028987
-0.9194500047524842 -0.3793706548375388 0.10339049767166252 1.26933e-05 -0.3031430337300624 0.5164408088706466 -0.8008702716632492 -0.00311584 0.2504316071537123 -0.7677022842099464 -0.5898450753861048 0.00289868
-0.9549886313577098 -0.27767765673949 -0.10436394456513425 -7.44691e-05 -0.05134270702420586 0.5012294558771078 -0.8637898812770183 -0.00309723 0.29216543329585554 -0.8195511890716801 -0.49292515464139225 0.0029181
-0.929222910468174 -0.18804571690849017 -0.3180936827625285 -0.000155153 0.20377942384089479 0.45732279096968753 -0.8656383836676655 -0.00306188 0.3082510812310787 -0.8691919656854104 -0.38663496700092126 0.00298906
-0.8436992658522524 -0.11728657410701712 -0.5238467412656198 -0.000286249 0.4461505480987604 0.3894772576672584 -0.8057649497162105 -0.00296965 0.29853180271379076 -0.9135378072604499 -0.2762742070375428 0.00306288
-0.7057141658483022 -0.06588766842483645 -0.705426347162178 -0.000350282 0.6595324429576856 0.3026233183433261 -0.6880669181708572 -0.00295424 0.25881358698357004 -0.9508301332753462 -0.17011050775388736 0.00308017
-0.5247639765793414 -0.037480878452448685 -0.8504222202147999 -0.000347323 0.829351935592681 0.20261981552203165 -0.5206924017944677 -0.00293865 0.19182840199853135 -0.9785399297464824 -0.07524274103486159 0.00317065
-0.31283693059432416 -0.033714811992325566 -0.9492082839443851 -0.000454463 0.9442996749743768 0.09642244046810661 -0.31464398423847345 -0.00284651 0.10213314202357748 -0.9947693322708018 0.0016723856897187805 0.00320735
-0.08469643738981003 -0.05540787075621084 -0.994865056855319 -0.000361352 0.9963980192525324 -0.008901707086527932 -0.0843311735989477 -0.00272393 -0.004183386559257929 -0.9984241220389304 0.05596223554940538 0.00322949
0.14620885232363692 -0.08894280130951537 -0.9852472530270873 -0.000389897 0.9820464753233128 -0.10695314096642944 0.1553890148706571 -0.00268761 -0.11919602261511564 -0.9902778416851663 0.07170846853828144 0.00329147
0.36041145919408013 -0.13464419643828962 -0.9230246586343622 -0.000329334 0.9035858765877809 -0.19528606326804093 0.3813081655621371 -0.00262758 -0.2315947834315042 -0.9714598776371353 0.05127925924344717 0.00332551
0.548528124898141 -0.19893147035777164 -0.8121226300855214 -0.000326166 0.7665643359088805 -0.2682368297949496 0.5834621856248545 -0.00247755 -0.3339101901833882 -0.9425896632378536 0.005358325190136959 0.00333264
0.6934611331804019 -0.259858217943291 -0.6720010143857595 -0.000302319 0.5915060593614381 -0.3272059451013026 0.7369239114244197 -0.00236692 -0.4113784614036758 -0.908520762590322 -0.07319689498499199 0.00332027
0.7981916427796708 -0.3314433279881672 -0.5030262634582999 -0.000223407 0.3819582717316966 -0.3672622977011618 0.8480720979627847 -0.00219944 -0.4658304198444174 -0.8690591032947022 -0.1665481759977646 0.00329769
0.8525637380805421 -0.4100727989715631 -0.3239990309457117 -0.000244479 0.15714579770663728 -0.39011148626663894 0.9072586326654478 -0.00209288 -0.4984378303994159 -0.8244108974452372 -0.268153689887462 0.00318492
0.8600819682452344 -0.4911569894932758 -0.1379268631242856 -0.000239259 -0.07615441007779433 -0.3909417358169215 0.9172595407092561 -0.00190561 -0.5044398018843342 -0.7784146522698261 -0.37364570840107214 0.00314413
0.822534556704891 -0.5668995700285462 0.045406833491640014 -0.000272615 -0.3030748142054214 -0.36937953465519757 0.8784670832605275 -0.00174101 -0.4812302567593162 -0.736331200533672 -0.475640413653007 0.00310935
0.7481971907712338 -0.6385566306348476 0.18012882388530943 -0.000368631 -0.4869736741805344 -0.3441385121103048 0.8027610635410866 -0.00156602 -0.4506191344995735 -0.6883415677952164 -0.5684437365897165 0.00306345
0.6456227834054427 -0.7028631631191063 0.29858766799386177 -0.000386294 -0.6509377982284471 -0.3020646366530717 0.6964459333797194 -0.00134026 -0.3993134162350543 -0.6440033611821071 -0.652540011340943 0.00302188
0.5182966754739756 -0.7581881296483631 0.39562522196258076 -0.000505313 -0.7889175006210233 -0.24531427757838478 0.5634093382524583 -0.00107334 -0.33011775687851475 -0.6041288482405984 -0.7252934587578919 0.00293927
0.37137174570540943 -0.8023004670788264 0.4673296342163776 -0.000700397 -0.8953479375604007 -0.17618284969520281 0.40903749727820077 -0.000984079 -0.24583550841579654 -0.5703275935796673 -0.7837674009574347 0.00266632
0.2108175461836047 -0.8333833926601193 0.5109090751390437 -0.0008068 -0.9659727798819489 -0.09749091572406578 0.23956650408273497 -0.000966299 -0.1498417523531531 -0.5440290821174842 -0.8255784681434852 0.00251238
0.049506333899939234 -0.8506043101085266 0.5234705631920346 -0.00091664 -0.9975096070169551 -0.015746689460565406 0.06875045948873854 -0.000865336 -0.050236508762730364 -0.5255704989778542 -0.8492655319695377 0.0024325
-0.11242768332258372 -0.8540487425718137 0.5078983769753751 -0.00103657 -0.9922374146843747 0.06915262672154505 -0.10335776273690606 -0.000767109 0.053150060425033785 -0.5155760463103518 -0.8551937859618722 0.00236749
-0.24887256266368807 -0.8368124568304335 0.4876549596247557 -0.00120912 -0.9591083683752056 0.1428509278137483 -0.24434555476906392 -0.000681695 0.13480944056652336 -0.5285248570466338 -0.8381455065905776 0.00230396
-0.37927721247048135 -0.8095677172395688 0.44805011695583236 -0.001382 -0.9007631641277407 0.21231414289716727 -0.3788778521851364 -0.000572557 0.21159990134969858 -0.5472867766805214 -0.8097546948424831 0.00223823
-0.4999797103430756 -0.7732440189015 0.3900179181503214 -0.00154289 -0.818957424227329 0.2756778417275061 -0.5032995776705984 -0.000471883 0.28165409023870547 -0.5710476467104306 -0.7710872574736832 0.00218452
-0.6080891505993736 -0.7285316490815734 0.3153874144759352 -0.00167862 -0.7157177061703361 0.33121950359679075 -0.6148510433522641 -0.000394629 0.3434759816895564 -0.5996126055409264 -0.7228339873572748 0.0021332
-0.7010125134253724 -0.6759706436746479 0.22725568180163114 -0.00181207 -0.5942200561417027 0.3774600752411607 -0.7102298335594533 -0.000327133 0.39431457099629674 -0.6329198847318825 -0.6662795498970284 0.00209192
-0.776334320089474 -0.6174512527871872 0.12672400673411008 -0.00197256 -0.45721396596206304 0.41323568105081937 -0.787522483003315 -0.000246151 0.43388986250021466 -0.6693207170990587 -0.6031163775603728 0.00204161
-0.832018490482653 -0.5545352639864334 0.015358140853104912 -0.0021493 -0.3077169287828986 0.43830586922318 -0.8445106611197593 -0.00015357 0.461579379127131 -0.7073744453965021 -0.5353184760164765 0.00201987
-0.8663514047334716 -0.4887369644613063 -0.10281742598163301 -0.00228864 -0.15014565739046506 0.4512174214722632 -0.8796926282098239 -8.9895e-05 0.4763313186041055 -0.7466853541680525 -0.4642945797527732 0.00199845
-0.8784157890777593 -0.4217811427792818 -0.22469172012938074 -0.0024409 0.011365342655236282 0.45159707815569106 -0.8921495995557983 -5.60846e-05 0.47776200192692797 -0.7862319928602787 -0.39189631654013835 0.00197923
-0.8679637544145974 -0.3551108510751527 -0.3471818031971108 -0.00258775 0.1727284744975631 0.43957586741232124 -0.8814408266505757 -4.88106e-05 0.46562194441441584 -0.82502687243349 -0.3201981646455091 0.0019672
-0.8351046670545497 -0.2907501859563974 -0.46697379415769175 -0.00274122 0.32955107771688935 0.4152720225170814 -0.84790638309321 -0.000128698 0.440450090520307 -0.8619822948766948 -0.25097856697288 0.00199801
-0.7806679429713537 -0.2304461189238745 -0.5809063169649636 -0.00287465 0.477674731036056 0.37933700153447925 -0.7924205263598754 -0.000161844 0.40296949530517423 -0.8961015709950262 -0.18605794880557844 0.00203417
-0.7060965028574794 -0.17573654499565006 -0.6859623862905528 -0.00297743 0.6132135201153563 0.3326845528256235 -0.7164427172209573 -0.000269752 0.3541142575499767 -0.9265191066913876 -0.12714337393518385 0.00213724
