1.0 0.0 0.0 0.0 0.0 -1.0 0.0 0.0 0.0 0.0 -1.0 0.0
0.9993891942617453 -0.018220192582905567 0.029820512656569678 -0.00042888 -0.017883945114951234 -0.9997738871913066 -0.011503868806150326 0.000488287 0.030023372561792775 0.010963533765421604 -0.99948906848819 0.000958446
0.997899955949774 -0.03544578948590395 0.05421507099654305 -0.000828607 -0.034048430898640306 -0.9990691998260531 -0.02648468070924879 0.000286586 0.05510337801605032 0.024583123614612522 -0.9981779840111528 0.000667866
0.9955194410926289 -0.052994372664210525 0.07831116697219324 -0.0010947 -0.04982728655683404 -0.9978802965575571 -0.041858753643479164 0.000276682 0.08036344891182247 0.03776917007466687 -0.9960498008989651 0.000570274
0.9921229761475693 -0.07133098411969263 0.10297519557934953 -0.00134781 -0.06566629422429271 -0.9961896781973868 -0.057393926994371056 0.00172378 0.10667679224150747 0.05017983417173409 -0.993026709731193 0.00324826
0.9877786607577477 -0.08994957625027179 0.1272886133321697 -0.0021761 -0.0810710205637591 -0.9940092232678457 -0.07330179863553161 0.00218044 0.13311952139480002 0.06208653469835481 -0.989153403286249 0.00467301
0.9824918885133787 -0.10882646573651003 0.15121669669952292 -0.00239424 -0.09602167799628614 -0.9913415186621599 -0.08956467345656142 0.00228381 0.15965439662030245 0.07347648421027743 -0.9844347006825311 0.0047132
0.976271425317945 -0.12793575332871396 0.17471847964048354 -0.0048158 -0.11049738965142487 -0.9881896982496474 -0.10616707188903575 0.00213555 0.18623756599539415 0.08434194267080262 -0.9788779319806049 0.00752729
0.9691210247098861 -0.14726352388814395 0.1977824410742926 -0.00492991 -0.12448902352361742 -0.9845568337057006 -0.12308665332009504 0.00229337 0.21285422825820538 0.09466412063422493 -0.9724874198554717 0.00769876
0.9610621682088598 -0.16879098302461215 0.21879011149334662 -0.00506999 -0.13973531433170883 -0.9799273410574552 -0.14218455674469369 0.00231389 0.23839788330919484 0.10607549338867853 -0.9653571561531227 0.00759021
0.9450586830475304 -0.204153069276176 0.25531472715373077 -0.00525898 -0.16404941960639646 -0.971732712265884 -0.16977433209761975 0.00229022 0.2827576232805608 0.11856247390091561 -0.9518356298538225 0.00758056
0.9265721858883872 -0.24099354757353833 0.2887665049238518 -0.00528588 -0.1880719189208165 -0.9617489366548765 -0.19916811029041845 0.00231984 0.3257191085144653 0.13023476060996617 -0.9364539334518313 0.00761305
0.9163946172511331 -0.27675562295500344 0.2891837316239222 -0.00529653 -0.21449608506254828 -0.9495045950960003 -0.22898133850691932 0.00237216 0.3379531549874757 0.14780848776159056 -0.9294838976440866 0.00768379
0.9175620245837268 -0.30592253293277405 0.2539514419841083 -0.00531978 -0.24221605459465678 -0.9366180725635811 -0.2531362657619028 0.00240903 0.3152955977149227 0.17075710817204126 -0.9335045238617279 0.00770579
0.9140944990426879 -0.3357603577155489 0.22736804746187364 -0.00526006 -0.2694340874171224 -0.9219455885341697 -0.27824737971827584 0.00249417 0.30304540807872454 0.19308369679781498 -0.9332106764676932 0.0077046
0.9094306025086503 -0.364795241290588 0.1996507228949965 -0.00526202 -0.29688727593489156 -0.9057178741840857 -0.30254434017416393 0.00254597 0.2911939638947081 0.21586932231144457 -0.9319906174828612 0.00773868
0.8962915098555853 -0.40137376727006174 0.18857525900349134 -0.00514436 -0.32501844681001496 -0.8838453310496008 -0.33642300755897675 0.00262527 0.3017027321619759 0.2402426476070812 -0.9226369446736562 0.00779468
0.8636053835154074 -0.45515975745700016 0.21683020258923874 -0.00493753 -0.34912896685971945 -0.8501707337470417 -0.3941049200143043 0.00274483 0.3637233922401341 0.2646494259802977 -0.8931214784482724 0.00785467
0.8133650485761067 -0.5190020189319332 0.26281971406149207 -0.00467921 -0.3640933288274707 -0.8064937350405444 -0.4658367774700523 0.00285996 0.4537326808354436 0.2832044485613335 -0.8449389887186839 0.0078595
0.7576595916330234 -0.580303623245326 0.2986631012609807 -0.00509286 -0.37101226918306 -0.7594456238823467 -0.5344083087692312 0.00263626 0.5369374631389737 0.2940919060673039 -0.7907010253335854 0.00831871
0.6957474549880748 -0.6396535292925389 0.3267703189416328 -0.00516117 -0.3695596481602513 -0.7088738894833136 -0.6007690698267268 0.00253776 0.6159230027603195 0.2972224272702152 -0.7295873377453267 0.00846557
0.6092612930155851 -0.7041549945082034 0.36464560951988634 -0.00510785 -0.3456843173860634 -0.6497044480598614 -0.6770424527934435 0.00255856 0.7136546990991574 0.28644349160066973 -0.6392551107134837 0.00852454
0.5257908139222467 -0.7594413016098449 0.38313565404974476 -0.00514237 -0.3159600153304098 -0.5925672721569268 -0.7409678108264256 0.00252233 0.7897552080913353 0.2685385212174277 -0.5515195136302691 0.00866468
0.414344725219029 -0.8170899918258838 0.4008520848656574 -0.00514542 -0.25982941228247086 -0.5283080518492936 -0.8083187977921518 0.00250125 0.8722425839158008 0.23076946853771813 -0.4312056669325045 0.00877525
0.3023017715399873 -0.8654609190621512 0.3994884685443148 -0.0051372 -0.1941489153531124 -0.46621600335283053 -0.8631041865759449 0.00248366 0.9332308597506811 0.18335767176153317 -0.3089662224502778 0.00890583
0.18825705388940003 -0.9048600331061163 0.38182142704159744 -0.00506713 -0.11799655529937741 -0.4067954618535754 -0.9058665824241545 0.00250635 0.9750056895210226 0.12548216089362962 -0.18335248211873414 0.00904008
0.07884585876312367 -0.933912339643038 0.3486991144502266 -0.00501837 -0.03587935730303754 -0.3522199478956798 -0.9352292660219127 0.00251638 0.9962409358560943 0.06122785450129098 -0.06127925878910595 0.00917783
-0.026739736842151002 -0.9530296637385631 0.3016942931312654 -0.0049424 0.05196625773108088 -0.3027193774057023 -0.9516619602571761 0.00254005 0.9982907865602284 -0.009769266987106895 0.05762002162005178 0.0092834
-0.12702688560109196 -0.9619721585610469 0.24181343322463933 -0.00486128 0.14429298455332618 -0.25911623357444313 -0.9550069696640376 0.00257385 0.9813479020934321 -0.08641957909868958 0.1717205619756256 0.00937463
-0.2198429557653385 -0.9605459991160468 0.17035392094846075 -0.00476856 0.23910491223805902 -0.22235541393233213 -0.94519146781941 0.00261958 0.945778999420049 -0.16706122673180696 0.27855453824857035 0.00944741
-0.2979017033297061 -0.950064215088446 0.09291158357080742 -0.00466175 0.3272363860079255 -0.19306934305821166 -0.9250084196608932 0.00266834 0.896755776577844 -0.24515753298531534 0.36841126637878796 0.00949601
-0.3657296845435555 -0.9306788522121652 0.008869717510620545 -0.00454522 0.4135210324359683 -0.1710246212665721 -0.8942879484001316 0.00271056 0.8338118214422019 -0.3233998345170763 0.4474040606181009 0.00960364
-0.4194291561247716 -0.9046907010829452 -0.07492608602156609 -0.00443338 0.49034013082671984 -0.15632028271353354 -0.8573975305033229 0.00276105 0.7639671060283273 -0.3963567895046206 0.5091714409904513 0.00967357
-0.4624160239484739 -0.8718674343494378 -0.16130281372813499 -0.00434042 0.562808541450022 -0.14804637208323887 -0.8132212597958137 0.00281356 0.6851408369573249 -0.46682914287126526 0.5591534538027075 0.00968389
-0.49386855389793327 -0.8335889291221038 -0.2474335238318137 -0.00424832 0.628467858350871 -0.14553546962529876 -0.7640991938883418 0.00286134 0.6009342746845399 -0.5328685807270009 0.5957592409550674 0.00969823
-0.5142675148771665 -0.7910477911384922 -0.3313190535978515 -0.00417675 0.6864463626855689 -0.1480775417719187 -0.7119441219495659 0.0029089 0.5141209140832689 -0.5935624935570798 0.619163348353636 0.00968627
-0.5247109871944334 -0.7450875158104572 -0.41173167682465844 -0.00411995 0.7365767870866796 -0.15490169766214654 -0.6583768683561486 0.00294709 0.4267704495891292 -0.6487295721984523 0.6300927911924606 0.00967077
-0.5257840880629004 -0.6952663626456386 -0.4900569127288863 -0.00405146 0.7812336565476665 -0.16680072615621822 -0.6015409309688913 0.0030076 0.33648932615615956 -0.6991296036696353 0.6308666504545251 0.00964561
-0.5175142095687051 -0.6420340995772922 -0.5656600196889068 -0.00399498 0.8201611350282472 -0.18371431701303242 -0.5418346263516322 0.00306663 0.2439564622707427 -0.7443394821614738 0.6216461853916044 0.00960702
-0.5000268485181115 -0.5861126646717849 -0.6375304659954573 -0.0039588 0.852841991411267 -0.20538190705492998 -0.48008208666866936 0.00312232 0.15044496816679942 -0.7837666850318527 0.6025579598573657 0.00954423
-0.47370447880809075 -0.5285317483239147 -0.7044560013022964 -0.00392527 0.878783393808082 -0.2311533022758843 -0.41750197318587956 0.0031564 0.05782571680752657 -0.8168367902222693 0.5739632781067757 0.00951159
-0.43940074170790766 -0.470614372636324 -0.7651464568660431 -0.00389405 0.8977477528359213 -0.25968544114601844 -0.3558264238850891 0.00315505 -0.031240365948463522 -0.843258906816238 0.5365989709368525 0.00948171
-0.39768787407977924 -0.4126059540376453 -0.8195124657395949 -0.00386551 0.9100354335252323 -0.2912381628861508 -0.2949844779089961 0.00317783 -0.11696095305036108 -0.8630971319448264 0.4913079241068341 0.00942213
-0.3497923804407293 -0.35570248001789245 -0.8666723927152226 -0.00384107 0.9158703566084161 -0.3244226437435181 -0.23649828352958324 0.00318849 -0.19704512293274556 -0.8764848509447196 0.439257926044405 0.00937104
-0.2962614692901696 -0.30009898596596984 -0.9067357610882161 -0.00378849 0.915582697059138 -0.3595116083906114 -0.1801658354913892 0.00321645 -0.27191444731743203 -0.883567768795689 0.3812748762841096 0.00929866
-0.2375045575743529 -0.24593060751045703 -0.9397391773364292 -0.0037868 0.9092489822547842 -0.3967329417438242 -0.12597325590747682 0.00324662 -0.3418448089412068 -0.8843761129886023 0.31783803638822233 0.00919203
-0.17388015808677132 -0.19340183122627763 -0.9655886403132763 -0.00371044 0.8969414286624761 -0.4358763909505227 -0.07421485943436962 0.00331844 -0.4065240019637655 -0.8789809460336835 0.2492603705708048 0.00906123
-0.10637213996725922 -0.14254298521243475 -0.9840561290930072 -0.00351567 0.8787215011532972 -0.47662918522648967 -0.02594500339619471 0.00334969 -0.46533159279129305 -0.8674711045084211 0.17595565234813573 0.00896017
-0.035523535137151535 -0.09448104996047407 -0.9948926623760602 -0.00349798 0.8549001850704465 -0.5184549979165051 0.018710657442021772 0.0033563 -0.5175748757598996 -0.8498692524934426 0.09918922143237821 0.00884394
0.03801386430319356 -0.049663361500196845 -0.9980423320907981 -0.00351953 0.8256845604346184 -0.5609998443317528 0.059364815502450485 0.00332489 -0.5628498492321279 -0.8263248303084263 0.019680498853455602 0.00874256
0.06859125309906146 0.004768649546064763 -0.9976334497097656 -0.0035435 0.7875695272139962 -0.61409400744068 0.051213180230959665 0.00330999 -0.6123965053804792 -0.7892184805280177 -0.0458771205594241 0.00865919
0.0894431797389748 0.054358943731479537 -0.994507427239525 -0.00353993 0.748677725729451 -0.6622024278229122 0.03113852247646698 0.0032957 -0.6568725756147521 -0.7473506873094039 -0.09992682114128949 0.00861575
0.03858344090055289 0.08126223386230969 -0.9959456649014446 -0.00353306 0.7200951249058849 -0.6932827927740471 -0.028670199340004088 0.00326385 -0.6928017964577253 -0.7160694230248383 -0.08526577410557888 0.00857778
0.018506116309215573 0.12144154539213325 -0.992426055034792 -0.00354525 0.6827949410208941 -0.7266272001584898 -0.0761838598792921 0.00319636 -0.7303756514119452 -0.6762136223432683 -0.09636672030308056 0.00861974
0.0008425226763357288 0.16285441155838687 -0.9866497508191603 -0.00357076 0.64285019855228 -0.755854021367037 -0.12421079101500143 0.00315118 -0.7659914571173974 -0.6341633378075792 -0.10532781495842508 0.00865696
-0.014973892576484061 0.20596689828846645 -0.9784443874592651 -0.00356818 0.6009740967956513 -0.78022398497573 -0.17343779360117265 0.0031116 -0.7991282234546339 -0.5906167709081925 -0.11209778053208995 0.00869134
-0.028186992143133874 0.24963652599410247 -0.9679292837617417 -0.00359529 0.5568217272655362 -0.8002477376388314 -0.22260530642587237 0.00311823 -0.8301536348887157 -0.5452386296783525 -0.11644646489921774 0.0086794
-0.03682792235069794 0.2881695281514707 -0.9568709563887334 -0.0036386 0.5049413784573673 -0.8209291663659809 -0.2666636610624496 0.00309188 -0.8623676179315318 -0.49298440832810736 -0.11527560317986314 0.00873789
-0.02681087480551394 0.3676649348856452 -0.929571768422265 -0.00361762 0.46866584336488915 -0.8167499228910439 -0.3365588963622129 0.00314843 -0.882968574896774 -0.4446819752508615 -0.15041421685383308 0.00866697
0.003952813435923207 0.45256694757991583 -0.891721668024355 -0.00326245 0.4311789643925002 -0.8053467247582021 -0.4068185757639972 0.00327525 -0.9022577657916563 -0.3828835474128313 -0.19832073312998408 0.00857951
0.03368817174684073 0.5311224612665301 -0.8466250871681859 -0.00322388 0.39565121324851693 -0.7849880073616782 -0.4767115959920822 0.00331085 -0.9177827763361718 -0.3189087007852324 -0.2365840569948516 0.00853142
0.06966827086000305 0.6054302597333291 -0.7928433216182191 -0.00298977 0.36227871803630307 -0.7558674882828131 -0.5453608627459476 0.00325452 -0.9294624588940374 -0.24923591385726312 -0.2719944792645337 0.00874106
0.10859274702116153 0.6724988084042904 -0.7320880875886505 -0.00325562 0.33118180538722575 -0.7188468135860887 -0.6112101687452403 0.00353833 -0.9372972991931942 -0.17608126331877744 -0.3007809196628132 0.00815531
0.15004091360270977 0.7315834900890703 -0.6650363307928067 -0.00336161 0.30271200671801024 -0.6743395283606096 -0.6735218196013741 0.00351637 -0.9411977290846061 -0.10025865309032339 -0.3226376252802744 0.00812653
0.19065142631030918 0.7700229007333166 -0.6088651459823379 -0.00347874 0.26563433751357435 -0.6375697090733234 -0.7231481624161691 0.00364505 -0.9450346196725118 -0.023866261089802332 -0.3260980975136534 0.00789769
0.2219910098310802 0.7887160987515696 -0.5732773387499999 -0.0036902 0.21672502382286968 -0.6131526688868753 -0.7596539137567047 0.00386807 -0.9506578015264768 0.044392794539278135 -0.3070488954382341 0.00762569
0.25486538753935994 0.8038285340799061 -0.5374972763032024 -0.00374995 0.16861306458843495 -0.5842809031486528 -0.7938422139606149 0.00371939 -0.9521624171770844 0.11169384054075593 -0.2844489713476708 0.00767361
0.25082054731257486 0.8195932454897317 -0.5151271347865773 -0.00401899 0.13577859855744118 -0.5566631339377993 -0.8195671586199174 0.00346299 -0.9584639926567913 0.13562104284422793 -0.2509057741827526 0.00805016
0.25175664284201377 0.8303356518325913 -0.4971531937749819 -0.00424446 0.09746172089970057 -0.5328399891373057 -0.8405847720101911 0.00331921 -0.9628706069582703 0.16316939440931327 -0.21507194838916205 0.00842103
0.25288309250144014 0.84257151435435 -0.47552432611331863 -0.00406596 0.06254350407540393 -0.5047082790766597 -0.8610214068938394 0.00283047 -0.9654731749897965 0.18799679845703288 -0.1803295653658261 0.00869474
0.25488222174638064 0.854017079255368 -0.4535304635608937 -0.00413981 0.027582917744117252 -0.4752516256097048 -0.8794174634404607 0.00251576 -0.9665786236444245 0.21163818345341967 -0.1446894730731528 0.00909076
0.25774655141209357 0.8646469034696164 -0.43122203973774004 -0.004179 -0.007330581949293036 -0.44453862981461484 -0.8957296853241103 0.00230651 -0.9661847534521841 0.23403234589036798 -0.10823993382108771 0.009424
0.26167387174633616 0.8862156719265034 -0.38229382374966225 -0.00425293 -0.02087947899049225 -0.3908046752051971 -0.9202367919154535 0.00220333 -0.9649304805022834 0.2487840201251203 -0.08375965095447899 0.0095661
0.2683261185207274 0.902937307531869 -0.33571611934296497 -0.00436745 -0.03667140438337502 -0.33866938700987514 -0.9401905415408658 0.00217349 -0.9626298884930551 0.2645888602520045 -0.05776186294081684 0.00972303
0.27870706760123504 0.9110972954860221 -0.30368419225764226 -0.00440381 -0.06334439279930909 -0.29808554541910115 -0.9524350347992683 0.00216435 -0.9582848524160272 0.2846870663908933 -0.025365643294417733 0.00977666
0.2899375773514869 0.9176830084682741 -0.2716506896883713 -0.00434044 -0.08956736253228242 -0.25657877084454045 -0.9623642875340477 0.0021753 -0.9528451546859862 0.3033566058626745 0.007802619490705209 0.00981749
0.2999572047381831 0.9243359363747571 -0.2358574825013121 -0.00440059 -0.11193372524251377 -0.21143112627061067 -0.9709622649708249 0.00222668 -0.9473629275409657 0.3176475335495967 0.040044075103175564 0.00973549
0.31847575570887365 0.9290525706687685 -0.18824057468945188 -0.00443511 -0.12332081106262732 -0.15628596138076034 -0.9799829977270766 0.00227261 -0.9398750824362342 0.3353148061285764 0.06479822687726589 0.00972029
0.33071745637660166 0.9285720177231345 -0.1684635626756658 -0.0045842 -0.15152257030566613 -0.12394618889795189 -0.9806519530116883 0.00227037 -0.9314863792540156 0.34984475151023864 0.09970845051942348 0.00964433
0.3434548389969706 0.927282471376077 -0.14894962856026323 -0.00450861 -0.17906892959134862 -0.09103090550944282 -0.9796160945478284 0.00221025 -0.9219398527152267 0.3631261385810808 0.13478247458264025 0.00959187
0.3565920137228332 0.9251832710647669 -0.12991555215212786 -0.00466364 -0.20603672292270042 -0.05775659540229916 -0.9768382898386043 0.00212079 -0.9112579242763099 0.37510010747723416 0.1700261886128083 0.00949838
0.37224929395989864 0.9241535282163013 -0.0858528941371145 -0.00451382 -0.21350954305496106 -0.004754015998694017 -0.97692941114307 0.00219394 -0.9032409081584039 0.3819916957438286 0.1955459184231046 0.00931777
0.38819860972314507 0.9206123510295823 -0.04212764580180084 -0.00453813 -0.22008645027442014 0.04822095110337138 -0.9742877882229106 0.00224342 -0.894909936146997 0.3874888888813084 0.22133361059474582 0.00919168
0.39705074493178066 0.9177290484604137 -0.011139998252321426 -0.00485813 -0.2377304625058166 0.09111419204093868 -0.9670483086203592 0.00220488 -0.886473312145317 0.3866155682595705 0.2543491089692291 0.00889377
0.4064024046174285 0.9134855141895402 0.0195269272299316 -0.00491735 -0.2547876583197843 0.13382489261310804 -0.9576920941957341 0.00224734 -0.8774510440412573 0.38423314990115204 0.28713159322503334 0.00856071
0.4162565738536904 0.9078825742240111 0.04979654751054308 -0.0051377 -0.2712202009985237 0.17625274237526206 -0.9462423438926835 0.00232922 -0.8678537130726048 0.38037376647921195 0.3196024569375372 0.00816245
0.4266052440219715 0.9009338226505167 0.07953749416018346 -0.00511747 -0.2870938185189055 0.21828498788584805 -0.9326997391614885 0.00246566 -0.8576625823371262 0.3750598769103438 0.35177405190094657 0.00776094
0.4389103545236248 0.8917461584984917 0.11021111330137862 -0.00487623 -0.30077899129171815 0.2613945497089115 -0.9171722236199765 0.00281304 -0.8466933914289652 0.3694071983403392 0.3829472845247225 0.00755642
0.47026412409406804 0.8724456110092857 0.13300492254301277 -0.00459689 -0.30203667646202415 0.3007138633867812 -0.9046242415714775 0.00307304 -0.8292318732790084 0.385239961838891 0.4049255143116525 0.00711903
0.5011661675497012 0.8513965806342089 0.15477834146908948 -0.00451858 -0.3017705653225863 0.3395852430948314 -0.8908514963657586 0.00297723 -0.8110283585722706 0.3997570826847243 0.42711506228997237 0.00737632
0.5315582039263576 0.8286440761079494 0.17548467445844862 -0.00348093 -0.30004424194714274 0.3779550943854851 -0.8758558097668949 0.00643814 -0.7920980549862177 0.4129151750169299 0.44953501479616553 0.0045068
0.5613864167347242 0.8042305820971475 0.19508578094118012 -0.00438603 -0.2968450305827507 0.41574507616404355 -0.8596738099207627 0.00523966 -0.7724819214221602 0.4246989551023609 0.47212549032104845 0.00588958
0.5299797654643155 0.819663467130813 0.21742412205062228 -0.0048207 -0.33336544718019834 0.4371294273785511 -0.8353354669508811 0.00497126 -0.7797364470285686 0.3702292051834847 0.5049172296569703 0.00666179
0.49843148480418503 0.8327605649146634 0.24098941154935882 -0.00492076 -0.3702548266291561 0.4558367572771955 -0.8093974388845229 0.00499337 -0.7838861003447563 0.3142016744672471 0.5355370103440742 0.0066142
0.46686992023610224 0.8434619320590357 0.26571497275459194 -0.00488501 -0.40734463929282927 0.47181237439942986 -0.7819612702704442 0.00557931 -0.7849221760264706 0.2568366261474602 0.5638547020740888 0.00594997
0.4354442673294403 0.8516917515262591 0.2915638016490729 -0.00491007 -0.4444129958925763 0.4850433526502552 -0.7531467553747976 0.00562864 -0.7828699631048006 0.19837869450103052 0.5897122301905862 0.00588245
0.41812241024621105 0.8541793774870432 0.30911363788378265 -0.00525559 -0.47763631139400164 0.49618045162864927 -0.7250300086613808 0.00565782 -0.7726818259075539 0.15550739692193666 0.6154512534837603 0.00638357
0.4011987335021708 0.8555730211649148 0.3271610944030393 -0.00533033 -0.5104267383655461 0.5053914056506206 -0.6957327589354985 0.00558678 -0.7605945838603932 0.11213533140464721 0.6394697384966745 0.00638176
0.38472000641411713 0.8558681533039847 0.34565911072145755 -0.00554519 -0.542695995570174 0.512653920035217 -0.665332258848632 0.00499438 -0.7466401898215898 0.06837881567088233 0.6617044389382832 0.00695212
0.36872238388497436 0.8550650386379548 0.36456492332814283 -0.00541106 -0.5743613915570238 0.5179490018046843 -0.6339067939517689 0.00524932 -0.7308575753940442 0.024343607551145674 0.6820957361401221 0.00651006
0.3532490581216319 0.8531651247903091 0.38382857212265487 -0.00532909 -0.6053391169726332 0.521263001674232 -0.6015392227846513 0.00500526 -0.7132879197063222 -0.019853285045697944 0.7005898876474892 0.00656553
0.314979811280101 0.8519330733694255 0.4183273323430796 -0.00421222 -0.6423855432133943 0.5158243440939672 -0.5668033697063395 0.00206426 -0.6986619585725165 -0.09019581220519121 0.7097437446742744 0.00730062
0.2774759927614656 0.8470721597664398 0.45329441822027566 -0.00434274 -0.678463599834266 0.5068279924624034 -0.5318012126316176 0.00198413 -0.6802163017312715 -0.1599816933437981 0.7153402272023313 0.00765766
0.273201387587497 0.8311266036894326 0.48434447499681 -0.00439956 -0.6883787977594592 0.5206123130662517 -0.5050717278556078 0.00190914 -0.6719342472411332 -0.19542617051837374 0.7143619385584703 0.00797018
0.2831135729047668 0.815334545718639 0.50505077308611 -0.00445967 -0.6932119365796927 0.5378758960613889 -0.479736106020372 0.00186862 -0.6628000571971375 -0.21428742145524582 0.7174796061112347 0.00798741
0.2937574607097129 0.801020626457738 0.5216057038287005 -0.00447885 -0.6996731513638694 0.5519801284508046 -0.45362475577947087 0.00201211 -0.6512787694512487 -0.23169785019435502 0.7226009069170761 0.00782631
0.30461822925296134 0.7862439914792249 0.5376133557396122 -0.00454692 -0.7056541430825137 0.565401779813602 -0.4270515867364204 0.00185615 -0.6397342923099195 -0.24928139370283486 0.7270480190443398 0.00793654
0.31558082858383 0.7712342788851297 0.552816812066056 -0.00463801 -0.711398112213019 0.5778334731213585 -0.4000265032223003 0.00200865 -0.6279502102635973 -0.26703214116102586 0.731007776303961 0.00785404
0.33618927566538936 0.7611443495367156 0.5546494839949924 -0.00467329 -0.718044401466837 0.5882365384377097 -0.37200808105329225 0.00308466 -0.609416941387186 -0.2731978294480964 0.7442942546702455 0.00711108
0.35676639399266763 0.7508886741699685 0.555773280322773 -0.00455135 -0.7238405474005745 0.598284908932178 -0.3436713978248002 0.00289666 -0.5905697266676521 -0.27968083013907535 0.7569716184880463 0.00713188
0.37728781661053923 0.7404823864262052 0.5561831881941456 -0.00437358 -0.7287833711264079 0.6079630424876112 -0.31504878501406036 0.00287812 -0.5714268994428603 -0.2864729906322047 0.7690282987194687 0.00697913
0.3977131047665589 0.729875525032093 0.5559730247557619 -0.00435815 -0.7328229113208933 0.6173111034296721 -0.2861775362001905 0.00286896 -0.5520823008756166 -0.29361321418077835 0.780382222707769 0.00700599
0.41752263620502095 0.7192757484888547 0.555263222167836 -0.00435896 -0.7363306109383158 0.6258813994713961 -0.2570791807808117 0.00293666 -0.5324397427424219 -0.3015209303373887 0.7909444031768978 0.00697322
0.4619157690078456 0.7193029344691642 0.5188806325215268 -0.00436654 -0.7379751665982985 0.6362136430614944 -0.22499967525895415 0.00291421 -0.4919618641989479 -0.27899012320594896 0.8247048170875597 0.00700324
0.47685814283426237 0.7039792718050253 0.5263264162870077 -0.00474207 -0.7391118178679963 0.6452294704504427 -0.19337179512562655 0.00228547 -0.4757310503851143 -0.29680315923370426 0.8280023263061331 0.00741321
0.49188411890320377 0.6883959197811576 0.5330676047177063 -0.00468995 -0.7395115662408129 0.6534794783763141 -0.1615153699716534 0.00233345 -0.4595352619406683 -0.31476281382919785 0.8305129222736074 0.00735184
0.5069748212188478 0.672561323649279 0.5391083347354662 -0.0046672 -0.7391642652178124 0.6609633654209737 -0.1294743935934529 0.00236756 -0.44341032878715086 -0.33284935857307973 0.8322250806256446 0.00731815
0.5221050797190294 0.6565049205090274 0.544433260445228 -0.00465059 -0.7380892583997893 0.6676543734757696 -0.09727221706903988 0.00240808 -0.42735293653657613 -0.35105402280292 0.8331449698026461 0.00727657
0.5372234989934673 0.6402414659304201 0.5490735628606451 -0.00462006 -0.7363121472786756 0.6735195666831657 -0.06492930821121351 0.00246284 -0.41138222360607907 -0.3694079839394211 0.8332481068101688 0.00722195
0.5523465658166848 0.6237914276494873 0.5529896256002728 -0.00461128 -0.7338114758825639 0.6785753996181553 -0.03249838297692331 0.00250812 -0.3955173688898738 -0.38783976307758344 0.8325540997931342 0.007173
0.5674598891162825 0.6071767379393946 0.5561705522134484 -0.00461166 -0.7305911043556321 0.6828152297727178 -1.5061498157747932e-05 0.00255721 -0.37977086839376495 -0.4063247111556304 0.831068178083928 0.00712982
0.5824938952206603 0.5904092888500407 0.5586749803510552 -0.00458716 -0.7266935021645944 0.6861923377520684 0.03250583827727688 0.00259326 -0.36416674194991994 -0.42491993039858805 0.8287494415127168 0.00707881
0.5974795062315178 0.5735194938761822 0.5604405675692552 -0.00457734 -0.7220906698242294 0.6887378260443485 0.06500208864721069 0.002635 -0.34871665315286676 -0.4435263206617077 0.825639811718252 0.0070315
0.6124086565870671 0.5565162458494989 0.5614671009443064 -0.00457157 -0.7167816774746788 0.6904548277798996 0.09744823052274909 0.00267292 -0.3334361470713837 -0.46212747040292834 0.8217411617566577 0.00699131
0.6272593583006724 0.5394213760020807 0.5617564210013541 -0.00455091 -0.7107758470238796 0.6913383101418776 0.12980383745351956 0.00272001 -0.31834477019689744 -0.48070356774440004 0.817056110218931 0.00694334
0.6420233841264582 0.5222473988819353 0.5613052900123627 -0.00442829 -0.7040731531613239 0.6913931327942924 0.16203867107071876 0.00234871 -0.303458348430688 -0.49923260138531256 0.8115909317394894 0.0070575
0.6566767845966961 0.5050206080000829 0.5601158684298913 -0.00440295 -0.6966876041927649 0.6906138706825335 0.19411044223594565 0.0023416 -0.2887940143699136 -0.5176936035109143 0.8053516934532357 0.00700544
0.671210866331937 0.4877542068170255 0.5581861756172618 -0.00442055 -0.6886213471082201 0.6890058391482058 0.22599025183962437 0.00231699 -0.27436583829768346 -0.5360660289105913 0.7983461651584721 0.00698812
0.6856040690237639 0.47047393398548426 0.5555189807542859 -0.0044273 -0.6798887329080003 0.686566900773767 0.25763773331299633 0.00237719 -0.26018910700260356 -0.5543285742248247 0.7905829876711623 0.00692131
0.699839011236558 0.4531914103201343 0.5521258044716664 -0.00440658 -0.6704992083140785 0.6832988001776522 0.2890217315808191 0.00243458 -0.2462847335943319 -0.5724685976434243 0.7820636385298452 0.00685794
0.7138920983812779 0.4359440096689777 0.5480062885610986 -0.00442627 -0.6604709131334121 0.6792086973512821 0.3200839239122939 0.00247246 -0.23267196817298924 -0.5904475979086617 0.7728100603320319 0.00680577
0.7277628973306477 0.41873215379338846 0.5431616229525533 -0.00449952 -0.6498033824918358 0.674300912415182 0.35081881879144206 0.0022589 -0.21935525836202469 -0.6082611798360994 0.7628247555850074 0.00696122
0.7414309917394697 0.4015814265666001 0.5375987744823838 -0.00448352 -0.6385131580966438 0.668580483949953 0.38118379217733966 0.00228068 -0.20635171776769123 -0.6258853683526892 0.7521213161826634 0.00693573
0.7548902026921445 0.3845088296650565 0.531313223804021 -0.0044965 -0.6266040583475867 0.6620596112713938 0.4111501248759451 0.00229322 -0.19367017308234968 -0.6432962233938418 0.7407171072855502 0.00692599
0.768119419161891 0.36753406092686597 0.5243198183980902 -0.00448364 -0.6140952652635586 0.6547404775791206 0.44068346032083494 0.00231981 -0.18132722654714342 -0.660479841538008 0.7286198019781297 0.00689336
0.7811075020654121 0.35068256496596273 0.516616694316033 -0.00448283 -0.6009984022278971 0.6466333939944652 0.469751183384048 0.00235376 -0.16932805655486324 -0.6774119812935788 0.7158498563688205 0.00685577
0.793792608419031 0.33404281197815366 0.508240784063065 -0.00446575 -0.5873955683146042 0.6377201619922968 0.4982764707598406 0.0023918 -0.15766972170862228 -0.6940665636336669 0.7024328182125882 0.00680664
0.8035017968247993 0.32330611240031637 0.49985800001991915 -0.00446335 -0.5774453420505473 0.6274048986478399 0.5224174289749726 0.00244215 -0.1447126098287425 -0.708404016672187 0.6908125720622537 0.00676965
0.8094443934827186 0.3093181671776163 0.49912127315240157 -0.00443062 -0.5698316841507417 0.6189679421541652 0.5405280180743341 0.00247882 -0.14174493146960648 -0.7219424894264905 0.6772794226634664 0.00671147
0.8152725825655438 0.2954592838056651 0.49803054899268184 -0.00444606 -0.562175126344935 0.6101050139608257 0.5583287555364823 0.00250398 -0.13888752080718056 -0.7351705132504324 0.6635017505712633 0.0066338
0.819532157995756 0.27275275202427507 0.5039573179089712 -0.00446243 -0.553484333059905 0.604526883385728 0.5728894660588295 0.00252475 -0.14839856828167763 -0.7484338204057344 0.6463935963519638 0.00653785
0.8220474342112685 0.2720316964972579 0.5002367159730416 -0.00448483 -0.552691526171832 0.5925552518902528 0.5860122442023971 0.00251846 -0.13700398827961519 -0.7582064557612936 0.6374581379489764 0.00654698
0.8240500900230366 0.2860775433538577 0.4889796399868267 -0.00458018 -0.5556541664366726 0.5763616630417253 0.5992125505172124 0.002498 -0.11040786409758815 -0.7654847304580269 0.6339110592038998 0.00636762
0.8255984224635561 0.30011464250301545 0.47782679516847426 -0.00455991 -0.557997901922663 0.5600360170632328 0.6123708035511302 0.00257968 -0.0838187704252098 -0.7721987185609918 0.6298281930631309 0.00642902
0.8278151400632892 0.3093058785499619 0.46802987872189655 -0.00470392 -0.5576711831678662 0.5444663667839935 0.6265454707403046 0.00264544 -0.06103233033523475 -0.7796706028416578 0.6232084769307754 0.00617034
0.8314648917172754 0.3038253257974757 0.46514116700807867 -0.00479761 -0.5530539514511065 0.532336772332892 0.640896939926004 0.00269555 -0.05289102594861189 -0.7901314651539051 0.6106511337481055 0.00597308
0.835120333715648 0.2980157419080378 0.4623425632468484 -0.00488125 -0.5482015520177178 0.5200864194649675 0.6549695982665721 0.00274086 -0.04526683753068672 -0.800435340213756 0.5977074364242582 0.00585802
0.8387637827380641 0.2922625420782874 0.4594104083114253 -0.00528096 -0.543186002294463 0.5076112443475258 0.6687897962165061 0.00252433 -0.037739683070911634 -0.8105019624343259 0.5845188493212288 0.0054775
0.8439917122806914 0.29066552743023644 0.45076772373940976 -0.00550039 -0.5358667406602552 0.4928605237469097 0.6855183005478966 0.00248935 -0.02290907801857414 -0.8201231951942489 0.5717281861590475 0.00523302
0.8487479594576209 0.29940194543644066 0.43587311959491065 -0.00569934 -0.5287872132530045 0.47538024949010665 0.7031341987806065 0.00229699 0.0033142746787468425 -0.8272678486823953 0.5617979370910464 0.00512065
0.854599505921426 0.2844467648437052 0.43445336049891964 -0.00590779 -0.5192745077103182 0.46214963666981346 0.718868346060783 0.00231811 0.0036973126809796697 -0.8399450882622679 0.5426588049437968 0.00478435
0.8603924975050437 0.2704394215719695 0.4319574857516094 -0.0061209 -0.5096078372459117 0.44830178373010704 0.7343877469851662 0.00223842 0.004960086146191395 -0.8519906278617287 0.5235335400728396 0.00465556
0.869551188727544 0.23568720630809806 0.43397266154125347 -0.00631922 -0.49372104946342643 0.43440584441100505 0.7533465919869118 0.00215646 -0.010966106840997636 -0.8693348624806472 0.4941018532413192 0.00446214
0.876183045077338 0.1979211661008875 0.43946613467737017 -0.00635219 -0.480840211284955 0.4215767466337355 0.7688079980782947 0.00224349 -0.03310532782564382 -0.8849295218869015 0.46454685292505915 0.00444676
0.8914676867143809 0.1710063041149232 0.4195738403392949 -0.0065086 -0.45205632933045503 0.3980446834544811 0.7982515299615132 0.00223911 -0.03050309257083439 -0.9012864549778699 0.43214845529868406 0.00432263
0.9053455636659116 0.14820128773881963 0.3979771207783284 -0.00719099 -0.4238562351357334 0.37352113608273063 0.8251229319537954 0.00188622 -0.026368585229672448 -0.91570647000664 0.4009817433511951 0.00327791
0.918321789719686 0.12612884544359068 0.37520208537946576 -0.00742708 -0.39515008398341667 0.3478315592918361 0.8502173942519106 0.00136921 -0.02327018809403661 -0.9290342946886713 0.3692611239196342 0.00286486
0.8553218917897496 -0.16798584756453153 0.49010735195794586 -0.00818963 -0.42548675433324834 0.3119910631021771 0.8494837246418152 -0.000903079 -0.29561035724778284 -0.9351162128646895 0.19537703325989692 0.00316382
0.8737139146088064 -0.1025620952028643 0.47550500738325985 -0.00887339 -0.4324174336573292 0.2839648297180559 0.85579152750679 -0.00151994 -0.22279847056962634 -0.953333620570886 0.2037543849860446 0.00241595
0.7560310585785657 -0.43024222484167923 0.4932632830728999 -0.00867861 -0.42581789374054807 0.24902499891148916 0.869865317901281 -0.00261849 -0.497087678216768 -0.8676855293713357 0.005065795559248076 0.00349725
0.6757995949411719 -0.575487369318596 0.4605531405083565 -0.00887835 -0.41425431096474863 0.22027187770333062 0.8831045610459559 -0.00432089 -0.6096624257115322 -0.7875878285294987 -0.08953847791714853 0.00397335
0.5979522803883751 -0.6827528600054875 0.4198828438179747 -0.00820443 -0.4066228710519109 0.19304339048603067 0.8929681350009973 -0.00550544 -0.6907321558432353 -0.7046863000967065 -0.16219219259930895 0.00540748
0.5150333245082802 -0.7725279861962698 0.3714043419098437 -0.00793251 -0.4024432988665897 0.16463483416709632 0.900519162803407 -0.00724486 -0.7568223476109338 -0.6132665667736243 -0.22610628526064114 0.00654764
0.4270395900667929 -0.8468945008761084 0.3168704670703675 -0.00711632 -0.4012500460902711 0.13655780157557107 0.9057319511540941 -0.00804416 -0.810330543067544 -0.5139276906478715 -0.2815008699048813 0.00792024
0.33413843707791074 -0.9069034464116983 0.2566664055806987 -0.0066708 -0.40362118101757966 0.10840330911239898 0.9084815159415499 -0.008778 -0.8517285055116484 -0.4071545915988991 -0.3298237278287121 0.00850046
0.23696151721824896 -0.9524816266471954 0.19138440442507076 -0.00586678 -0.4086509438559954 0.08099995890853648 0.9090893315524169 -0.00882407 -0.8813930141788227 -0.293628604799207 -0.37003864257728736 0.0090981
0.16467319682815262 -0.975333436041598 0.14699464883351038 -0.00524671 -0.4207394111155265 0.06533158537453854 0.9048260229937077 -0.00860779 -0.8921104674761735 -0.21084703576702207 -0.3996028545039482 0.00980068
0.10739078441473335 -0.9883567556811038 0.10778748963730062 -0.00438127 -0.4323678412265214 0.05119868744487219 0.9002426030115659 -0.00872406 -0.8952794364308307 -0.14328160350667918 -0.4218354096097777 0.011094
0.05339728026011224 -0.9961742674362046 0.0691777374504553 -0.00388244 -0.44473011931559153 0.038302526783287924 0.8948452589222089 -0.00903827 -0.8940715024170957 -0.07854772651042558 -0.44098345005870765 0.011556
-0.00012667785827447098 -0.9995474394684234 0.030081559215545395 -0.00317183 -0.4574382307978177 0.026807689018722325 0.8888372251509484 -0.00819669 -0.8892413895884979 -0.013647859231162074 -0.45723460824955464 0.0120801
-0.053092498084752096 -0.9985348327409995 -0.010458224037798058 -0.00251354 -0.47086443262618793 0.015797691021365454 0.8820641241123073 -0.00826031 -0.8806065368453375 0.051755393547896544 -0.4710132763563716 0.0128476
-0.09602544638101197 -0.9943253309279628 -0.04578482196454048 -0.00178792 -0.48400076959292015 0.006449262520337937 0.8750438057871188 -0.00777933 -0.8697829434294446 0.10618636112016006 -0.48187351870721284 0.0135018
-0.1382225000925676 -0.9869868396673456 -0.082167626177379 -0.00140985 -0.49766250728173533 -0.002514056545133189 0.8673671127992717 -0.00761561 -0.8562864995515325 0.16078139769001015 -0.4908388461018851 0.0134961
-0.17774824278123502 -0.9771910981517921 -0.1162029254411352 -0.000934341 -0.511286698898945 -0.009189562898435866 0.8593610786292077 -0.00718597 -0.8408278502269075 0.21216293179212664 -0.49799138211033994 0.0136805
-0.1976345979707208 -0.9705127521781828 -0.1380056648999617 -0.000809647 -0.5261273317147362 -0.01377052190219509 0.8502943040790482 -0.00695385 -0.8271218752443217 0.24065612517879142 -0.5078917531386452 0.0134923
-0.21698741804561383 -0.9630738322357817 -0.15939025714447852 -0.000892257 -0.5406581982650762 -0.017383070951850113 0.8410627452770953 -0.00811689 -0.8127762133937356 0.2686756827607737 -0.5169218552492945 0.0127107
-0.19963742895474268 -0.9670742623714708 -0.15783620629949224 -0.000664062 -0.556353025197746 -0.020726099865775137 0.8306875105222603 -0.0083349 -0.8066078404737066 0.25364896972593776 -0.5338969861717839 0.0127931
-0.18226513325915655 -0.9709045969338763 -0.15531801199696338 -0.00085468 -0.5715674019833255 -0.023911778861128552 0.8202066397083896 -0.00800924 -0.8000563268845847 0.23826978508481406 -0.5505791344825763 0.0122507
-0.16489074460088887 -0.9743655324788567 -0.1530452595220077 -0.00092046 -0.5867487880283182 -0.02782189460802803 0.8092909253956326 -0.0076608 -0.7928031925341019 0.22324370382524567 -0.5671202223604109 0.0116646
-0.14729696095994846 -0.9777488311034686 -0.14936809755688796 0.00038396 -0.6015562584608993 -0.0313174942594144 0.7982163130754938 -0.00751906 -0.785132901615062 0.20742815100441914 -0.583557956823828 0.0121749
-0.1297038677956105 -0.9807524354746818 -0.145950563511549 -0.000906161 -0.6162851583496006 -0.035572231846355155 0.7867192764382201 -0.00678465 -0.7767686336850029 0.1919876991683297 -0.5998093139416764 0.0115576
-0.11218467694246642 -0.9835471841946672 -0.14159637962199195 -0.000741967 -0.6305491581049238 -0.03967102889167334 0.7751348067786965 -0.00667216 -0.7679989306454049 0.17624172584668152 -0.6157243673902284 0.0114829
-0.09001524761181581 -0.9869796075639075 -0.13329857257442235 -0.000449675 -0.6452261938821662 -0.04416352669865522 0.762714062829492 -0.00655471 -0.7586701614837086 0.15466362585473103 -0.6328497048365836 0.0116975
-0.06478195844274506 -0.9903712343319557 -0.1223442522888622 -0.000105475 -0.6595140903748624 -0.04951764107585313 0.7500594428572316 -0.00500036 -0.748895495017389 0.12927807791764734 -0.6499559339775108 0.0125639
-0.11590594962256644 -0.9778799963209301 -0.17411640829476505 -0.000400443 -0.6710793973161597 -0.05213898192850401 0.7395498421751163 -0.00507347 -0.7322692492108838 0.20256416109183129 -0.650191900365801 0.0120947
-0.16568946040636534 -0.960135247732072 -0.22513842136054907 -0.000104806 -0.6824651757187646 -0.053163956665348025 0.7289820832111312 -0.0048738 -0.7118906423330785 0.2744337803080329 -0.6464501632642993 0.0125377
-0.180697489584394 -0.9527080832605106 -0.2443270868077911 0.000253151 -0.6952565178724108 -0.05198025406797176 0.7168796464839543 -0.00429165 -0.6956772179781568 0.2994083520496934 -0.65298380309856 0.012987
-0.17851705885218105 -0.9513996142839443 -0.2509391034476882 0.000365279 -0.7083046633143071 -0.05276398633805368 0.7039321456453913 -0.00405092 -0.6829613192750916 0.3034052334520292 -0.6644615118183645 0.0131512
-0.15870702949372822 -0.9565857074703789 -0.24445012385489093 0.000361798 -0.7215653529515126 -0.056617821327902676 0.6900274369385906 -0.00399944 -0.6739106173738738 0.28589894468408994 -0.6812534573998783 0.0131556
-0.13910968090584638 -0.9615083215427598 -0.23696042767158057 0.000232767 -0.7343429213487127 -0.06037590416309332 0.6760881777264909 -0.00371471 -0.6643711090522464 0.26806062336813613 -0.6976779569802778 0.0130135
-0.11942892087413096 -0.9659392206348932 -0.22956078693473705 0.000254703 -0.7469040161620916 -0.06492232865596227 0.6617548502903666 -0.00386321 -0.6541185851967355 0.2504925413682858 -0.7137102796086652 0.013014
-0.10001630697380057 -0.9700848379754268 -0.2212061153528822 0.000261542 -0.7589870872875533 -0.06937292578675397 0.647399411876889 -0.00392308 -0.64337806899993 0.2326430834948154 -0.7293434417556285 0.0129567
-0.08052756842776339 -0.9737451217123612 -0.21292193091480904 0.00030113 -0.7708090243533874 -0.07459940853489395 0.6326834723790585 -0.00390652 -0.6319562949274979 0.21507060744700293 -0.7445642182605111 0.0128939
-0.06140803341474654 -0.9770860489601404 -0.20379378390813432 0.000283346 -0.7821647137451192 -0.0797299833894447 0.6179494237562929 -0.00401402 -0.6200382359210995 0.19734736551619034 -0.7593461683051217 0.0128455
-0.04222066965059944 -0.9799498803066424 -0.19471940617527572 0.00017702 -0.7932178868969328 -0.08562059611736438 0.6028884618461955 -0.00395904 -0.6074724676567814 0.17990927048794403 -0.7736988144177787 0.012732
-0.024270286721505684 -0.9821635686297198 -0.18645556478418687 -2.35794e-05 -0.8038857543072818 -0.09169984673402579 0.5876723850333357 -0.00404206 -0.5942883535828958 0.1641519496243964 -0.787321719648481 0.0125901
0.009880717858557361 -0.9876853238072966 -0.1561411942770884 7.22506e-05 -0.8127150022698769 -0.09890534133009944 0.5742055890897009 -0.00404916 -0.5825776313076855 0.12122472764272313 -0.8036839359523582 0.0126741
0.04331323918616656 -0.9912636157211365 -0.1245809273470882 -0.000100078 -0.8209977638741683 -0.1063711493696651 0.560934800396081 -0.00398803 -0.5692860748558819 0.0779847595959296 -0.8184324909520317 0.0125173
0.07642055768604895 -0.9927599208713883 -0.09266950887097644 -0.000173811 -0.8287969079910577 -0.11491698474731835 0.54762192425162 -0.00410837 -0.5543063987249431 0.03495462956489909 -0.8315783728576429 0.0124365
0.10863218205214008 -0.9922872072980007 -0.05970885407815121 -0.000325717 -0.8360390142598833 -0.12369186242266873 0.5345456854243376 -0.00410175 -0.5378083447269613 -0.008149932708117924 -0.8430277355691802 0.0122911
0.14036504110912268 -0.9897440884378319 -0.026538550013136097 -0.000396807 -0.8427419543697328 -0.13350056718311715 0.5215012913760326 -0.00413197 -0.5196957317310947 -0.05083540069824821 -0.8528376800167371 0.0122003
0.17102330823487744 -0.9852388118872933 0.0074506101302108385 -0.000556699 -0.8488807029449602 -0.14350635221157615 0.5087312444135872 -0.00407786 -0.5001525569344498 -0.09332957958675997 -0.8608931463114863 0.0120754
0.20108656375688505 -0.9786909487932737 0.041571873022153844 -0.000695134 -0.8544263285782466 -0.15448275493818364 0.49607532438028734 -0.00400166 -0.4790822924182717 -0.13527418518265402 -0.8672837205404139 0.0119898
0.22990821987982352 -0.9702053577933085 0.07644458215497615 -0.000831073 -0.8594151067328686 -0.16553965514699193 0.4837378390131861 -0.00395668 -0.45667043341015945 -0.17691293418790266 -0.8718680685551021 0.0119177
0.25800007413038023 -0.9597116294377966 0.11130835579851 -0.000999618 -0.863764784599197 -0.17751070848043266 0.4715934109602016 -0.00392443 -0.4328352557671579 -0.21781537295752165 -0.8747628848255706 0.0117589
0.28474009775988984 -0.9473282529088423 0.14660238050034916 -0.00116762 -0.8675434872254932 -0.18960287841181397 0.45980326909514824 -0.00399916 -0.4077883942687909 -0.258108368207301 -0.8758359982103072 0.0116305
0.3106382920675334 -0.9329821064268233 0.1817917506069314 -0.00127212 -0.8706462708187022 -0.20253617206108782 0.4482791207677734 -0.00389702 -0.38141699308086985 -0.2975289701763651 -0.8752128822720441 0.0115018
0.33503533384255246 -0.9168452132679625 0.21713171114471905 -0.00147723 -0.873174201036309 -0.21554738494291736 0.4371568820101923 -0.00395688 -0.35400302219276714 -0.3360568103042908 -0.872781576642457 0.0113259
0.35393106530661833 -0.9037500005326434 0.24076697769455224 -0.00174706 -0.8750266145487086 -0.22907414444593932 0.4264427982482368 -0.0039813 -0.3302441897177718 -0.3616088672635223 -0.8718817593424262 0.0111397
0.3717925184461795 -0.8897952547461915 0.2646407524524664 -0.00180575 -0.876441437409562 -0.24248944173707904 0.4159919199185252 -0.00404736 -0.30597504803318226 -0.3866048050363576 -0.8700091923099962 0.0110329
0.38712308954277896 -0.8741841192300306 0.29315156357909683 -0.0018569 -0.8788624495196895 -0.2537094872879596 0.4040201614824833 -0.00396705 -0.27881267612342303 -0.4140454343983234 -0.8665043969229463 0.010972
0.40120096918886367 -0.8576262585117564 0.3217374442508087 -0.0016684 -0.8808724305217528 -0.26491119533196233 0.39228283130222585 -0.00384309 -0.2512002059485942 -0.44079389662167134 -0.8617419551306917 0.0108763
0.40294685314973233 -0.8368744238561244 0.37050645369845814 -0.0013237 -0.8893265508040092 -0.2624063243853243 0.3744879263175621 -0.00375796 -0.21617613090203092 -0.4803999579705056 -0.8499904474817139 0.010662
0.4025047370967141 -0.8141893646426769 0.41843233039221434 -0.00173627 -0.8973164602442084 -0.26046574662095334 0.35634360526322534 -0.0030612 -0.18114388421779276 -0.5188962067118467 -0.8354242155160141 0.0110385
0.4004517851085627 -0.7894209556810394 0.4652450134445285 -0.00156937 -0.9046267209823797 -0.25974590613419735 0.33790910010118436 -0.00282365 -0.14590703714363115 -0.5561893733056744 -0.8181470023985958 0.0109801
0.3961992424008376 -0.7628739057053481 0.5109300972881419 -0.00200321 -0.9114447991787374 -0.25957906378900675 0.3191975684312991 -0.00314662 -0.11088073940515325 -0.5921504147058335 -0.7981624822006332 0.0105521
0.3903597576063508 -0.734379113142852 0.5552536157658308 -0.00218365 -0.9175331197506055 -0.2606343974512403 0.30033761839960993 -0.00316599 -0.07584348226599202 -0.6267033022449672 -0.7755583389745874 0.0104343
0.38231905880301253 -0.7043005347591497 0.5981579172876965 -0.00232979 -0.9231093849649602 -0.2622201393574193 0.28126439857363517 -0.0031115 -0.041245613895198374 -0.6596979272768345 -0.7503981903503345 0.0103806
0.37274194306540953 -0.6724581744575241 0.6394243094261252 -0.00254653 -0.9279096083769837 -0.26501015734891176 0.262208648186092 -0.0029851 -0.006870412032457973 -0.6910641215597574 -0.7227608022930858 0.0104148
0.36109390076243203 -0.6393748832340607 0.6788305779217685 -0.00269982 -0.9321474996632728 -0.26831002206757065 0.24312706745570026 -0.00290929 0.026687706976803505 -0.7205619270732608 -0.69287681123616 0.0104106
0.3479018514075478 -0.6046806138624856 0.7164674849608237 -0.00283136 -0.9356148585993909 -0.27276191199130706 0.2241110790096918 -0.00278849 0.059909416248552894 -0.7483062839410972 -0.6606425412119806 0.0104253
0.3327253221324834 -0.5689250396678034 0.752075899926878 -0.0029525 -0.938507780741437 -0.2777274403577975 0.20511122436397372 -0.00264863 0.09217920318389333 -0.7740747819889846 -0.6263475284449423 0.0105115
0.31892732482652564 -0.5371070128841278 0.7808978282654432 -0.00308598 -0.9403279340601705 -0.2824269761257575 0.18978508788256493 -0.00246404 0.11861171065762399 -0.7948276919352713 -0.5951304077491939 0.0105895
0.3044208790219607 -0.5056237522189705 0.8072623796557759 -0.00321893 -0.9417004179718335 -0.2872289101574311 0.17521380071629278 -0.00231697 0.14327683416090403 -0.8135380595656135 -0.5635845761117362 0.0106716
0.289125964024533 -0.47314936488115367 0.8321873920214398 -0.00318592 -0.9425115452851739 -0.29286268543560573 0.160945439461947 -0.0022734 0.16756540195111364 -0.8308797301607536 -0.5306229452982177 0.0106956
0.27312596446220677 -0.44098463014858236 0.8549472284938451 -0.00321779 -0.9429690662751736 -0.2985361853582786 0.14725992693144407 -0.00206804 0.19029331986361503 -0.8464092993371736 -0.49737284848575963 0.0108659
0.25643377717715254 -0.4079481046669599 0.8762534232864904 -0.00328503 -0.9428917150753846 -0.3049801613058063 0.13394892628193694 -0.00193355 0.21259569977978832 -0.8605611222385772 -0.4628581027989276 0.0108945
0.23859917017838234 -0.3747434212543598 0.8959005548702181 -0.00321069 -0.9425255056209271 -0.3115767526092256 0.12068802130909734 -0.00187966 0.23391474353747577 -0.873205185199943 -0.42754718721531787 0.0109906
0.2201775996415647 -0.34087614922411985 0.9139613096330796 -0.00329731 -0.9416354374866978 -0.31886743925623995 0.10791783472347422 -0.00171183 0.25464588644883673 -0.88437944745019 -0.39118852928272635 0.0110811
0.20070540645832935 -0.30701305278266433 0.9303012013533389 -0.00331532 -0.940462935810041 -0.3262865758824294 0.09521836359903457 -0.00162125 0.2743115130393821 -0.8940246393808106 -0.3542218767863673 0.0110979
0.180688684966943 -0.2724891864163042 0.9450403390390789 -0.00339942 -0.9387649827687781 -0.33439426764104363 0.08307093893742795 -0.00148382 0.29338013949831815 -0.9021807563093942 -0.3162245668713243 0.0112431
0.15972423098681862 -0.23814789907049638 0.9580050877756225 -0.00372955 -0.9367906422795722 -0.3426069521174736 0.07101949660622808 -0.00121864 0.3113060593260213 -0.9087937359649241 -0.27781735528548224 0.0113761
0.13823156332020095 -0.2032016427084533 0.9693302467697167 -0.00371703 -0.9342993252429062 -0.3514797008178798 0.05955493903635656 -0.00113827 0.32859824368475216 -0.9138769678209206 -0.23843674619013008 0.0113894
0.11590342154231142 -0.16861492341763035 0.9788439122125918 -0.00371638 -0.9315382218848565 -0.3604329909460447 0.04821410794869513 -0.00100974 0.3446780208286935 -0.9174186975631984 -0.1988466628310861 0.0116045
0.09310119334594086 -0.13351024609187928 0.9866646755539836 -0.00418605 -0.9282729195640413 -0.3700017349306486 0.037524697898332626 -0.000923774 0.36005771009882953 -0.9193876931614846 -0.1583815489935343 0.011516
0.06964156746877381 -0.09898302996874792 0.9926491887160833 -0.00425984 -0.9247486267919596 -0.3796178179818943 0.027023869394495803 -0.000702363 0.3741524145677501 -0.9198329587750549 -0.1179716009226417 0.0117874
0.04575010268171181 -0.06402021375301353 0.9968993631935127 -0.0041178 -0.9207386227504788 -0.389799670898879 0.017222228156563768 -0.00091146 0.38748847296424704 -0.9186716653941951 -0.07677925840806213 0.0115895
0.021268361705637562 -0.029779632102019504 0.9993301908289504 -0.00391451 -0.9164793725078989 -0.40001003537242785 0.007584943564508395 -0.000750142 0.39951622815335786 -0.9160268255423623 -0.03579997666056062 0.0119063
0.0077348735373214406 -0.002804233702067782 0.9999661534295581 -0.00373554 -0.9128287726700135 -0.4082996871574401 0.005915847605712954 -0.000680499 0.40826927819408493 -0.9128436348797538 -0.005717931654029174 0.0121166
-0.0054471037472421935 0.02305904464254832 0.999719265354499 -0.00373127 -0.9092549591064718 -0.41621368806641956 0.00464598820886869 -4.33173e-05 0.4162039745137648 -0.9089743925580751 0.02323370983341469 0.0133286
-0.0187888854016022 0.04938504838803681 0.9986030716861815 -0.00375527 -0.9054841773228712 -0.4243616444543382 0.003949599211687971 -1.72908e-05 0.42396389280608393 -0.9041450722708835 0.05269066221817975 0.0134598
-0.03241054144705666 0.07494812423146002 0.9966605919154696 -0.00373866 -0.9017434554900526 -0.43225989551177735 0.0031816997040363115 -0.000317264 0.4310548657467724 -0.898629045494487 0.08159375778635941 0.0129358
-0.05254010117444566 0.10424379076337703 0.9931630127304683 -0.00375809 -0.8974098600601867 -0.4411963094909268 -0.0011660010043842428 -0.000577598 0.4380583075748421 -0.8913355420821429 0.11672990441955097 0.0124583
-0.07287050527249148 0.13256751495691815 0.988491650667561 -0.00385721 -0.8930164367078677 -0.4499906384890583 -0.00548352457758261 -0.000212217 0.4440850517985437 -0.883138878801266 0.15117601502463265 0.0133689
-0.09338199137912145 0.16119505376942633 0.982494762493084 -0.00374879 -0.888348813717928 -0.459078771426952 -0.009114098478213095 -0.000367268 0.44957334090448464 -0.8736491494103295 0.18606712466899672 0.0130036
-0.11402985535002949 0.18875026868542205 0.9753822472036449 -0.00364952 -0.8836301641903219 -0.4680123068126447 -0.012736310489748603 -0.000382644 0.4540869135108781 -0.863329494887721 0.2201528065573464 0.0130897
-0.1347782926573396 0.2165477772536738 0.9669239225476147 -0.00343336 -0.8786564459548906 -0.4771995214482136 -0.015603419866050183 -0.000198018 0.4580367472270023 -0.851696939583611 0.2545872370988341 0.0138049
-0.15558342134400666 0.24316997149586939 0.9574247562945047 -0.00340434 -0.8736429548742285 -0.4862165760771143 -0.018477785215621823 -0.000403727 0.4610225443527901 -0.8393222302015753 0.2880909708545792 0.0134453
-0.1765264672807608 0.2697547601700685 0.946610149805591 -0.00330798 -0.8683738424944341 -0.49547620443180385 -0.02074127559493988 -0.000358931 0.46342774627856115 -0.8256728772385843 0.3217126416100733 0.013805
-0.1973859185259947 0.29589172271578823 0.9346052041348436 -0.00315616 -0.8631123669358571 -0.5045076781325484 -0.02256202002675245 -0.000339188 0.46483958653500235 -0.8111227349381771 0.3549705166015622 0.013986
-0.218337059794444 0.321032537070068 0.9215568557949492 -0.00304168 -0.8575848089336138 -0.5137728034298907 -0.024203345679638666 -0.000367854 0.4657007878526884 -0.7955976474312542 0.38748827026793875 0.0140457
-0.23915497386595166 0.34596082533981887 0.9072574087905634 -0.00290157 -0.852087182883935 -0.5227900517602001 -0.025258553907278658 -0.000389591 0.46556667754479114 -0.7791031184065167 0.41981662621809746 0.0142458
-0.2600169373706549 0.3698628970111608 0.8919599933264365 -0.00279163 -0.8463376313410502 -0.5320062660441227 -0.026114108558611182 -0.000533658 0.4648696656659862 -0.76168941853245 0.4513595281361553 0.0140919
-0.2807158028106024 0.39346112124560273 0.8754353112141137 -0.00276132 -0.8406329705301665 -0.540960260713423 -0.026423572553566477 -0.000515527 0.4631790657078828 -0.7433373005554198 0.4826124850156223 0.0142257
-0.3014058188955514 0.4159974556196058 0.8579630815215282 -0.00268525 -0.8346887356504742 -0.5500834511048012 -0.02651247628654957 -0.000586224 0.46092217012649234 -0.7241231343760852 0.5130267433060767 0.0141284
-0.32188859372787093 0.43814861638898184 0.8392934666636662 -0.00274498 -0.8288104687561213 -0.5589210188998447 -0.026086423906278577 -0.000585933 0.4576690290025667 -0.7040121338360444 0.5430524609128178 0.0140304
-0.3423042909382197 0.45920300254432866 0.8197318920595662 -0.00268403 -0.8227065264099361 -0.5678978062205986 -0.025417574477691107 -0.000496563 0.45385211667213826 -0.6830993223127257 0.5721831630239701 0.0144816
-0.36244256775874806 0.4797828432036067 0.7990267883143274 -0.00276123 -0.8166824733111506 -0.5765779814362196 -0.02423982486150833 -0.000442729 0.4490714006289284 -0.6613367180872374 0.6008066431446766 0.0145578
-0.3824656062377273 0.4992351022224708 0.7774859309043005 -0.00275598 -0.8104492971311834 -0.5853645363994259 -0.022810004503636905 -0.000344647 0.4437251365708037 -0.6388369684315429 0.6284865399834886 0.0147546
-0.4021640216240932 0.5181392359790066 0.7548482177565418 -0.00303357 -0.8043142901866217 -0.5938364366328768 -0.020899979156887183 -0.000255652 0.4374272765988959 -0.6155404281330827 0.6555664413474918 0.0145932
-0.4216997727430435 0.5358868652817135 0.7314332295479914 -0.00301304 -0.7979847973652034 -0.6023864943044749 -0.01872897897858683 -0.000110917 0.43056888513045266 -0.5915706036460094 0.6816558193541777 0.0148346
-0.44083811485884583 0.55301119342505 0.7069939012709381 -0.00283897 -0.7917697483868661 -0.6106079454766751 -0.01608112123430866 -3.28748e-05 0.42280305347418873 -0.5668655544900887 0.7070367890750427 0.0152811
-0.4597701561183144 0.5689554741715861 0.6818365434274747 -0.00309719 -0.7853776285387106 -0.6188768293018466 -0.013170070015160185 9.97595e-05 0.41447965466817793 -0.5415543726750609 0.7313859974751152 0.0149905
-0.4782542935609399 0.5842123817750793 0.6557200040194102 -0.00320943 -0.7791161526156636 -0.6268028987258092 -0.009805451661655418 7.41874e-05 0.4052787330022294 -0.5155715460822212 0.7549404807310942 0.0151734
-0.49648241151789824 0.5982651743579319 0.6289546853342025 -0.00315909 -0.7726953319494387 -0.6347470496741294 -0.00617307974475359 0.000193226 0.395533992264785 -0.4890551748836339 0.7774174534203739 0.0151087
-0.5142082302729666 0.6115697215658671 0.6013088820093975 -0.0032195 -0.7664194796363708 -0.6423369465150278 -0.002104370610081119 0.000360308 0.38495594183420284 -0.4619369251376186 0.7990138922703057 0.0154349
-0.5316138550783553 0.6236462901096127 0.5731073319381338 -0.00297793 -0.7599999067712455 -0.6499192639044187 0.0022565712124726356 0.000556773 0.37388079757648396 -0.43436189432137745 0.8194772077154537 0.0155372
-0.5484603948465344 0.6349264309665446 0.5441136117989235 -0.00283704 -0.7537445267253966 -0.6571298494271821 0.007039135125650603 0.000569721 0.36202262873512736 -0.4062619699798332 0.8389820188965992 0.015863
-0.5649675754090477 0.6449737112283183 0.5146071808290202 -0.0027644 -0.7473669291690359 -0.664301608933572 0.012084930811253725 0.000615556 0.34964884086875947 -0.37777279440509953 0.8573408912949944 0.0156453
-0.5808711966360911 0.6541718061226568 0.484404687211815 -0.00230685 -0.7411620294583569 -0.671097184957834 0.017533237888083614 0.000760598 0.3365523718646551 -0.348837808180093 0.8746683283258765 0.01596
-0.5963984972239472 0.6621278628062106 0.45375712204294616 -0.0019259 -0.7348527113558205 -0.6778285321830274 0.02323733142169032 0.000707445 0.32295560859352845 -0.3195859418908821 0.8908223732168502 0.0151576
-0.6112854189195973 0.6692043225044961 0.4224875280497526 -0.00222049 -0.7287354244086732 -0.6841678561140454 0.029309143150584832 0.00092812 0.30866619158599634 -0.289965376211728 0.9058947305124297 0.0153235
-0.6257438224690957 0.675018793773588 0.39088911048303127 -0.00190819 -0.7225230928255931 -0.6904268111536969 0.03565387459837761 0.00106434 0.29394735749025597 -0.26011621728102213 0.9197469785391567 0.0152417
-0.639523775802808 0.6799249120145758 0.3587637860833941 -0.00145638 -0.7165169755721907 -0.6962834018656904 0.04234203588896314 0.0011491 0.27859067446668173 -0.22998160428241426 0.9324675317628419 0.0153197
-0.6528737958107562 0.6835567019759285 0.32635263431975986 -0.000703038 -0.7104219953928965 -0.7020500969948149 0.04925697688192743 0.0011855 0.2627858352454156 -0.1996895002081054 0.9439638278562409 0.0153993
-0.6655079982209108 0.6862572551644979 0.2935133455877012 -0.000180426 -0.7045460435576623 -0.7074060927039733 0.05649329617345846 0.000973217 0.24640206332585937 -0.16919692591588834 0.9542842466735854 0.0148271
-0.677654042731718 0.6877098065170857 0.2604615526130321 0.000483972 -0.6986197430802996 -0.7126286117698356 0.0639602709923349 0.00097293 0.2295984602469601 -0.1386206467566405 0.9633633080748901 0.0153248
-0.6890590642380853 0.6882144942812753 0.22706478338241387 -0.00014374 -0.6929235522071147 -0.7174355110342835 0.07171637402748576 0.00123271 0.2122605869868639 -0.10792171870455339 0.9712354739422603 0.0146356
-0.7070552495822137 0.6825098889962811 0.18507599914769324 -0.000448087 -0.6822875314346597 -0.7272090554429472 0.0751712320676886 0.00127871 0.18589405177958557 -0.07312483233526075 0.9798449675376755 0.0138986
-0.7236004807499026 0.6752941150965538 0.14275924619607708 0.000486226 -0.6717317055514677 -0.7365411159549964 0.07926979415064003 0.0010326 0.15867848000099513 -0.03853625077418378 0.9865779732797824 0.0138577
-0.7389161017945837 0.6662928570335329 0.10028371340745519 0.000118117 -0.6609980528494597 -0.7456779851948344 0.08393995785676425 0.00111871 0.13070795170118518 -0.004262752850519261 0.9914117511408749 0.0134944
-0.7527249835367307 0.6558050004609075 0.05766195045346409 6.36707e-05 -0.6503836569572223 -0.7543475027153053 0.0892241217952454 0.0011726 0.10201077356131927 0.0296588354061952 0.99434106601295 0.0132688
-0.7652263892241211 0.6435844802582249 0.01508608649599983 0.0004176 -0.6396445364613648 -0.7627700776619657 0.09506143065768015 0.00111358 0.07268727681059528 0.06309378253290586 0.9953570888859689 0.0130222
-0.7761597932789382 0.6299411917966171 -0.02738740906061706 0.00127393 -0.629080497323278 -0.7706871913193555 0.10148389539124236 0.000706421 0.04282176064448121 0.0959966041802571 0.9944601293169907 0.0130347
-0.7857325378354366 0.614629337852577 -0.06967894974514544 0.00144672 -0.6184416762493313 -0.7783122011605722 0.10844358257869383 0.000680718 0.012420630604002815 0.12830001783120454 0.9916576190197458 0.0128144
-0.7937183402492183 0.5979467518308837 -0.11167308685140512 0.00179806 -0.6080076604089107 -0.7854193467016153 0.11594453290643088 0.000571157 -0.018381546075033985 0.15992539448662713 0.9869579458934348 0.0126653
-0.8003099328830376 0.5796606544089536 -0.15328906372905904 0.0020312 -0.597532110744517 -0.7922080676043717 0.12394254415554719 0.00048918 -0.04959221670736611 0.1907875869985543 0.9803778397583857 0.012479
-0.8052976239981681 0.5600787550357939 -0.19444157204790524 0.00230295 -0.5873018314778032 -0.7984566752164132 0.1324518650120477 0.000335209 -0.08106969548310634 0.22085906356748602 0.971930542021584 0.0122638
-0.8088453606539094 0.538983610726849 -0.23508689864919144 0.00240493 -0.577089578901116 -0.8043401648574424 0.14143732576952395 0.00034668 -0.1128574342805079 0.2500671241186064 0.9616286356815036 0.01213
-0.8107831834056651 0.5166844587346424 -0.27507780646330904 0.00288329 -0.567165417775777 -0.8096628889295019 0.1508953119535592 0.000127813 -0.1447550288791534 0.27835800041030456 0.9495066114681735 0.0120528
-0.8115347523026913 0.4948745364934505 -0.310661453893788 0.00317436 -0.5577048054528978 -0.814628923347242 0.1592013417684005 -5.72801e-05 -0.17428911549421278 0.3024548071638244 0.9370935886258848 0.0119837
-0.8109324169335662 0.4721951730461565 -0.3455724724543246 0.00320613 -0.5485074643004685 -0.8191158611436172 0.16789510901041915 -4.98723e-07 -0.2037846333091749 0.3257006671391089 0.9232501820482812 0.0119337
-0.8092753845824445 0.4479671556356245 -0.37999839391853335 0.00325831 -0.5390060760937404 -0.8234597288668364 0.17716242510359043 4.49517e-05 -0.23355042676682397 0.3481946329372188 0.9078627075448962 0.0118715
-0.8062781099091973 0.4228964339208458 -0.4136111889906796 0.00328874 -0.5297660440054452 -0.8273124037061892 0.18682110505161845 0.000102945 -0.26317968785617296 0.36974693082014753 0.891080051986918 0.0117977
-0.8020125376313205 0.396799928598668 -0.44645907555593684 0.00340079 -0.5206053998780441 -0.830803428897998 0.1968138210318343 0.00010456 -0.2928240207018398 0.3902761576056384 0.8728909517829746 0.0117645
-0.79666005747136 0.370304125825564 -0.4777107987331815 0.0034933 -0.5116527930184285 -0.8339247446519098 0.20683553769526258 0.000114325 -0.32178280287512356 0.4091996757743242 0.8538216752460771 0.0117342
-0.7900803103052173 0.34292299610740695 -0.5081111315536506 0.00368112 -0.5027988101433494 -0.8366852661218699 0.21714309100915052 5.00405e-05 -0.35066573797056927 0.42703815309091 0.8334698290989667 0.0116951
-0.7822524790458282 0.31498303108885517 -0.5374632537697192 0.00384575 -0.4942865124334883 -0.8389346005131907 0.22774894003729662 -0.000187065 -0.37915946863159733 0.44381801021122425 0.8119505349214041 0.0115453
-0.7732054970199955 0.2862501643260729 -0.5658746352341284 0.00384445 -0.48590268502057904 -0.8408132540652253 0.23860354665855 -0.000361179 -0.4074945890043862 0.45944957853016155 0.7892111534441231 0.0113971
-0.7629806216779768 0.25710892879969627 -0.5930898495804499 0.00400048 -0.4778903931032147 -0.8421855159552237 0.24968846368001948 -0.000554286 -0.4352945475463056 0.4739394006059279 0.7654411155861376 0.0112996
-0.7515451735129268 0.22725367912355343 -0.6193025250184547 0.00399862 -0.4700320997933637 -0.8431794280161227 0.2609947841131036 -0.000566004 -0.4628711238922408 0.48724143655400776 0.7405039535151183 0.0112806
-0.7389778066775397 0.19704783692187353 -0.6442700918112394 0.00416663 -0.46256721794644173 -0.843656429780963 0.27253513052545614 -0.000637644 -0.48984014751686206 0.4994156369735024 0.7145912477962553 0.0112916
-0.7252177093814862 0.16622364870066555 -0.6681534049992619 0.00586251 -0.45528023386394123 -0.8437531196522279 0.284254431328569 0.000131362 -0.5165067111396182 0.5103433860546944 0.6875830463718284 0.0119768
-0.7103941513532988 0.13516321318035895 -0.6907033049912148 0.00592044 -0.4484157024357418 -0.8433312542721847 0.2961684543916917 1.61018e-05 -0.5424606045899429 0.520118545497528 0.6597068978701445 0.0120038
-0.6944116080129419 0.10360285492892918 -0.7120807307514053 0.00612569 -0.44175039160959584 -0.842535259578512 0.3082059828746642 -0.000253466 -0.5680221035925 0.5285837538342854 0.6308328661482426 0.0119326
-0.6774143031276824 0.07189587662972388 -0.7320798076997344 0.00604165 -0.43555041720835586 -0.8412078373905761 0.3204141201356414 -0.000341292 -0.5927948177807087 0.5359107735773873 0.6011605000131186 0.0119954
-0.6592783208616513 0.03979732983151657 -0.7508450360627836 0.00626985 -0.4295812232207724 -0.8395076485758932 0.33269637905862304 -0.00057843 -0.617099723138802 0.5418884391836161 0.5705653785335717 0.0120506
-0.6409355771925108 0.009759298698555935 -0.76753263251657 0.00626945 -0.42434244570547397 -0.8377375905254466 0.34369931363521306 -0.000720126 -0.6396366739498295 0.545985792406297 0.5410771107974056 0.0120787
-0.6215699294746254 -0.02056187581289165 -0.7830887765994126 0.00662967 -0.4192903126365947 -0.8356719617106633 0.35475062528452084 -0.00113414 -0.6616996724360804 0.5488438591017549 0.5108071669664367 0.0121695
-0.6014733460060513 -0.05073793051641606 -0.797280048948421 0.00644962 -0.4146925329804229 -0.8331687959813714 0.3658686383023736 -0.00123559 -0.6828322759906463 0.5506863170715826 0.4800881825827112 0.0122654
-0.5803827752301003 -0.0809669565082203 -0.8103086980712982 0.00662318 -0.41036636151735906 -0.830389886597394 0.37689797767004657 -0.00146246 -0.7033884300663543 0.5512685263921411 0.4487178715609913 0.012393
-0.5591312587525956 -0.10980409355698656 -0.8217756972093215 0.00700765 -0.4067294660538829 -0.8273916800494607 0.3872907812334995 -0.00155308 -0.7224564879141591 0.5507867725563674 0.41795999120451605 0.0126898
-0.53697546029464 -0.13875196945386656 -0.8321089147545729 0.00672641 -0.4032657322109374 -0.8241613625082097 0.3976616624380431 -0.00156508 -0.7409683557789336 0.5490955650169512 0.3866005124323803 0.012702
-0.5143431246771594 -0.16735985809065684 -0.8410956116858601 0.00651308 -0.40025132575232597 -0.8205537305799545 0.40803241472317464 -0.00181923 -0.7584523889677199 0.5465183008200133 0.3550601646734873 0.0126923
-0.491039121362693 -0.19568724745623334 -0.8488740085986598 0.00680107 -0.39750305494752836 -0.8167509763097351 0.41822142939413876 -0.00215572 -0.7751592756322644 0.5427930949082691 0.3232704031011283 0.0128279
-0.46542897676526657 -0.2261923167542655 -0.8556943983856474 0.00708671 -0.39470038187931983 -0.8122946523361336 0.4294054102249286 -0.00225074 -0.7922041884082388 0.5376006265132679 0.28878727506762786 0.0132298
-0.4397026933762491 -0.2557843755102446 -0.8609505762135861 0.00703967 -0.39234554512138764 -0.8075853857400075 0.4403076401364891 -0.00251912 -0.8079149179592322 0.5313945784292469 0.25474160899807785 0.0132229
-0.41512894404862793 -0.2785218798922327 -0.8660793971884841 0.00712267 -0.3925865854572996 -0.803941971103313 0.44671364431534727 -0.00275404 -0.8206971016958997 0.5254549167338878 0.22439562773845106 0.013343
-0.39068110292062797 -0.30042121115435755 -0.8701237680406567 0.00704367 -0.3931111269752651 -0.8002680708250771 0.45280752717478784 -0.00310093 -0.8323652549626027 0.5189586791898351 0.19455069165794078 0.0133283
-0.3653836976962542 -0.3225376554084005 -0.8731919687568501 0.00733031 -0.39379826041624855 -0.7964153283083969 0.4589613871869448 -0.00345608 -0.8434557982200066 0.511558487056055 0.1639824099407348 0.0135959
-0.3410613310074148 -0.34247060380626965 -0.875437635711431 0.00721564 -0.39514593993490293 -0.7927746522119241 0.46407761954572346 -0.00357216 -0.8529577097631588 0.5042045580305995 0.13505890943123702 0.0136041
-0.3208152257883634 -0.3467662146968322 -0.8813800447293958 0.00789248 -0.4024727954307882 -0.7924617343206758 0.458279443762857 -0.00400385 -0.8573757868289076 0.5017545136640996 0.11466982243473878 0.0140178
-0.30090316773165077 -0.3504916039488323 -0.8869120132292904 0.00811976 -0.4097323970228206 -0.7922866567803889 0.4521075273844574 -0.0040913 -0.8611484462501177 0.4994371722740801 0.09479379975441007 0.0142555
-0.2804425394324442 -0.354594021109745 -0.891972568115132 0.0079862 -0.4168428607035473 -0.7920736885757486 0.44593867442339113 -0.00413192 -0.8646351898674753 0.496872571248635 0.07432117049404569 0.0141955
-0.2603151953982847 -0.35813561160865154 -0.89664646474653 0.00799424 -0.4238664899663524 -0.7920025425440145 0.4393963715000624 -0.00404449 -0.8675097680881507 0.49443994205718633 0.054368611993771444 0.0142523
-0.23964501234034155 -0.36211773754230453 -0.900800206603906 0.00770485 -0.43070848546922585 -0.791879945834173 0.4329161026463123 -0.00363264 -0.8700922184488278 0.4917284774577423 0.03380289709311077 0.0140657
-0.21930533733575608 -0.3655660142636293 -0.9045809296195969 0.00787829 -0.43744518201888555 -0.7918948665324581 0.4260800782576021 -0.00403583 -0.8720933904946845 0.4891462047025861 0.013751679189882397 0.0140515
-0.198458849687523 -0.36944515187869764 -0.907812956910195 0.0077138 -0.44399925360023684 -0.7918562976268511 0.4193188127321848 -0.00348865 -0.8737727094520281 0.48628580450391773 -0.006882481735522168 0.0139039
-0.17794279259826853 -0.3728038183497369 -0.9106885722277324 0.00791858 -0.4504274974400588 -0.7919580982147072 0.4122104319665259 -0.00397312 -0.8749008127280572 0.48354904993805997 -0.026997855318231435 0.0138925
-0.15697232832069336 -0.37655094948299594 -0.9130000386555495 0.00766042 -0.4566931908316366 -0.7920041011636523 0.40516766059000026 -0.0038385 -0.8756660422727371 0.4805610119260712 -0.04764552683087541 0.0135936
-0.13516072345198674 -0.38960609950863123 -0.911009695920744 0.00736424 -0.45943642380587346 -0.7899830532750234 0.40601101957796876 -0.00338772 -0.8778665908419147 0.4734277798819398 -0.07222455205573929 0.0133926
-0.11293070905799095 -0.40288904892183336 -0.9082549582636585 0.00800614 -0.4622031552606402 -0.78787760915324 0.40696082890381857 -0.00391798 -0.8795538063238475 0.46575668245752 -0.0972410125790397 0.0135492
-0.09103430421059187 -0.41556069559058345 -0.9049983777538853 0.00741437 -0.46500848636048236 -0.7858749860027927 0.4076366200279897 -0.00352939 -0.8806133448169104 0.45794084187303163 -0.12169766750021359 0.0131209
-0.06877097552695734 -0.42841815829175356 -0.9009597297165801 0.0072398 -0.46784035397078994 -0.7837886832801061 0.4084124179778624 -0.00377286 -0.8811333361765159 0.449592239265693 -0.1465293904665656 0.0128466
-0.046843707791290615 -0.4406729271588636 -0.896444665503456 0.00741183 -0.47070359277375035 -0.7818088027421082 0.40891701322497565 -0.00359065 -0.8810469878447164 0.4411149138537377 -0.17080350694749222 0.0128069
-0.02460123099888421 -0.453041838438481 -0.8911497472690103 0.00775244 -0.4736146928215803 -0.7797512873560292 0.409483885653801 -0.00361067 -0.8803884950275417 0.432135421472131 -0.19538442960544214 0.0128187
-0.0029139993764506046 -0.4696785441661661 -0.8828326986227825 0.00756798 -0.4749846067620203 -0.7762398173427885 0.4145375366728125 -0.00284105 -0.879989279449905 0.4205399043153755 -0.22082811626161164 0.0126689
0.017156712802961993 -0.48390414234436413 -0.8749528148578998 0.00760163 -0.47682798598505677 -0.7731203540602517 0.41823437199635516 -0.0034137 -0.8788291750887833 0.41002646153598 -0.2440032414806254 0.0123094
0.036890692673763326 -0.4975069611587336 -0.8666751989024795 0.00743432 -0.47875644424706254 -0.7700583144339075 0.4216662892182852 -0.00314355 -0.8771723570005836 0.39937077505722873 -0.26659264833117424 0.0120538
0.05683349279647993 -0.5111542376181373 -0.8576078937728906 0.00680377 -0.4807745377376859 -0.766851089897732 0.4252002466906329 -0.00328381 -0.8750004559768338 0.38815042353149826 -0.28933276819719467 0.0117119
0.07639753112114091 -0.5241723105447477 -0.8481785225391968 0.00589051 -0.4828735644356395 -0.7637038336324735 0.4284735409150525 -0.00297211 -0.8723511552166446 0.37682866577961327 -0.3114540393684789 0.0113401
0.09609805209218829 -0.5372008617003563 -0.837962050794952 0.00452247 -0.4850704067787371 -0.760402331648376 0.4318506622563218 -0.002468 -0.869178845147302 0.3649705854066981 -0.33365342338464693 0.0108056
0.11544624065524078 -0.5496146667022341 -0.8274030962380815 0.00479917 -0.48734012385825043 -0.7571699726870766 0.4349634882824951 -0.00241225 -0.8655470924198158 0.3530118278568626 -0.35526170662873224 0.010638
0.13489082983056097 -0.5620362158883101 -0.8160390652766393 0.00450213 -0.48970395829640595 -0.7537701652011362 0.4382015190314652 -0.00215631 -0.8613910245971071 0.34050819385530284 -0.3769080427119391 0.0105116
0.15396149741633086 -0.5738254737687264 -0.8043756479204343 0.00437403 -0.4921327184847871 -0.750454043690991 0.44116223286293893 -0.00221253 -0.8567970849098956 0.3279375763189351 -0.39793931865042975 0.0103255
0.17301495344703832 -0.5856744292821061 -0.7918657012200985 0.00419777 -0.4946609406321132 -0.7469065820108992 0.4443434612568848 -0.00213526 -0.8516903073868294 0.31482696935598603 -0.4189362716087649 0.010177
0.19167272146411699 -0.5969269546895072 -0.7790633983262529 0.00408945 -0.49725008430281376 -0.7434251426299214 0.44728224977806286 -0.00192254 -0.8461701492651366 0.3016575344174116 -0.43931629883470574 0.00991227
0.21035443385189947 -0.6080917303467134 -0.76549033935301 0.0039579 -0.49993486084518796 -0.7397945901091295 0.4502989000174964 -0.00178135 -0.8401286491190197 0.28797293610546926 -0.45962532676109785 0.00979436
0.22867786215470418 -0.6186031583792753 -0.7516891430661611 0.00356337 -0.5026644321169293 -0.736284126140989 0.4530056890121418 -0.00164156 -0.833687533818828 0.27425502372059773 -0.4793216852168231 0.00982516
0.24696391038183205 -0.629022223403183 -0.7371159131600881 0.0033965 -0.5054991918237441 -0.7326040053497429 0.4558091030366283 -0.00149944 -0.8267281258276241 0.2600430999092846 -0.49889697549204864 0.0097421
0.26488628362457917 -0.6388312833158665 -0.7223086931531157 0.00298638 -0.5083836310347476 -0.7290235378405635 0.4583347739047888 -0.00139922 -0.8193786306973623 0.24580332123759313 -0.5178797030441374 0.00979105
0.28276465724324845 -0.6484873039118768 -0.7067590574440575 0.00300872 -0.5113662949710578 -0.7253032335764279 0.46091184811322694 -0.00151908 -0.8115101114475906 0.23108317989131597 -0.5367046701768453 0.00968585
0.3001515493615405 -0.6574531196138684 -0.6911327245369439 0.00296561 -0.5143082519032411 -0.7217462859820433 0.4632162785301905 -0.00157709 -0.8033654644307902 0.21642017969939636 -0.5547668306403891 0.00960548
0.3173490483920414 -0.6661967069649859 -0.6748863082873101 0.00292584 -0.5172820692502373 -0.7180807864000297 0.46559558098773585 -0.00160892 -0.7948011338170436 0.20135027149751578 -0.5724938653392001 0.00956034
0.3341798847170946 -0.6743464372156311 -0.6584684405991333 0.00280339 -0.520288963720311 -0.714528295488812 0.46770579339655194 -0.00158455 -0.7858900679365496 0.18629599448307532 -0.5896359924209577 0.0095315
0.3508845461628497 -0.6823022180135799 -0.6413608333518978 0.00269078 -0.5233939951621943 -0.7108344168921935 0.46986504188936273 -0.00155443 -0.7764913142413431 0.1708160269274667 -0.6065336955623052 0.00949944
0.36722738258279025 -0.689668173176318 -0.6241008415224525 0.00253923 -0.5265255987875878 -0.7072621299337868 0.4717531911740454 -0.00156646 -0.7667560520157406 0.15536437966652333 -0.6228539686219164 0.00952851
0.3834098683467789 -0.6968164419174865 -0.6061713611906786 0.00243258 -0.5297542607312582 -0.7035514421924395 0.47368321843402583 -0.00152589 -0.7565429902466773 0.13950704090616006 -0.6388900448795732 0.00956893
0.39923213448312317 -0.7033791592771323 -0.5881083752937412 0.00233433 -0.5330045088201334 -0.6999698091125761 0.4753403621704266 -0.00144386 -0.7460026115057895 0.12369326831116695 -0.6543547042705842 0.00960833
0.414854938028072 -0.7097040200860203 -0.5693993188154222 0.00229938 -0.5363516253279057 -0.6962502511684007 0.4770351368149448 -0.00130977 -0.7349981730602048 0.10749786798667729 -0.6694937594753819 0.00961343
0.4299688205342055 -0.7154238245165802 -0.5507227657201882 0.00224035 -0.5396639529976667 -0.6926779217056399 0.478497768664063 -0.00146477 -0.7238022044753359 0.09146610353362825 -0.6839183582131855 0.00923943
0.4448546894970282 -0.7208910848907097 -0.5314323559566146 0.00203708 -0.5430707370157337 -0.6889698160616637 0.4799945490869091 -0.00125518 -0.7121646437655343 0.07507753512904347 -0.6979863063766056 0.00978809
0.45938189607628366 -0.7257840176437412 -0.5120603805121697 0.00193745 -0.546479333952428 -0.6854080763968156 0.48122355134898365 -0.00125037 -0.7002346828887223 0.0587650282304584 -0.7114900282764363 0.00987609
0.47364128385954923 -0.7304113052088236 -0.4921008630829866 0.00195639 -0.5499874354022952 -0.6817072261379754 0.48248220561060395 -0.00120209 -0.6878791718924797 0.04212580034147442 -0.7246017263449668 0.00985002
0.487542988340751 -0.7344694264175169 -0.4720767905518069 0.00212926 -0.5534897180168381 -0.6781597177570772 0.48347546914117856 -0.00133877 -0.6752414135473414 0.02557457467027688 -0.7371532910874258 0.00997912
0.5011440273835917 -0.738244035879235 -0.45149795936027515 0.00211317 -0.5570907950707873 -0.6744772761845585 0.4844896799293632 -0.00135141 -0.6621967304850968 0.008726247727265324 -0.7492792154700747 0.00994009
0.5143841192694122 -0.741456161858718 -0.4308732271622012 0.00206696 -0.5606769370012256 -0.6709533599191264 0.48524525873846414 -0.00135386 -0.6488839265680381 -0.008021773804706672 -0.7608451228644837 0.00988018
0.5272918191917999 -0.7443718545456871 -0.4097241505862408 0.00204921 -0.5643622268200806 -0.6672957102562012 0.4860161643529479 -0.00135447 -0.6351839216731496 -0.02503951345146982 -0.7719549264134737 0.00986864
0.5398386239929532 -0.7467284781221752 -0.3885496622141561 0.00205234 -0.5680240725234322 -0.6638052795888082 0.48652975636020335 -0.0013759 -0.6212269416882122 -0.0419419926966301 -0.7825074799446624 0.00989547
0.552020966794207 -0.7487783926029101 -0.3668838658085022 0.00203464 -0.5717839521396584 -0.660181546327277 0.48705588792712284 -0.00138858 -0.6069068827218403 -0.05908675536807986 -0.7925735240625508 0.00990259
0.5638424450153933 -0.7502729569229662 -0.34521324903475514 0.00205495 -0.5755120877382403 -0.6567337152675828 0.48732603470162505 -0.00140725 -0.5923407246393203 -0.07610070525892776 -0.8020854995527961 0.00986451
0.5752697532330935 -0.751452572547282 -0.3230847291767397 0.00208618 -0.5793376095073219 -0.6531528161181905 0.48760571469909864 -0.00140577 -0.5774362694059643 -0.09332968450042378 -0.8110837963894815 0.00987046
0.5863368507260156 -0.7520819253330955 -0.3009682293332009 0.00201642 -0.583122527832892 -0.649754536445919 0.48763424808120986 -0.00144709 -0.5622963764906157 -0.11041657463991955 -0.8195309420823054 0.00984743
0.5969810924308787 -0.752388625805248 -0.2784329920087144 0.00201259 -0.5870052483279017 -0.6462258800388716 0.4876647930735662 -0.00146365 -0.5468440488069087 -0.12768503329237996 -0.8274407039526099 0.00985107
0.6072652459220655 -0.7521502070790949 -0.2559276989426661 0.00202867 -0.5908379482076391 -0.6428865783390993 0.4874498603438432 -0.00146288 -0.5311679960737472 -0.1447995627835933 -0.8348015611896518 0.00989558
0.6171018466986921 -0.7515834671891088 -0.23303991642862817 0.00200862 -0.5947674197424724 -0.639418846312844 0.48723223968948665 -0.00146275 -0.5152058105397742 -0.16206736509226533 -0.8416039103747704 0.00989153
0.6265779410943925 -0.75047664937606 -0.2102020039752108 0.00200817 -0.5986376196371266 -0.6361477402690144 0.4867741292486915 -0.00150142 -0.49903214735035584 -0.17916710437998679 -0.8478596963053403 0.00987844
0.6355811497071744 -0.7490397703676268 -0.1870187812614524 0.00200133 -0.6026044780334834 -0.6327478084394311 0.4863106558251522 -0.00149756 -0.4826017459467995 -0.19639153067968448 -0.8535372994113326 0.00982678
0.6442262787201573 -0.7470666586138425 -0.1639021335856454 0.0020123 -0.6065028371390656 -0.6295525498655755 0.48561084779895114 -0.00143999 -0.46596867957904886 -0.21343616035081892 -0.8586723444399832 0.00991123
0.6523748179351901 -0.744763144180636 -0.1404811588584039 0.00201528 -0.6104973066480558 -0.6262294672262244 0.4849017353578232 -0.00143263 -0.44911038231096007 -0.23057431220266447 -0.8632122282803755 0.00992167
0.6601666400383112 -0.7419279943039957 -0.1171446057169386 0.00183962 -0.6144137963353363 -0.623118440183766 0.4839618749196577 -0.00145774 -0.4320598271690239 -0.24752022295360143 -0.8672128025898099 0.00970662
0.6674405485256356 -0.7387641491669742 -0.09354488809868469 0.00194305 -0.6184268250411672 -0.6198811397099748 0.4830068681720419 -0.00145721 -0.41481486985557814 -0.2645277008886962 -0.8706053751322929 0.00985666
0.6743577550089791 -0.7350748148405968 -0.07004737572751527 0.00184323 -0.6223526402789694 -0.6168612888417898 0.4818291621168663 -0.00144016 -0.39738999659911567 -0.2813310628343554 -0.8734609457139147 0.00972756
0.6807409685571635 -0.731057868206376 -0.04632631068198487 0.00183884 -0.6263721528481212 -0.6137177088292498 0.4806334362128647 -0.00144451 -0.3798021325167419 -0.29816935993311733 -0.8756970782940927 0.00974397
0.6867673170005831 -0.7265220519272607 -0.022723564051950473 0.00191861 -0.6302974909706546 -0.6107967620842291 0.479220605048989 -0.00144789 -0.36204381665195984 -0.3147904437730349 -0.8774002799938335 0.00981252
0.6922414696928598 -0.7216651755930013 0.0010592326430009236 0.00184815 -0.6343166103502988 -0.6077530019744433 0.47778523043806986 -0.00142038 -0.34415721040125913 -0.3314146389756719 -0.8784760392870419 0.00975879
0.6973627389494124 -0.7162923681243908 0.02470736108381119 0.00183559 -0.6382295722581849 -0.6049391539267195 0.47614245047208215 -0.00143322 -0.32611075330339545 -0.3478129718874454 -0.8790209969999097 0.00977287
0.7019172508201846 -0.7106057859948003 0.048493194488981345 0.00184151 -0.642236157578852 -0.6020046750136719 0.47447137865211136 -0.00141206 -0.30796897717040606 -0.36418372859368014 -0.8789341960170959 0.00973571
0.7061182616485755 -0.7044107677139932 0.07212815604863795 0.00191168 -0.6461299156657705 -0.599304275516771 0.4725997433654219 -0.00142525 -0.2896776357403834 -0.3803154686255885 -0.8783205631635642 0.00979891
0.7097410034326828 -0.6979102688246224 0.09585908780867869 0.00180811 -0.6501150508246438 -0.5964844380435728 0.47069813666841087 -0.00138186 -0.2713266089745702 -0.3963932035756751 -0.8770714334769854 0.00975876
0.7130128385511468 -0.6909060488024688 0.11942162195095495 0.00183228 -0.6539776750042274 -0.5939057934034583 0.46860336016494125 -0.0013965 -0.25283570289281 -0.4122192866545295 -0.8752995870287666 0.00978671
0.7156943741200703 -0.6836091905746607 0.14303858715304194 0.00175309 -0.6579324693164642 -0.5912071372094287 0.46647506549843787 -0.00133273 -0.23432120832741762 -0.4279633108976624 -0.8728923048426362 0.00977475
0.7180280412530446 -0.6758128848450281 0.16647124872408728 0.00167251 -0.661754431440594 -0.5887549787423141 0.46416446166727776 -0.00130797 -0.21567754737814596 -0.4434461857808434 -0.8699647555351708 0.00967699
0.7197625969749765 -0.6677379890434502 0.18991519682228394 0.00169071 -0.6656687734342907 -0.5861849603818817 0.46181411444062526 -0.00130615 -0.19704539596327705 -0.45881714245470506 -0.8664063375341701 0.00971381
0.7211515206127715 -0.6591690136296533 0.21315885106745372 0.00166566 -0.6694414713849812 -0.5838668446655223 0.45929034835301935 -0.00131558 -0.17829358010819743 -0.47391530801487786 -0.8623315372415444 0.0096589
0.7219364537034831 -0.6503351584566135 0.23637245712910324 0.00190602 -0.6733042711208417 -0.5814317018187285 0.4567258856366796 -0.00134642 -0.15959046119511824 -0.4888776511514804 -0.8576301807306812 0.00978181
0.7223769954167364 -0.6410141961619612 0.25936899739853875 0.00191621 -0.6770177363227435 -0.5792529658029127 0.45399668094927487 -0.00132905 -0.14077805651846623 -0.5035541698043662 -0.8524169970592558 0.00979596
0.7222090387079558 -0.6314461340702682 0.282293967658261 0.00188541 -0.6808214845557239 -0.576958721973396 0.451221386135637 -0.00131176 -0.12205003308426625 -0.5180679616677125 -0.8465868983852696 0.00983656
0.7216995822757323 -0.6213956390359379 0.3049871681401558 0.00173524 -0.6844667671932032 -0.574924661683336 0.44829329461457146 -0.00121836 -0.10322285382180982 -0.5322866644726504 -0.8402475523757634 0.00982307
0.7205804380445894 -0.6111158676067937 0.3275686625223227 0.00173561 -0.6882009978756819 -0.5727752105627016 0.44531780189856357 -0.00125555 -0.08451756521802506 -0.5463203771817856 -0.8333011620330121 0.00981462
0.7191217183275167 -0.6003602740242856 0.34990212289033706 0.00167368 -0.6917691292827505 -0.5708907412571478 0.4421981833050082 -0.00116562 -0.06572234019772186 -0.5600458043056381 -0.8258506348478434 0.00973168
0.71705518443268 -0.5893950614123923 0.37208241568353884 0.00174299 -0.6954242945976802 -0.5688946692460379 0.43902608782025737 -0.00119803 -0.0470841051899093 -0.5735610838316383 -0.8178085168010554 0.0097146
0.7146514000581766 -0.577959006025723 0.3940009692229781 0.00171534 -0.6989053811039699 -0.5671655320743786 0.435722993988958 -0.00117083 -0.02836625916123897 -0.5867594452418683 -0.809264300930575 0.00968402
