1.0 0.0 0.0 0.0 0.0 -1.0 0.0 0.0 0.0 0.0 -1.0 0.0
0.9996032054248958 0.01602079030717585 -0.02316821059570894 0.170182 0.015812161927464343 -0.9998330184269837 -0.009160283749226804 0.0196951 -0.023311096916560293 0.00879030950081975 -0.9996896134398048 0.0976772
0.9982448138845612 0.03808777591017338 -0.04534989392263404 0.377699 0.037165779926933325 -0.9990883632929659 -0.021003502922260702 0.075333 -0.046108528007305805 0.019281173688317586 -0.9987503391670014 0.209805
0.9969957274932897 0.04098371207988281 -0.0657256015893309 0.566729 0.03910403458691939 -0.998795587578768 -0.02963526129813809 0.118066 -0.06686100387483875 0.026976092699595635 -0.9973975619498534 0.341411
0.9953784973967834 0.04516873825676166 -0.08474333014706471 0.749123 0.042154201365276485 -0.9984245955395996 -0.037031747580191794 0.166251 -0.08628250244040199 0.03328831785896479 -0.9957144257600885 0.46986
0.9930394477766911 0.053062065110754765 -0.10515261482981347 0.94016 0.048472221122719476 -0.9977768543199934 -0.04573612098472511 0.227896 -0.10734569827801799 0.04032079152845648 -0.9934038125715665 0.592706
0.9898449147842626 0.06306047376028986 -0.12739867081278458 1.13928 0.056365114435447665 -0.9968666553878328 -0.0554963534888147 0.298655 -0.1304991132169692 0.04775194263068656 -0.9902978003734942 0.714077
0.9864607832006612 0.07115928399768404 -0.14775479521178037 1.32535 0.06228230610766253 -0.9960130691926755 -0.06386611263649906 0.360914 -0.1517103739137493 0.05379890610712742 -0.9869597966222469 0.841627
0.983089215667592 0.08174388958990302 -0.16387046882459455 1.4989 0.07083289673557809 -0.9949320515861967 -0.0713646513795753 0.43058 -0.1688736059250397 0.05855039915487455 -0.9838971267265085 0.957956
0.9789390889567933 0.0890072609627871 -0.1837279717635452 1.68826 0.07564685902305537 -0.9940397015994806 -0.07850238444761934 0.488567 -0.18962018044604254 0.06295060873349961 -0.9798374395927583 1.07617
0.9747679610973409 0.09544931367747415 -0.20178416820115447 1.87519 0.07963523360235085 -0.9931844343936785 -0.0851052809595729 0.544181 -0.20853213562238232 0.06688877182762423 -0.9757254944994315 1.18627
0.9715079958421343 0.09635254887619026 -0.21653729549401052 2.05906 0.07913894078612642 -0.993075105021206 -0.08682663092836379 0.57428 -0.22340376466400258 0.06721623399285093 -0.9724056436599743 1.27733
0.9681407233926621 0.09603826822428244 -0.23125784472145716 2.24001 0.07755060609410594 -0.993117524230502 -0.08776950814898717 0.599269 -0.23809544977418118 0.06703904908901294 -0.9689253442314693 1.37049
0.9660029430123651 0.09695308542857278 -0.23966312465068362 2.40495 0.07809185516540601 -0.9931426063564748 -0.0870024459213262 0.624928 -0.24645481583502177 0.06532888079056542 -0.9669499268764528 1.44457
0.9625988177698392 0.0999999452883191 -0.2518005698374029 2.57187 0.07985619715116102 -0.9928243135833617 -0.08901050575230703 0.660934 -0.2588947736140352 0.06557357165855589 -0.9636771258545456 1.53507
0.9590872526219889 0.10236994696838597 -0.26395460938520277 2.73361 0.08096910188175493 -0.9925767662385236 -0.09074892651672058 0.692343 -0.2712851754122718 0.06566397095184699 -0.960256526413837 1.62497
0.955363152136945 0.1047422213113751 -0.276243216412131 2.89414 0.0818828162005568 -0.9922879755611256 -0.09305792802265114 0.723802 -0.2838599160678139 0.06628454293092778 -0.9565719562157422 1.71421
0.9521682916595078 0.10582179561240294 -0.28666581925925755 3.05414 0.08215446144911627 -0.9922332368947198 -0.09340154209344027 0.745354 -0.29432327264798513 0.06538311077636062 -0.9534667587299444 1.79298
0.9492919727222718 0.10641378537775643 -0.2958392414921221 3.21009 0.08213703050178246 -0.9922397311172936 -0.09334786667423003 0.763261 -0.3034769492818303 0.06431502370253284 -0.9506657241011353 1.86643
0.9459691764224016 0.1082650443383894 -0.30564848671820616 3.36305 0.08266811106164032 -0.9919886570758045 -0.09552218405397632 0.786037 -0.31354154536874884 0.06509365873376609 -0.9473407596638226 1.94043
0.9423034776687643 0.11030147672120148 -0.3160660377302098 3.5132 0.08317689236899976 -0.9916940784930878 -0.09810432843448144 0.809586 -0.3242618703288871 0.06615465905638865 -0.9436513130049385 2.01171
0.9393074971896561 0.11193717764822445 -0.3243015479202247 3.65932 0.08336878299115788 -0.9914145981990187 -0.10073103047448415 0.831271 -0.33279283607956045 0.06758078675206489 -0.9405752311836063 2.07604
0.9362825081351696 0.11279807879134657 -0.33264344030973697 3.81167 0.08325133995792458 -0.9913127141676619 -0.1018249337085659 0.846017 -0.34123932855889644 0.06764389218935393 -0.93753934557124 2.14397
0.9330199126295445 0.11084174124682404 -0.34232725721760615 3.97016 0.08026985014189732 -0.9915134165112464 -0.10226385498500083 0.860726 -0.35075717212190305 0.06793565540692191 -0.9339990112036939 2.21052
0.9298046743311495 0.10815506944180034 -0.3518035652832196 4.13357 0.07670928343292135 -0.9918048212282201 -0.10217084918735957 0.870262 -0.3599707674619606 0.06801233375276709 -0.9304812566786874 2.27801
0.9274348679677036 0.10490700427398668 -0.3589694779949775 4.28544 0.07333666907845733 -0.9922304171508121 -0.10050140421508025 0.868645 -0.36672373613689874 0.06688288073179752 -0.9279226161802563 2.33983
0.9241427499941055 0.10261585631881562 -0.3680083744499417 4.4493 0.07012844454240871 -0.9924493872504756 -0.10062909625062895 0.872238 -0.37555582660823494 0.06718779485972305 -0.9243611963526452 2.40453
0.9220399440424344 0.10323966544663876 -0.3730736027497665 4.59651 0.06966505897626693 -0.9922986913506521 -0.10242112429385127 0.886987 -0.3807743703928321 0.06844617317461497 -0.9221312272283663 2.4653
0.9199881239763265 0.10409890396319878 -0.37786938210998255 4.74259 0.06945678708617357 -0.9921264430805593 -0.10421552508136075 0.899369 -0.38574292795874465 0.06963145218921185 -0.9199749205254654 2.52686
0.9190289173487375 0.10505351142675372 -0.3799336900219775 4.88108 0.06982944638895779 -0.9919778124228701 -0.10537489301417485 0.908318 -0.3879557932211076 0.0703120146038076 -0.9189921235291055 2.57743
0.9178429217672275 0.1035921856267776 -0.3831879826388956 5.02745 0.06861547579128946 -0.9922195146615334 -0.10388624166253389 0.901244 -0.39096839698847047 0.0690586258326842 -0.917809685476443 2.63241
0.9174974169075392 0.1045827107974009 -0.38374594013521474 5.16424 0.0694357430802214 -0.9921119307072237 -0.1043675933002286 0.906631 -0.3916339713953452 0.06911131275450957 -0.917521911944591 2.68146
0.916769833533127 0.10293842734551946 -0.38592324690185953 5.31279 0.06825841608600404 -0.9923829592460581 -0.10255169833535735 0.893575 -0.3935401643505684 0.06767379384715622 -0.9168131743541102 2.73579
0.9161607539324643 0.10225118018820561 -0.38754892478759057 5.46666 0.06815084243443009 -0.9925725185499938 -0.10077330050563714 0.890425 -0.39497460124592304 0.06591275725867542 -0.9163244909971482 2.79113
0.9159874851556584 0.10292170267578617 -0.3877809306251784 5.61765 0.06919979753518042 -0.9925797734790562 -0.09998390521156418 0.900938 -0.3951940220439858 0.06474964400351622 -0.9163128115125942 2.84596
0.9159710388498863 0.10485641625509742 -0.3873011592525868 5.77312 0.0713720603564518 -0.9924351524507491 -0.09989242804403634 0.918938 -0.3948456470429107 0.06385608937443413 -0.9165256760511782 2.90084
0.9160004883482509 0.10487525582768323 -0.3872264015544961 5.93723 0.07230148734047184 -0.9925768290623087 -0.09779434204987625 0.924716 -0.39460816042515073 0.06158262030549366 -0.9167834971257871 2.96135
0.9165469683952486 0.10581968355694445 -0.38567324161443606 6.10233 0.07429660569249948 -0.9926251226428088 -0.09578820533302676 0.939577 -0.39296522633440767 0.05914017644763143 -0.9176495902149636 3.02213
0.9172864852523239 0.10663758737518975 -0.3836846738302648 6.2881 0.07625691926798228 -0.99268635056594 -0.0935878820351869 0.960579 -0.39085852458043474 0.056588288177629106 -0.9187096273599897 3.08518
0.9193680628975812 0.1072395147588606 -0.37849973764618766 6.4675 0.0781690209009924 -0.9927414465101775 -0.09140035312984406 0.988114 -0.3855541065730321 0.054443611702054626 -0.9210775885068024 3.13885
0.9213229388784436 0.10765757814695041 -0.3735958888477244 6.66211 0.08029487233887146 -0.9928704477879369 -0.08809657987383236 1.01816 -0.3804165818842185 0.051167565673143525 -0.9233986703751595 3.20149
0.9247637023150732 0.1083769669152592 -0.3647828503682262 6.85425 0.08292427543723822 -0.9929429421402927 -0.08478135524387892 1.05395 -0.3713969028192453 0.04815336640390327 -0.9272246728168119 3.24795
0.9284613982696589 0.10853462843275072 -0.35521777313940006 7.04723 0.08574410349752914 -0.9931534599669521 -0.07933570237337263 1.08983 -0.3613964314136964 0.04320230765406051 -0.93141085455067 3.29484
0.933091791699502 0.10857775121507528 -0.34285650089226877 7.25927 0.0883143940563018 -0.9933235639046726 -0.07422172993260225 1.13143 -0.3486262699015686 0.038976522841283764 -0.9364510422877009 3.33143
0.9377429819429315 0.10883562489118817 -0.32983769731691265 7.49179 0.0909293140451215 -0.9934440300024239 -0.06928794339440934 1.18031 -0.3352162878859892 0.03498236708811718 -0.941491515802904 3.36727
0.942856500933522 0.1086092635863127 -0.315001026205685 7.72775 0.09355146252361479 -0.993645595976561 -0.06258237336565335 1.22248 -0.31979640790210334 0.029537390873673824 -0.9470257652425765 3.39288
0.9471201358088077 0.108883455724405 -0.3018407550597113 7.99964 0.0960478485076888 -0.9937380344969395 -0.057092290120496526 1.28161 -0.30616704450764975 0.02508210245713898 -0.9516473238515306 3.4314
0.9474814339898479 0.11032171945815188 -0.300180030082512 8.34292 0.09794575492054484 -0.9936139288942907 -0.0560177596865115 1.36564 -0.3044430346347006 0.023674427618171113 -0.9522362942775107 3.54891
0.9478934489312149 0.11178833013384373 -0.2983309885331613 8.69147 0.09973861295843073 -0.9934721711239619 -0.055364738664329324 1.44366 -0.30257266657517956 0.022724754082891485 -0.952855375696363 3.66288
0.9483579991109216 0.11300725360651151 -0.29638904526760557 9.08157 0.10218094582402287 -0.9934151695679937 -0.05182041279942261 1.52797 -0.30029345619383263 0.018858990018239357 -0.953660410556428 3.79101
0.9503369234205963 0.11340589889409894 -0.28982552351284996 9.44043 0.10417729308988227 -0.9934415625530182 -0.047126992230389866 1.60211 -0.2932691998624146 0.014593282298368319 -0.9559185177219969 3.90593
0.9509208316854972 0.11470176694328299 -0.28739011208921394 9.84471 0.10603493400359781 -0.9933163876625198 -0.04559766191303094 1.69526 -0.29069944038029183 0.012886375020587114 -0.9567276397708043 4.03833
0.9512866291072514 0.11579619773671092 -0.2857358743166192 10.2585 0.10727222189503648 -0.9931943296975815 -0.045361810659113995 1.78735 -0.2890439753592251 0.012500561839045306 -0.9572342013646625 4.17217
0.9515654613743166 0.11676582410281384 -0.2844097660789355 10.6635 0.10854176375270612 -0.9930924745813733 -0.04456481180591085 1.87325 -0.2876488453669435 0.011535998068448926 -0.9576664672565439 4.3008
0.9523829146723902 0.1167281806022684 -0.28167590541863263 11.0349 0.10926139692268792 -0.9931199288376239 -0.04212783032694098 1.95672 -0.28465546013141063 0.009345522930093247 -0.9585843365184609 4.42837
0.9528060860079576 0.11641744349713308 -0.2803703645462342 11.4021 0.10951947810083205 -0.9931712988897122 -0.040202673769825656 2.03926 -0.283136091628598 0.007599336241638759 -0.9590496356841852 4.5524
0.9530006140532132 0.11637369248634566 -0.2797266403317572 11.7316 0.11021957194018225 -0.9931924835146602 -0.03768735399712362 2.11921 -0.2822082131609953 0.005084720943668027 -0.9593397052334502 4.66085
0.9530205350400632 0.11671268911386534 -0.2795174556119183 12.0361 0.11104756276329039 -0.9931601004512379 -0.03607566598164401 2.19613 -0.2818160722816986 0.0033411183002532534 -0.9594626299821266 4.76063
0.9529272868880481 0.11752257844593676 -0.2794960276275894 12.2895 0.112009881078923 -0.9930665742692746 -0.03567303757423175 2.2641 -0.28175055003472327 0.0026874940940703994 -0.959483926353446 4.8387
0.9528210931675598 0.11879418096328495 -0.27932043782050436 12.4914 0.1139098081811348 -0.9929188528028672 -0.0337150908166516 2.32298 -0.28134768528479676 0.000307112194961285 -0.9596058491208703 4.89922
0.9524891838447567 0.1205465510797931 -0.2797014188049751 12.6409 0.11614995919309605 -0.992706190230779 -0.0323049045337444 2.37631 -0.2815555746885353 -0.0017172362269199434 -0.959543385919339 4.93912
0.9521097445384747 0.12207074979980324 -0.2803315294400433 12.7316 0.11803356990905133 -0.9925159778906887 -0.03130670864551213 2.41816 -0.28205515547389864 -0.0032811088070536162 -0.9593925805402035 4.9608
0.9518298931553538 0.1234527713286467 -0.28067644672673264 12.7676 0.1202525372240406 -0.992329376583385 -0.028665932058994106 2.45765 -0.28206237215737984 -0.006466963809006868 -0.9593742734678915 4.97204
0.951382626734121 0.1245289729124261 -0.28171551688513813 12.7185 0.12213751903438644 -0.9921698041736486 -0.02610567237495362 2.49149 -0.282760541788647 -0.009571551149096821 -0.9591427742604284 4.96121
0.9510493641541284 0.12443501900843988 -0.28287989144935255 12.5993 0.12311781557402827 -0.9921369103532467 -0.022502324390901208 2.51779 -0.28345565866693834 -0.013426733001105997 -0.9588913454665284 4.93155
0.9509307586690927 0.12233992633792934 -0.2841894344282595 12.3912 0.12270907774342163 -0.9923042546265528 -0.016575538887174557 2.53792 -0.28403023510954406 -0.019110433633786367 -0.9586248572147218 4.88305
0.9507948368958062 0.11866036577037388 -0.286197302096855 12.13 0.12068498691348979 -0.9926340371516548 -0.010620839029871536 2.55859 -0.28534945604638573 -0.024441478745131716 -0.9581118421409806 4.82458
0.9506479554814993 0.11517335364185131 -0.2881033900351312 11.8367 0.11912434323500608 -0.9928719076814367 -0.0038426274674649465 2.57595 -0.28649233076589387 -0.03066714117609119 -0.9575915992031321 4.75514
0.9505489290028897 0.11201921201468616 -0.2896695180909943 11.4913 0.11757705504003647 -0.9930621354240206 0.0017975859359719848 2.58961 -0.2874584660426134 -0.0357671822582345 -0.9571250383172172 4.66588
0.9496051849368554 0.10889123586660394 -0.29392633684731984 11.1465 0.11538827025136981 -0.9933088708338214 0.004799396965822045 2.6047 -0.29143702549510986 -0.03847318383344852 -0.9558160253397514 4.57623
0.9493843202919703 0.10606999476937481 -0.29566631291606155 10.7822 0.11355042235573726 -0.993498446936137 0.008193748734092295 2.62138 -0.2928749118080743 -0.04135205128054177 -0.9552561404609259 4.479
0.9490232594405954 0.10433795300988016 -0.29743645473017727 10.4175 0.11308148178389893 -0.9935096762565028 0.012292341610017507 2.63318 -0.2942234380845729 -0.04530027313833408 -0.9546624815793727 4.37324
0.9487927416926943 0.10273147528946758 -0.29872826665066354 10.0543 0.11187372001503815 -0.9936291206311326 0.013617687167761228 2.6464 -0.29542613980698673 -0.04634020520726759 -0.954241049892579 4.26668
0.9479621238658031 0.10133234576040637 -0.3018270488517041 9.71126 0.11036805166831457 -0.9938059227640252 0.012987726902131538 2.66745 -0.2986414319661218 -0.04562393650089343 -0.9532742268263559 4.17312
0.9476074727881195 0.10008730198716506 -0.3033522861246373 9.40044 0.1083538966790866 -0.9940569564200036 0.010497641042516482 2.69965 -0.3004987696989318 -0.04281704536664954 -0.9528206494590151 4.08409
0.9455021327942934 0.10032416907828401 -0.30977536696805663 9.13113 0.10696246020707795 -0.9942529981280182 0.004473010160532601 2.74969 -0.30754633632656325 -0.03736357600924784 -0.950799250210006 4.0252
0.9450992056235417 0.09997821396045796 -0.31111388310878596 8.86689 0.10488705553185544 -0.994483679065775 -0.0009579424084021782 2.78789 -0.309493452453534 -0.03172646852514842 -0.9503721555702875 3.94715
0.9447597655102697 0.09910710739349636 -0.3124208167473385 8.6417 0.10219111090828766 -0.9947433522558684 -0.006529930634202779 2.82478 -0.3114256931023998 -0.025757414599517338 -0.9499213616236022 3.88118
0.9431905113073749 0.0982877268042685 -0.3173817608801463 8.46434 0.09879192224495004 -0.9950017836082092 -0.014546708068502369 2.87823 -0.31722518102899816 -0.017634437221866882 -0.9481862744972569 3.85339
0.9427561379594527 0.09833049956434303 -0.3186565191475042 8.32098 0.09590485476628688 -0.9951169749755107 -0.023333772687798543 2.94796 -0.3193949329154024 -0.008562649765999193 -0.9475830084256207 3.81712
0.941497604259884 0.09852418005621598 -0.3222968307587736 8.23235 0.09251502125408946 -0.995132342412807 -0.03394984427586724 3.02817 -0.3240728807155183 0.0021463989029515303 -0.9460296829151268 3.81668
0.9409753188937958 0.09890212117442154 -0.3237032895413936 8.17263 0.08878609099543669 -0.994992098558101 -0.04591028046849768 3.11737 -0.32662283949299886 0.01446009108360385 -0.9450441399677502 3.81411
0.9408631357906058 0.0992343031419232 -0.32392763511346934 8.14729 0.08498653113033995 -0.9946997811943689 -0.05787602973862344 3.20855 -0.32795403524991085 0.026923936781443343 -0.9443099344979321 3.8182
0.9409217248167041 0.0967090028035754 -0.32452068739095224 8.11631 0.07730769031091313 -0.9943905771444592 -0.07218657150122137 3.31259 -0.3296814049756978 0.04283396856522917 -0.9431200466272587 3.82707
0.9410317249405958 0.09419874753046271 -0.32493982307347113 8.13331 0.06908954427664134 -0.99372235934143 -0.08799151900352575 3.43513 -0.33118865851199164 0.06035286661455247 -0.9416324144614147 3.854
0.94182124071052 0.090085380316206 -0.32381688467370073 8.17948 0.059454817963025014 -0.9928726068673235 -0.10329138954176306 3.57027 -0.33081395854389195 0.07802955072130818 -0.9404645203551012 3.90416
0.9431104512034452 0.08467170839782852 -0.32151730688693464 8.2433 0.04862039472992134 -0.9917557492360238 -0.11856049541731796 3.71227 -0.3289053572794776 0.0961833439545867 -0.9394519840303563 3.96812
0.9456887679639756 0.07727307291138129 -0.3157556434168841 8.31167 0.036730644794817496 -0.9905162381100503 -0.132395021708791 3.85937 -0.3229916622449178 0.11360657658404572 -0.9395583706599173 4.04842
0.9478059265354601 0.07075080852965385 -0.3108990973236453 8.40777 0.024936387234480446 -0.9885321155800517 -0.1489376817951682 4.01478 -0.317871203816812 0.13341131720820015 -0.938700867276058 4.132
0.954596435249616 0.056260695451236034 -0.29254124488022026 8.39254 0.009059675090063658 -0.9870331600512082 -0.16026061040252146 4.1365 -0.2977642827741236 0.15033387877211699 -0.9427280396791763 4.25361
0.9618895334297339 0.039236574805787065 -0.2706086042161984 8.36386 -0.008180103377277028 -0.9850792342595707 -0.1719069170781542 4.24415 -0.27331595523691316 0.1675690706189188 -0.9472164457951762 4.37545
0.9688601778896927 0.02099985056992347 -0.24671635935947717 8.33524 -0.02552001903237007 -0.9826218803324548 -0.18385583733049987 4.34909 -0.24628983805293564 0.18442680544853735 -0.9514872931909847 4.50022
0.9753478636855814 0.001190326778210609 -0.2206697258940021 8.30249 -0.04300347891315699 -0.9797887071463364 -0.19535810745878124 4.44989 -0.21644224542666943 0.20003167866783533 -0.9555836341859302 4.62564
0.9809796831308556 -0.021018289501033086 -0.19296914984249974 8.26945 -0.061865873102127295 -0.9761317592434057 -0.20818117672278968 4.53045 -0.18398770347443832 0.21615970971211235 -0.9588657387076555 4.74092
0.9854142621439914 -0.0430711884520064 -0.1646317244292378 8.24268 -0.07931475201575854 -0.9721793270383923 -0.2204008307422124 4.61249 -0.15055863334890984 0.2302438463987917 -0.9614155548562744 4.85242
0.9885955090709934 -0.06747181298422374 -0.13463459398418068 8.21299 -0.09771878685977249 -0.967652559340468 -0.23259312779292532 4.6802 -0.11458602942469732 0.24309685077035378 -0.9632102382170876 4.96319
0.99030626006588 -0.09100704002188177 -0.10493440780213939 8.18757 -0.11448840137494136 -0.9625725002126678 -0.24565542490436487 4.74699 -0.07865060219057707 0.25528787770042927 -0.963660823253841 5.06399
0.9904380877638881 -0.11554668326501374 -0.07537478552584623 8.16611 -0.1313589891994559 -0.9568179551603564 -0.2593148986064073 4.80351 -0.04215697170231693 0.26673650794221754 -0.9628470413662189 5.15802
0.9890204617093314 -0.14037302248746458 -0.04619459793086743 8.14598 -0.14767125296570882 -0.9506898428620225 -0.2727306798409747 4.85306 -0.005632705193632015 0.27655783705531906 -0.9609807674430768 5.2482
0.9862943900391905 -0.16404587780165994 -0.017672751724174925 8.12772 -0.162179682806847 -0.9441849730835463 -0.28672719976990974 4.90379 0.030350068564864458 0.2856635898736591 -0.9578492505392495 5.32617
0.9823903783155463 -0.18661946174502483 0.009073097102699601 8.11204 -0.17535143865229116 -0.9376626990384236 -0.30006755205211727 4.95036 0.06450594976906836 0.29319249535070907 -0.9538748047382397 5.39596
0.9770997186058162 -0.20986615202753364 0.035104673956473875 8.09687 -0.18864396035262035 -0.9307090931392036 -0.31335928288544407 4.98891 0.09843574616425277 0.2995609824078512 -0.9489855750726296 5.46336
0.9709684073584888 -0.2318172715501856 0.05900088577934847 8.08421 -0.20063254829789895 -0.9235370820687827 -0.32684222280386294 5.02316 0.13025717820992236 0.30551597446763107 -0.9432354196434116 5.52267
0.9642476145214609 -0.25236765597370003 0.08085235994089891 8.0726 -0.21146105786288785 -0.9166304364091851 -0.3392239143336085 5.0539 0.15972087808793467 0.3099987246210009 -0.9372246432078983 5.5745
0.9569532317481397 -0.27220507178076303 0.10072194966153608 8.06213 -0.22180635507208993 -0.9096877721924943 -0.3510984163636892 5.07814 0.18719629562687756 0.31364399567070644 -0.9309054682852005 5.62053
0.9498624823611278 -0.28970183757892937 0.1176184930448757 8.05638 -0.2303464194922233 -0.9027487130432826 -0.36329779537702866 5.10004 0.21142798213545094 0.3179899470141915 -0.9242189145262302 5.65333
0.9427799111206057 -0.30570532626599495 0.13308002359492116 8.05066 -0.23781781690521736 -0.8963256009594165 -0.3742233330875796 5.11951 0.23368509826229766 0.3211614400225261 -0.9177399437165181 5.68432
0.935846753748055 -0.32031775314777744 0.14692647997412206 8.04552 -0.24506036061745615 -0.8911338395642776 -0.38187157479638373 5.13569 0.2532514030627845 0.3213674174551416 -0.9124618950098373 5.70723
0.9293857662181606 -0.3332919725043272 0.1586144968634871 8.04287 -0.2536560695483644 -0.888881436850604 -0.3815080465778947 5.1464 0.26814305124757126 0.3143346183394069 -0.9106552870219673 5.71863
0.9233597726075382 -0.3452195195661223 0.1680184919605308 8.0419 -0.2618682122729422 -0.8863104957557109 -0.38194076047764164 5.15355 0.28076995874047583 0.30867003162568546 -0.9087854762511722 5.72853
0.9180093467334116 -0.3553483490320539 0.17602951499759378 8.04074 -0.26906018078286975 -0.8842193350244489 -0.3817889294964043 5.16005 0.2913167664711112 0.3031232726286692 -0.907331705146305 5.73856
0.9133246265553155 -0.36373792715896186 0.18311976101364694 8.03749 -0.27481982889576334 -0.8823618885930199 -0.38198371588886143 5.16969 0.3005198631925962 0.29855019327520255 -0.9058452372905884 5.75229
0.909891377198802 -0.36954795980480093 0.18849930266018475 8.03442 -0.2787652094744735 -0.8811636250772603 -0.3818908532910338 5.18123 0.3072257145584002 0.2949321468487459 -0.9047802987848872 5.76458
0.9069577110584279 -0.3749386645467715 0.19196017342027016 8.03296 -0.2827570446283594 -0.8797089461659191 -0.38230959149448956 5.18572 0.31221172954373866 0.292460540694862 -0.903875360916413 5.7756
0.9053798328701982 -0.3777313891772305 0.1939235825323245 8.03083 -0.284768936418496 -0.8789558391405182 -0.3825484096057198 5.19596 0.3149508074017436 0.2911282028093922 -0.9033550566892082 5.7861
0.9046028012195109 -0.37897890633157844 0.1951121743549975 8.02764 -0.2856879691021375 -0.8787558406667255 -0.3823225821272038 5.2047 0.31634815684007134 0.29010887792316364 -0.9031947091375438 5.8002
0.9054511368870776 -0.3771808520197936 0.19466084244018206 8.02343 -0.2843941066614238 -0.8795631816311938 -0.3814296810882216 5.21877 0.31508448201418865 0.29000554199607 -0.9036694942319433 5.81612
0.9069664060315894 -0.37397108525297074 0.19379774437505043 8.01874 -0.2816248683431063 -0.8805514633660629 -0.3812040843099836 5.23171 0.31320819251876236 0.2911610340663742 -0.9039501537034713 5.83011
0.9099496484552436 -0.3682295074381801 0.19078434717768156 8.01283 -0.2773534707844057 -0.8823524065541115 -0.3801700710103464 5.24702 0.3083288658559602 0.29302092160800264 -0.9050259940907632 5.85198
0.9142219131123711 -0.3594581195491695 0.1870512065594107 8.00777 -0.27057917350359906 -0.8851529764215876 -0.3785381344040703 5.26372 0.30163753819984945 0.2954556965471807 -0.9064881283980254 5.86718
0.9187907303117893 -0.3505053342952609 0.1815753411774193 8.00162 -0.26371449223094756 -0.8872938103775156 -0.3783706656879238 5.2784 0.29373161300837597 0.2997594113557012 -0.9076706642958012 5.89461
0.9248599663372487 -0.3373366726291365 0.17560755099415887 7.99149 -0.25593141638734834 -0.8936161655631544 -0.36871297610766396 5.30151 0.28130615487868205 0.29606438141679225 -0.9128048692265304 5.92641
0.9317043787561461 -0.3223347489885522 0.16741344092130186 7.98139 -0.24870390416013644 -0.9020715858387929 -0.3527225851540985 5.32496 0.2647136540908475 0.2869968007082512 -0.9206299569974348 5.959
0.9388102922955445 -0.3064290294582906 0.15727836782343735 7.973 -0.24100476645429675 -0.910639316273172 -0.33563780806673127 5.34485 0.24607303311469186 0.27719539239096336 -0.9287684193656435 5.99414
0.9468751614789325 -0.28625010852991994 0.14658889432987582 7.96062 -0.22972343681025278 -0.9210041335907392 -0.3146085321297858 5.37367 0.2250657040829016 0.2642201000593667 -0.937834296435296 6.03137
0.9548488209331296 -0.26551685957708415 0.13328363156417655 7.95011 -0.2180044964680907 -0.9309801368942536 -0.29283105065558035 5.39918 0.20183599451610806 0.2505529524645036 -0.9468291553015327 6.0716
0.9625777702407358 -0.2436674076618936 0.11861800319389221 7.93956 -0.20502866863249447 -0.9409999571620663 -0.2692254179303596 5.42513 0.17722099558788296 0.23483031121284703 -0.9557444447437388 6.11332
0.9702518076839992 -0.21925509369390644 0.10265784711948572 7.92613 -0.18927550317676017 -0.9513739497879972 -0.2430275530921735 5.45594 0.15095103041422286 0.2163673070361169 -0.9645719127482526 6.1581
0.9773012439627021 -0.19365855233642923 0.0858990317518976 7.91133 -0.17150622564465293 -0.9612479928055052 -0.21584232877846968 5.48911 0.12436998477960996 0.19621075769270682 -0.9726425065004992 6.20472
0.9835689427336702 -0.1676378541688499 0.06700510980092052 7.89833 -0.15256497414869025 -0.9702569873756532 -0.18795027829649766 5.52255 0.09651975731827901 0.1746394236659777 -0.9798903041406399 6.25534
0.9888200262014835 -0.1415840560276906 0.046785797648912025 7.88391 -0.13250839334850653 -0.9782238960276073 -0.15974834876381772 5.55632 0.06838480441658541 0.1517628555322963 -0.9860484542889303 6.30691
0.9929355112743298 -0.11579586742340056 0.02589184307939077 7.86799 -0.11147323957103442 -0.9851197707618565 -0.13081572578878328 5.59093 0.040654486959305264 0.1270053319422835 -0.9910685437184988 6.36413
0.9959688287720738 -0.08961411531707805 0.00392459556141498 7.85209 -0.08874569987160943 -0.990794341216287 -0.10222902801103916 5.62775 0.013049630978746587 0.10146863431485141 -0.9947531469573732 6.42535
0.9977252400531433 -0.06457945290088705 -0.019334932736366765 7.83825 -0.06583945731472653 -0.9950977109870893 -0.07379506385089572 5.66315 -0.01447450245777103 0.0749001992739511 -0.9970859787036033 6.48631
0.9982954561844011 -0.03949408955277256 -0.042969745775098024 7.82273 -0.04144805806591055 -0.9981007029487721 -0.04557461196469477 5.70368 -0.04108820565738885 0.04727794055968569 -0.9980363498852591 6.54787
0.9976254073887622 -0.015659774362123183 -0.06706950126050956 7.80754 -0.01688519201017175 -0.9996999915045127 -0.017743090955540032 5.74527 -0.06677152703949293 0.01883343974966665 -0.9975905295881723 6.61386
0.9958637750176079 0.008579251718257817 -0.09045296041387606 7.7871 0.009517177119029288 -0.9999052756586296 0.009942989979135983 5.7949 -0.09035908890291271 -0.010762720380784008 -0.995851092735576 6.68168
0.9929764480697706 0.029692478989631406 -0.11452567515711322 7.77091 0.03400502700819175 -0.9987771307400445 0.035887341066964965 5.83672 -0.1133200411088633 -0.039529733140192314 -0.9927718612455486 6.75283
0.989148725216988 0.05044930501354767 -0.13798429992306263 7.75329 0.05932677745915469 -0.9963732555570864 0.06099728753710988 5.88619 -0.1344065953661486 -0.0685215530634191 -0.9885543302661001 6.82995
0.9844397503129437 0.07067168416312257 -0.16088471357259682 7.73581 0.08514470874140355 -0.9927438870228681 0.08491144417608426 5.94288 -0.15371648114997372 -0.09728868298149876 -0.9833138642298273 6.91631
0.9791076506202655 0.08827411963543103 -0.18318266375247894 7.72176 0.10909351118852922 -0.9882705893634595 0.10686368894886017 5.99504 -0.1716007410048756 -0.12461509540095894 -0.9772534285868674 7.00974
0.973397438540393 0.10321519895861009 -0.2045581808360067 7.70926 0.13101243347909125 -0.9831679428890776 0.12734417281189586 6.04402 -0.18797119172066917 -0.15075615668752584 -0.9705356316508515 7.11199
0.9680043365984777 0.11563037674326107 -0.22270433381672577 7.68736 0.15052529055033606 -0.9776676230551918 0.14665659117253266 6.09185 -0.20077285979752602 -0.17548685080034337 -0.9637917949250762 7.21171
0.9630229137279249 0.11996333266630681 -0.24123777989894143 7.66748 0.1556774793586539 -0.9785609478091941 0.13484433189165518 6.14499 -0.21988949510040948 -0.1674134708987421 -0.9610522044645247 7.3051
0.9586380370290207 0.12191722490410212 -0.2571950703898269 7.64371 0.1578335979755156 -0.9796612421338714 0.12390482642263408 6.18868 -0.23685790953913438 -0.15937390292140788 -0.9583831643744315 7.40215
0.9543031376896257 0.12439010447682536 -0.2717215915307064 7.62658 0.16032280951338246 -0.9804318460152012 0.11423656187473646 6.23821 -0.25219460371996716 -0.1525794783955866 -0.9555717579685262 7.50127
0.95026111122519 0.1264948734355841 -0.28461002703275023 7.61252 0.16243044533004428 -0.9809739290196051 0.10633203192698938 6.28959 -0.26574455953593995 -0.14727252825409887 -0.95272799449722 7.60201
0.9472311250174017 0.12700089923561375 -0.2943194988301206 7.59144 0.16271099983025367 -0.9815823787677436 0.10010576520309689 6.33678 -0.27618531157993736 -0.1427123165182454 -0.950449824231395 7.70265
0.9454751594620443 0.12598124853850498 -0.3003422179063439 7.56419 0.1613213432131749 -0.982238304262107 0.09582973371661853 6.38204 -0.28293488131391537 -0.1390562427832006 -0.9490053815858477 7.80564
0.9443606861821043 0.12635027404647461 -0.3036749950885738 7.53703 0.16157422586126166 -0.9824011476280787 0.09371101683562749 6.43754 -0.2864902510226109 -0.13756305240657468 -0.9481559695965569 7.91189
0.9440818745631749 0.12609299188140824 -0.3046472903534134 7.51361 0.1613375088240274 -0.9824764149258742 0.09332900064213119 6.48793 -0.2875406447230352 -0.13726125277294082 -0.9478817047076415 8.01239
0.9447073135895285 0.1254279486792575 -0.3029784172850756 7.49333 0.1608587348852632 -0.9824074816950743 0.09486836838828075 6.53508 -0.28574911909150036 -0.13835956634673108 -0.9482637140262069 8.1059
0.9465126893620519 0.12361692801261093 -0.2980479558482835 7.47353 0.1591772584602606 -0.9823681834020863 0.0980579044664934 6.57493 -0.2806712120358815 -0.1402555073714024 -0.9495009549159492 8.19271
0.9491314990312403 0.12206864691654788 -0.2902561678701656 7.45572 0.15795992587454938 -0.9820021221048767 0.10353981842376127 6.61415 -0.2723932072655584 -0.1441217458313691 -0.9513311006238052 8.27154
0.952478438866297 0.12083933631328699 -0.2796116562201698 7.44027 0.15713982830909043 -0.9812957516116512 0.11120126900316779 6.65231 -0.26094424280641193 -0.14985493875174627 -0.9536517181224491 8.34288
0.9565199211633055 0.11915218119423963 -0.26621870357733785 7.4269 0.15570952290952517 -0.9804059820487792 0.12065925094354171 6.68747 -0.24662559658930666 -0.15686576452375964 -0.9563309819447159 8.40208
0.9615384956025466 0.11718684968278884 -0.24841691515638578 7.41215 0.15361039809811297 -0.9791862040353023 0.13265829571901902 6.71941 -0.2277006084105415 -0.16571547932634087 -0.9595263481745095 8.45714
0.9673636979969058 0.10692837219078392 -0.22972548621861855 7.40127 0.14318608590231016 -0.9786540762711187 0.1474243663778153 6.74431 -0.20905793599317812 -0.17550647343774317 -0.9620250813672788 8.50275
0.9734086408774394 0.09319355746951621 -0.20926198582473593 7.39614 0.12921235389991187 -0.9776844950171468 0.16564176949884993 6.76516 -0.1891554531721989 -0.18827636349059376 -0.9637282944305297 8.54054
0.9797558752648338 0.07733835550636113 -0.18465428143319954 7.38881 0.11188051166989514 -0.9764100979961193 0.1846782922806334 6.78088 -0.1660155896068861 -0.20159885738460995 -0.96529618496537 8.57246
0.9860465016454882 0.05727182681545803 -0.15630813941031507 7.38253 0.08893530565723057 -0.9749635774225671 0.20380513758746374 6.78556 -0.14072245023573632 -0.2148626550906654 -0.966452912172673 8.59643
0.9916010616718615 0.03445896479212677 -0.12465919234734353 7.37884 0.06189827619828741 -0.9727413044369909 0.22347921166386273 6.78727 -0.11356028308751943 -0.22931841266604827 -0.9667042607320019 8.61307
0.9958836055800873 0.008698961603730761 -0.09022290287849197 7.37629 0.02868050655058552 -0.9744832528076808 0.22262034619810347 6.78308 -0.08598414203099777 -0.224291591604274 -0.970721386008784 8.62048
0.9983937573015665 -0.01942118036187701 -0.053223332614680235 7.3706 -0.008157277943831236 -0.978899135064255 0.20418115042040805 6.77911 -0.056065713210557894 -0.20341902842115253 -0.9774852094422638 8.63662
0.9986691618503754 -0.049460536761677804 -0.014613708369734062 7.36534 -0.045972969106733555 -0.9821467598523483 0.18241224800721292 6.78506 -0.023375014023102495 -0.18149765126518955 -0.9831135292043536 8.65759
0.996291543673105 -0.08245424057783217 0.024585731963775042 7.36032 -0.08530433251138243 -0.9838982302177792 0.1570587260521033 6.7933 0.011239700185018981 -0.15857355008025492 -0.9872831905561321 8.68628
0.9910510155525372 -0.11701459430786698 0.0642298162168428 7.35308 -0.1244760334296448 -0.9839150122648985 0.12812870771761517 6.80698 0.048203751657999075 -0.13497715865556445 -0.9896754846753375 8.72135
0.9826083412207587 -0.15425552632495612 0.1033734993196985 7.34437 -0.1642141063046195 -0.9817475746304667 0.09594491647696124 6.8221 0.08668664864882061 -0.1112516620343566 -0.9900042892031473 8.7633
0.9709345392456198 -0.19326868483959386 0.14118546653345418 7.33429 -0.20337862253437877 -0.977201379434561 0.060947517810074306 6.84037 0.12618738604121274 -0.08789015582853628 -0.9881052899931874 8.81187
0.9559274232409568 -0.23338930877145747 0.17813531948236985 7.32021 -0.24120193402399148 -0.9701969009098567 0.023229302357061818 6.86122 0.16740486408402458 -0.0651721107230004 -0.9837317761793193 8.86921
0.9380920914724398 -0.2742861198855455 0.2115427908367379 7.30615 -0.2774772398057642 -0.9606143053798151 -0.015051169038637562 6.87765 0.20733935783308985 -0.04457892705962542 -0.9772528382949699 8.93695
0.9176494744065538 -0.3153125215520139 0.24186247305831926 7.2911 -0.31116760908640934 -0.9486921133169937 -0.056196024642174956 6.90465 0.24717233092889462 -0.023691514992653685 -0.9686818626053291 9.00613
0.8940697341113609 -0.35612263854833315 0.271690958368905 7.27254 -0.3413239957624822 -0.934437319897308 -0.10161114653358319 6.94244 0.2900642005880316 -0.0018871927589816234 -0.957005328115114 9.07559
0.8698762052730871 -0.39483154636439344 0.2956745465798426 7.25247 -0.36811748303952774 -0.9186118516487285 -0.1436724910730547 6.97673 0.32833657453950627 0.016134311450935024 -0.9444229867033451 9.15621
0.8441560120077204 -0.4320032469890047 0.3174489281477865 7.23171 -0.3901504450567951 -0.9011694353811773 -0.18888165330903595 7.01397 0.3676727588674557 0.03559274259911911 -0.9292738557933645 9.23945
0.8197428947300562 -0.46697284188426963 0.3315990824506558 7.21244 -0.4095504786368445 -0.8826698010757359 -0.23056978925534144 7.05144 0.40036232588484083 0.053201383548268075 -0.9148112487287368 9.32378
0.7957804774521058 -0.49739345153727604 0.3454463577372527 7.19117 -0.4215357873550803 -0.8645154045667014 -0.2737164504479137 7.08839 0.43478846774613406 0.07220020522621887 -0.8976336216298166 9.40615
0.7725540579090423 -0.5270603837376455 0.35407284490991153 7.16986 -0.4339971710941237 -0.8453688823143527 -0.3114448720028634 7.11914 0.4634724189103061 0.08694138662862437 -0.8818358759999062 9.49472
0.7536842911107239 -0.5532957874541048 0.3547164514347586 7.14922 -0.4439185542093563 -0.8265484663199844 -0.34605483677122106 7.15999 0.48466102232550146 0.10335088006216366 -0.868574860923787 9.58691
0.7380122503722097 -0.5764292018152641 0.3508094833312864 7.12815 -0.45194616042856567 -0.8082949682028697 -0.37736442923492264 7.20099 0.5010814169118865 0.11995257259658595 -0.8570465529672451 9.68137
0.7265565857779659 -0.5953760402895779 0.34299110529541166 7.10596 -0.4576926842509762 -0.7916733255864579 -0.40468599226809754 7.24304 0.5124772526130321 0.13704275319761106 -0.8476947265084389 9.77754
0.7206902349762937 -0.609972890907539 0.3294520565540822 7.08455 -0.46232763470967236 -0.7769978254594107 -0.42723241615671803 7.28583 0.5165837235081787 0.15558744033258878 -0.8419820692967154 9.87344
0.7192760377598192 -0.6200647074255993 0.31330774026464925 7.06067 -0.46514030888287905 -0.7648061318710945 -0.4457758110358992 7.32989 0.5160295287644641 0.1749038000089757 -0.8385238137259702 9.97323
0.7234617189159503 -0.6247714934312666 0.2937068645075278 7.03552 -0.46662702066250994 -0.7560762215865514 -0.45892044053303377 7.37451 0.5087851853688431 0.1949598116204186 -0.8385274634751821 10.0719
0.7332824180087655 -0.6238545256661036 0.270374603550591 7.00757 -0.47374989899972136 -0.7540303715513702 -0.45497168260877124 7.42403 0.4877068060187106 0.20553279442469413 -0.8484682326280722 10.1732
0.7464902858759686 -0.6191028517983445 0.24385223392040484 6.98012 -0.47880464576508824 -0.7542721355494038 -0.44924342702760844 7.4701 0.46205883206209036 0.21859827178845437 -0.8594861437420138 10.2744
0.7638825323183038 -0.608512261229079 0.21493325650733724 6.95299 -0.47858302625144994 -0.7575691342015902 -0.4439000944909305 7.51791 0.43294545130186973 0.2362241199347057 -0.8699174681302211 10.3717
0.7827010418506019 -0.5942388355777308 0.18509263998659045 6.91696 -0.47710645898106535 -0.763816359492986 -0.43468838927377756 7.56987 0.3996855087247123 0.2519221611174863 -0.8813550469892163 10.4838
0.8017259417381325 -0.5784735094327684 0.15034597842523578 6.88848 -0.47510551938646234 -0.7694226563377314 -0.4269233202376148 7.61018 0.3626434334061829 0.2708452968000845 -0.8917020608973883 10.5997
0.8219234935996722 -0.5579714332328176 0.114497381476719 6.85495 -0.4692614305236502 -0.7772549733218499 -0.41912816210480086 7.65949 0.3228552005029613 0.2907620782402104 -0.9006785960405781 10.7191
0.8424564982303091 -0.5332692150569438 0.07675280361052843 6.82106 -0.46019185933694023 -0.7863351821416609 -0.41218980327787197 7.71351 0.28016156265543485 0.31193096287286387 -0.9078593355865614 10.843
0.8624626069790261 -0.5049192402275747 0.03485415916287257 6.79202 -0.44905575769112355 -0.7951702157866837 -0.4074963244131287 7.76726 0.23346772378081102 0.33579888143614717 -0.912541469292678 10.9625
0.8810866344130426 -0.47289363457030636 -0.007612689510465856 6.76099 -0.43529206804669957 -0.8045235309887879 -0.4040577973272636 7.82412 0.18495177250928063 0.3593236681158341 -0.9147017783832374 11.0835
0.8973346003882734 -0.43843249025166453 -0.05067115982234394 6.72903 -0.42005342768740306 -0.8131524335538376 -0.4029121960099186 7.88386 0.135446420528861 0.3828316487663938 -0.9138348843575206 11.2064
0.912182144147805 -0.39867905275193544 -0.09475625992372562 6.71991 -0.40118747454604825 -0.8217230795325497 -0.40474657605828723 7.90056 0.08350057583799657 0.4072176242015595 -0.9095061629116982 11.2268
0.9225175731862106 -0.36055026579256594 -0.13771286432114543 6.68576 -0.38453585467776746 -0.8280543840755864 -0.40799278606421413 7.96002 0.03306816641217101 0.4293360488592948 -0.9025392254744532 11.3556
0.929110630522312 -0.322904132460277 -0.180239722288145 6.65005 -0.3693568154535459 -0.8342111372886134 -0.40947200307426784 8.0178 -0.018137781795108956 0.4470175608001478 -0.8943412778172766 11.4935
0.9322549583721981 -0.2858237240187285 -0.22182310830595892 6.61371 -0.3544829532756271 -0.8442805206893477 -0.4019107341456731 8.07769 -0.0724053066248671 0.4533157852673895 -0.888404339476102 11.6345
0.9323380927217325 -0.24920875792729058 -0.2619936560917835 6.57719 -0.3393437864603408 -0.8532557522854199 -0.3959803224689346 8.13831 -0.12486582979647108 0.45809345789279715 -0.8800902842237605 11.7783
0.9302267040004955 -0.2124416985495507 -0.29924371987020326 6.53833 -0.32243664308695924 -0.8625171816754753 -0.3899983621881099 8.20438 -0.1752509354017482 0.45927403152363966 -0.8708355031857826 11.9199
0.926030446796398 -0.17575229736638615 -0.3340340425413264 6.49839 -0.3039995020384581 -0.8718302185568676 -0.38405256511505503 8.28099 -0.2237228516858141 0.45719055106325357 -0.8607699377023139 12.0706
0.9198701891764334 -0.14131695830660834 -0.3658802431937005 6.45818 -0.2862658708275726 -0.879583158530691 -0.3799806816517191 8.36024 -0.26812438580599984 0.45427192795080557 -0.8495565485663765 12.2176
0.9123105514156835 -0.11088244613467514 -0.39420114271118295 6.41696 -0.27051459210083345 -0.8858821128170808 -0.3768749628872481 8.43128 -0.3074269234080374 0.45046416653262866 -0.838194918520706 12.365
0.9043469620619978 -0.0837488699071466 -0.41850053643754337 6.3752 -0.2559514430465249 -0.891087233633426 -0.3747697971527717 8.50208 -0.34153393830136014 0.44603774374463423 -0.8272876767748684 12.5071
0.8931396559390641 -0.06859841053748861 -0.4445175059103759 6.36294 -0.2517255023104105 -0.8952605036588925 -0.3676178750754621 8.51356 -0.37274096431117204 0.4402304949230082 -0.8168606275639814 12.6835
0.8815550516868629 -0.058066070848608986 -0.46849655522914646 6.3927 -0.24792560543237313 -0.901477459708621 -0.354783432262955 8.48899 -0.4017382045765172 0.42891341906437935 -0.8090980743581959 12.8635
0.8702881248397342 -0.048117178927830115 -0.49018702232409916 6.43178 -0.24450051989712146 -0.906143193980323 -0.3451434596992627 8.49626 -0.4275723044503432 0.42022523614743373 -0.8003703363892599 13.0386
0.8603847373146125 -0.04096654566740976 -0.507995911334083 6.48597 -0.24072306199390242 -0.911233681114292 -0.33422385586187114 8.49864 -0.4492109874216627 0.4098474356867163 -0.7938731436701194 13.1991
0.850714582385598 -0.03358137011983563 -0.5245540876757814 6.56132 -0.236304441998484 -0.9158564248652915 -0.3246031726966805 8.52565 -0.46951561210281584 0.40009911348794625 -0.7870678429321559 13.3654
0.8414394122755842 -0.02874435082133492 -0.5395863950890339 6.65439 -0.23236771205457862 -0.920784556792225 -0.3133066331367172 8.54878 -0.48783702387563765 0.3890110053312182 -0.7814636753345321 13.5329
0.8332095186676913 -0.02142134136393499 -0.5525423279131867 6.74877 -0.22629378147752904 -0.924950260694773 -0.30538195707224003 8.60571 -0.5045324790993679 0.37948404627183063 -0.7755248778466135 13.7023
0.8250037027256008 -0.017954781697079494 -0.5648420277416143 6.86616 -0.2232170724221474 -0.9285767003637244 -0.2965121416079004 8.67622 -0.5191753355739602 0.37070599854308806 -0.7700870298711944 13.8754
0.8196449637520948 -0.006874772629282419 -0.5728305778300615 6.94798 -0.21415916622389125 -0.9311058038609754 -0.2952589262642097 8.81011 -0.5313360376617742 0.3646844108509465 -0.7646484784292604 14.0415
0.8134313942364787 -0.0014195997977090313 -0.5816591369581605 7.07088 -0.209942495409704 -0.9333042632832295 -0.29131992852960525 8.94491 -0.5424513945890859 0.35908374632355927 -0.7594770224533413 14.2127
0.8107240167016478 0.00871305773441755 -0.5853636915354955 7.0963 -0.20335066537362012 -0.9334391583127637 -0.2955331531663835 9.08814 -0.5489763889597185 0.3586299211628553 -0.7549897376861967 14.4077
0.810297538036969 0.014660923352474098 -0.58583526453917 7.11891 -0.19787772734868186 -0.9341268074289248 -0.29707156151668995 9.20131 -0.5515997687368506 0.3566401056654967 -0.7540195820801712 14.5909
0.810496285353913 0.022921997598135707 -0.5852950994614763 7.15316 -0.1907197506494063 -0.934455200384128 -0.3006982793221264 9.33837 -0.5538246546875072 0.355342173828509 -0.7530007910746794 14.7713
0.8121401117264473 0.030108946921569957 -0.5826850695188851 7.17599 -0.18397114183119864 -0.9345100641243849 -0.3047056924699036 9.48362 -0.5536994292016914 0.3546609526935726 -0.753413930542971 14.9531
0.8143476728462176 0.03683741140515824 -0.57920710704455 7.25737 -0.1772115350433412 -0.9345415390783993 -0.30859064079223025 9.6467 -0.5526607816532058 0.3539422507386533 -0.7545137133044857 15.1033
0.818083626588162 0.042954008148144235 -0.573492923314987 7.29959 -0.16993402810542724 -0.934623542432469 -0.3124120036471811 9.80979 -0.5494193352988446 0.3530351074822327 -0.7573008694599418 15.2647
0.8191204636709036 0.0442968416781922 -0.5719086079199204 7.45869 -0.1668636663906049 -0.9354973650980828 -0.31145015128143655 9.87969 -0.5488152538279608 0.35054595948588824 -0.7588935020501028 15.3745
0.8199524823779129 0.04683919830125107 -0.5705120648547188 7.63262 -0.16200299965657955 -0.9369134381328986 -0.30975512513639114 9.92692 -0.5490291019104261 0.3464091496315984 -0.7606364087439833 15.4865
0.8210030641000788 0.04950941962312195 -0.568773053253109 7.80354 -0.15732573103242653 -0.9380426607828894 -0.3087467909249743 9.97177 -0.5488192626843513 0.34296469777506083 -0.762346793124144 15.5961
0.8218731301082576 0.05170395471212503 -0.5673193625050901 7.97467 -0.15286139833270387 -0.9393342085535468 -0.30705803611182747 10.0051 -0.5487785991689416 0.33908398031786824 -0.76411000738504 15.7064
0.8226857751153032 0.05430873721466962 -0.5658963478280105 8.14896 -0.14795660885874692 -0.9406685961836001 -0.30537097774509386 10.0427 -0.5489052352801459 0.3349524641141229 -0.7658393365882459 15.811
0.823084052396234 0.05551359360447956 -0.5651998616561316 8.23968 -0.13846393332817927 -0.9455630419323322 -0.29451362090566224 10.0283 -0.5507816099492457 0.32066926054237144 -0.7705912298261157 15.867
0.8235025285555106 0.05636988353337641 -0.5645051121939587 8.32795 -0.12948088267155 -0.9501122943835112 -0.28376280426422446 9.99593 -0.5523389235653021 0.3067720070210674 -0.7751210545605052 15.9238
0.824219133997928 0.056950801656554986 -0.5633998804955331 8.38086 -0.1204083722961785 -0.954551843398976 -0.27264005968419475 9.96971 -0.55332146446048 0.2925532164483791 -0.7799025403940015 15.9626
0.8244248317615277 0.05769753547865603 -0.563022815856219 8.42756 -0.11170445401131962 -0.9586343010314216 -0.2618060194877702 9.94241 -0.5548385456409907 0.27873153981149484 -0.7838768506502174 15.9944
0.8247759372976987 0.058302516735024644 -0.5624459705581197 8.46974 -0.1014434621665293 -0.9632768964339588 -0.2486098243839711 9.91308 -0.5562857873776492 0.26210386746273545 -0.7885731959829135 16.0199
0.8247320079960847 0.05924915962550947 -0.5624114615389851 8.50339 -0.08993931275452527 -0.9680974793175636 -0.23387644293563084 9.893 -0.5583261009553379 0.24346828874136892 -0.7930921493555207 16.037
0.8246694913150363 0.06107185379615709 -0.5623081528557985 8.5237 -0.07896036113865662 -0.9719882903346133 -0.22136852716962366 9.86299 -0.5600763264618958 0.22695592551483715 -0.7967468333232657 16.0392
0.8245706364799558 0.06308640790975341 -0.5622307093996958 8.53499 -0.06747858736259903 -0.9757033859312129 -0.2084455394819351 9.83075 -0.5617204871665168 0.20981660520419035 -0.8002793802654172 16.0321
0.8245944151503318 0.0636743567400069 -0.5621295462761478 8.51579 -0.0553406727467406 -0.9798009487960716 -0.19216532121653812 9.80565 -0.563011066003875 0.18956707792246907 -0.8044146085975293 16.0164
0.823812071630703 0.06635927760460894 -0.562965466890576 8.49188 -0.0434979292283779 -0.9827960263781429 -0.17949902698392503 9.77456 -0.5651916496095576 0.1723612973121497 -0.8067527393201092 15.9788
0.8241151794880912 0.06628269321918856 -0.5625306885112332 8.4819 -0.03360189158023117 -0.9856595141099371 -0.1653669710879203 9.75918 -0.5654246933231176 0.1551835262654307 -0.8100697435136586 15.9716
0.8232579864011746 0.06460602506756508 -0.5639790327234276 8.46554 -0.026753767956129024 -0.9879828258779464 -0.1522306528606432 9.76681 -0.5670366158607693 0.14041366491619395 -0.8116362972279949 15.9861
0.8212930238890184 0.0627197152195521 -0.5670485043045356 8.44024 -0.021492794762897324 -0.9898314616632928 -0.140612009710371 9.78355 -0.5701015950552258 0.12767111977376785 -0.8115936523231315 16.0094
0.8171855997984611 0.06183506890785492 -0.5730480954816882 8.38515 -0.015553628612681645 -0.991500683366581 -0.12916841533664927 9.80904 -0.5761647161350719 0.1144675462162232 -0.8092783209404714 16.0467
0.8122099504134013 0.058376902284735535 -0.5804370196060025 8.31907 -0.012523396538089773 -0.9930063623419867 -0.11739475664391864 9.83876 -0.5832307956449232 0.10261823243446343 -0.8057985712219997 16.0861
0.8053110535559724 0.05523471533139464 -0.5902738629168917 8.23057 -0.009611454283687548 -0.9943031875280308 -0.10615456287013829 9.8784 -0.5927746004740101 0.09116083311300614 -0.8001924615609799 16.1384
0.797332368612242 0.04928409459006723 -0.6015248722901066 8.12992 -0.010133702139616504 -0.9954266805076026 -0.09498964056443467 9.92131 -0.6034553852971546 0.081833988990225 -0.7931864826141519 16.1924
0.7882300305797585 0.04054014047254733 -0.6140439038885562 8.00642 -0.014195349172821864 -0.9963643274771494 -0.08400368440056072 9.95753 -0.615216962505175 0.07493079434700711 -0.7847888028663712 16.2348
0.7768563745361637 0.03176722310546113 -0.6288759948341924 7.85816 -0.017982084292988008 -0.9972000179792576 -0.07258628511397806 9.99303 -0.6294210180689928 0.06769761944363846 -0.7741099497711269 16.2748
0.7628755673237232 0.022293150343596982 -0.6461608810724034 7.71163 -0.02331133950239598 -0.9978071529964655 -0.061947291140869505 10.0284 -0.6461249493953248 0.0623209505451048 -0.7606830147256104 16.3086
0.7473144998375155 0.013648587378276122 -0.6643303051910107 7.53894 -0.024931083396131384 -0.998509092870897 -0.04855957716901622 10.0695 -0.6640026200349657 0.052851750365679094 -0.7458600492518584 16.3506
0.7308554989427584 0.002124680395391921 -0.6825289190930661 7.38003 -0.031818150325481145 -0.9988018989410564 -0.03718026333425628 10.1103 -0.6817901766489429 0.04889020765917236 -0.7299122567953261 16.3813
0.7136178103621094 -0.008146841490549313 -0.7004878654964103 7.20754 -0.035910518490375305 -0.9990431460559672 -0.024964514422443778 10.164 -0.6996142189776745 0.04297000456508998 -0.7132275396477166 16.4109
0.6953867603099574 -0.01835455771212037 -0.7184012554254162 7.03419 -0.03923017277651224 -0.9991526878165945 -0.0124458817606244 10.2292 -0.717564106634067 0.036837706769923775 -0.6955176031060509 16.4459
0.6756229629296402 -0.028407156534092107 -0.7366998340028464 6.89492 -0.05276530790760513 -0.9985580016666331 -0.009886333443491116 10.3057 -0.7353566714483452 0.04555162747024364 -0.6761476281044123 16.4941
0.6466822341465398 -0.03603031950372122 -0.7619080680211355 6.79781 -0.06637348034917433 -0.9977528736529945 -0.00915227969028239 10.4485 -0.759866204766061 0.05648910685832405 -0.6476205151636035 16.6797
0.617709395111304 -0.043072755355964484 -0.7852259808088832 6.72728 -0.08040401628409388 -0.9967254563444199 -0.008576645054770491 10.5895 -0.7822853043210095 0.06843319677651766 -0.6191499012535917 16.8533
0.5877627663508579 -0.049321922573967766 -0.8075285000823155 6.6743 -0.09291801400681467 -0.9956504140312782 -0.006818776457205168 10.7357 -0.8036797702845432 0.07904176739516564 -0.5897891367619722 17.0429
0.5589382539379653 -0.05464205889987521 -0.8274069577202994 6.62602 -0.10380591166638818 -0.9945876569687873 -0.0044413183232072245 10.8829 -0.8226860646612952 0.08837215627402452 -0.5615852571138158 17.2237
0.5294727611985804 -0.06053066789137251 -0.8461646609220781 6.56084 -0.1149047815542853 -0.9933761566733982 -0.0008381698816029778 11.0274 -0.8405090637968831 0.09767215364377307 -0.5329208797540911 17.4231
0.5027599470236293 -0.06563042117533838 -0.861931020143228 6.47903 -0.1239981135589667 -0.992277203233195 0.0032279680182330794 11.1713 -0.8554863549482339 0.10525492748587514 -0.5070152825480985 17.6086
0.4786251446835122 -0.06952410552057235 -0.875262457568158 6.44945 -0.13094708573560615 -0.9913636495029502 0.007139690577585886 11.307 -0.8681997648087905 0.11119583263664234 -0.48359554918361797 17.7848
0.4569867896964154 -0.07330654878508348 -0.8864475302848915 6.42447 -0.13613600446374763 -0.9906205973562537 0.011739692593283335 11.4305 -0.8789937783236068 0.11531254050951478 -0.462680187245608 17.97
0.4357306856087994 -0.07616139424779203 -0.8968490461862119 6.42093 -0.14067066670087833 -0.9899316086436615 0.015721760019258207 11.561 -0.889016610164746 0.11930989998489286 -0.44205725264582957 18.1912
0.4187770811510897 -0.07691725876352949 -0.9048256691799129 6.44689 -0.1434678699129488 -0.9894964255075542 0.0177142375058505 11.6926 -0.8966842959510412 0.12239509472228338 -0.42541358015783715 18.4096
0.40375920820152245 -0.07517873411265157 -0.9117711663184459 6.47583 -0.1450820395561795 -0.9892679869020465 0.017322005917092036 11.8422 -0.9032882726963186 0.1252877010244495 -0.41033314316699954 18.6546
0.40235958958181606 -0.07626492422362846 -0.9122995242817552 6.54406 -0.1452693665165111 -0.9892168126355071 0.0186254866014208 11.9392 -0.9038824989031727 0.12503503082101572 -0.40909982796885114 18.8025
0.4022200546018695 -0.07551461655731467 -0.9124234600021369 6.59548 -0.14499281050879173 -0.9892697280521172 0.01795800825403096 12.0404 -0.9039890002521219 0.12507177077938877 -0.40885320052223784 18.9624
0.40308253825820695 -0.07407998133158555 -0.9121604155614479 6.67756 -0.15327749061670032 -0.9881039408310052 0.012514510956685931 12.1209 -0.9022363760243591 0.13476927869566416 -0.409642238176536 19.1424
0.4079480419174723 -0.07287632379738126 -0.9100919934410365 6.74845 -0.16072092484359488 -0.9869751402334751 0.00698976956215018 12.216 -0.8987475615617102 0.14341936407226075 -0.4143473260393851 19.3734
0.41521015698554076 -0.07140193231230395 -0.906919119656274 6.8281 -0.16822942939988123 -0.9857476922372902 0.0005885003368618774 12.3045 -0.8940354493082656 0.15232613469436318 -0.42130436037292773 19.6429
0.4267956870976517 -0.06871890782265089 -0.9017334158067479 6.90133 -0.17518820183287243 -0.9845033398225871 -0.007890995928033273 12.4128 -0.8872172988695656 0.16134089867678778 -0.432220521262883 19.9417
0.441685578613496 -0.06480504235170312 -0.8948263273566861 6.97393 -0.18131780393378416 -0.983254474200508 -0.018289148184430754 12.5351 -0.8786567609832017 0.17032599757663605 -0.44603962932460695 20.2514
0.4593695342255243 -0.06057660012115881 -0.8861772433002253 7.04457 -0.18578072827977904 -0.9821582706377258 -0.0291659462001035 12.6623 -0.8685995348981372 0.17803260076647098 -0.4624275522058202 20.5666
0.4790060081691899 -0.056154992885681126 -0.8760136191360426 7.11876 -0.19004222136956794 -0.9809179459379235 -0.041035806728341076 12.7912 -0.8569931144616849 0.1861359721035532 -0.48053740921423305 20.8909
0.49995389804901685 -0.052386709110332774 -0.8644661546493206 7.2109 -0.19486503477193445 -0.9793782004031065 -0.05334752851356567 12.901 -0.8438446053918498 0.19512553211653852 -0.4998522868481365 21.2099
0.5237537923202094 -0.04873099392294997 -0.8504747234700629 7.29107 -0.19701472801436165 -0.9782249087031889 -0.06527805862665044 13.0054 -0.8287744940426349 0.20174567708855307 -0.5219497291889852 21.4955
0.5470785294459419 -0.04825452448672929 -0.8356892864491114 7.37761 -0.20010605449109523 -0.9769310101582482 -0.07458799063650219 13.0873 -0.8128115707685712 0.20803197412355573 -0.5441140029138964 21.7885
0.5690965738877205 -0.04892772021303522 -0.8208137229505933 7.43983 -0.20400105213330855 -0.9754205275604053 -0.08329684953396528 13.1769 -0.7965630297206628 0.21485081477279966 -0.5650897867363227 22.1193
0.5898676813227558 -0.048967976165395805 -0.8060138062348441 7.5268 -0.20879700137693805 -0.9734633848570734 -0.09366349640392602 13.2608 -0.7800384161994296 0.22354233525861394 -0.5844389562650755 22.4459
0.6077028960263442 -0.049308867665860526 -0.792632213407142 7.63723 -0.2142058202708172 -0.9712567481697842 -0.10380845676900531 13.3388 -0.7647307086310191 0.23287113325650033 -0.6007977850928985 22.7598
0.6237492239363366 -0.04834453774696869 -0.7801280095656418 7.76585 -0.22209960690079283 -0.9679062350023061 -0.11759797982182339 13.4138 -0.74940554458406 0.24661777290717024 -0.614468065755232 23.0578
0.6367136103805524 -0.050677925216080694 -0.7694332500301473 7.90743 -0.2289868806719451 -0.9652516632159569 -0.12591360188224668 13.4816 -0.7363156842253831 0.25636102386014503 -0.6261934514262215 23.3402
0.6461188735222795 -0.05500511243971029 -0.7612521519731787 8.07232 -0.23571033172163225 -0.9630246564034671 -0.1304766288599698 13.5481 -0.7259277104491733 0.2637384097253926 -0.6351936794691381 23.6095
0.6533595885810793 -0.055822706081164075 -0.7549868035237027 8.22659 -0.24294978303086556 -0.9599897152709983 -0.13926646940007675 13.6254 -0.7170053353597988 0.274414963257624 -0.6407805997421417 23.8455
0.658134444018869 -0.0547415748926702 -0.7509077264046793 8.37957 -0.2476345320009172 -0.9576014000920023 -0.14723008219288625 13.7175 -0.7110106835742072 0.28284787169096304 -0.6437863693207799 24.0524
0.6617732442517775 -0.0529840812218057 -0.747829432644609 8.51192 -0.2522335981490115 -0.9550840810438331 -0.15553973801398613 13.8186 -0.7059988563427563 0.29155974563327075 -0.6454134562968007 24.2336
0.6607167002602068 -0.05107580878216622 -0.748895656119404 8.65823 -0.2577121936885008 -0.9524747783768754 -0.1624075791956256 13.9229 -0.7050091256299635 0.30030494220570253 -0.642478851375907 24.403
0.6634616142916057 -0.05009386564972876 -0.7465315070282326 8.70469 -0.2590314598522965 -0.9514333952592051 -0.16636465127042394 14.0476 -0.7019411579102377 0.30375170618419345 -0.6442154234585096 24.568
0.6686376942128407 -0.05088223494951208 -0.7418454232818847 8.65718 -0.25700016045496366 -0.9519878966861879 -0.16634290513614042 14.2113 -0.6977639653950747 0.30187752935511897 -0.6496117347051162 24.7952
0.6687933681946453 -0.05185268009068908 -0.7416378700054859 8.6166 -0.2561760051042481 -0.9525446825858711 -0.164415577383076 14.3801 -0.6979178211420666 0.29994987455372385 -0.6503389790620854 25.0417
0.6662666262270635 -0.051377451547305275 -0.743941624220954 8.57422 -0.25443852715098375 -0.9534190257351439 -0.1620283841414442 14.5596 -0.7009634931130473 0.2972415160080327 -0.6483036807577153 25.2888
0.6600878520437345 -0.05130444129662243 -0.7494343746369855 8.52171 -0.2543218298829784 -0.9540110276607756 -0.15869267767166717 14.7431 -0.7068270187459315 0.29534863027424335 -0.6427789294663182 25.5609
0.6523895262476177 -0.05027353061129221 -0.7562145715088304 8.48129 -0.2530198073330908 -0.9549975110522108 -0.15479254174929707 14.9221 -0.7144010660263143 0.29232229816412864 -0.6357505728322294 25.8042
0.6434079390988828 -0.04956735276720618 -0.7639170775968943 8.43454 -0.25160336524501975 -0.9561559742808702 -0.1498716098678503 15.0961 -0.7229951386433447 0.28863269112602485 -0.6276696576316553 26.0396
0.6339411942599213 -0.05185014145820446 -0.7716411893173336 8.39151 -0.2526097232116815 -0.9569079647847885 -0.14323224033140006 15.2438 -0.7309629880912047 0.28572488474439617 -0.619721227874743 26.2561
0.6235956586853226 -0.054484445161408934 -0.7798460743661351 8.35026 -0.2539532390117264 -0.9575833107812994 -0.1361688485248287 15.3867 -0.73934850163118 0.2829587393041222 -0.610981296757233 26.4656
0.6122538937289422 -0.05634725761005979 -0.7886508455416601 8.31289 -0.2544597930239467 -0.9584319809714573 -0.12906723668436942 15.5323 -0.748595607352835 0.2797018491375315 -0.6011418237330409 26.6702
0.6012857159867784 -0.0577437934742573 -0.7969448801927708 8.27721 -0.2544632079042455 -0.9592948046893877 -0.12248246208755821 15.6739 -0.7574324811977291 0.2764401056488579 -0.5915039344040749 26.8621
0.5904632339963394 -0.05957959185122823 -0.8048623742811097 8.23724 -0.25472223137786404 -0.9600554987864627 -0.11580165841540466 15.8129 -0.7658131326508223 0.2733929616590691 -0.5820537212103507 27.0547
0.5801466896628978 -0.06112755828483511 -0.8122150208481218 8.20249 -0.2546503030315423 -0.9608045305951277 -0.10958045972626582 15.9476 -0.7736814859094954 0.27040354214767637 -0.5729737190786895 27.2387
0.571690245788476 -0.062455090580129685 -0.8180890077069483 8.16769 -0.2536547761542184 -0.9617052371007024 -0.1038378132822271 16.0795 -0.7802752830921051 0.266875249121587 -0.5656395353949597 27.414
0.563726416258896 -0.06463508627184723 -0.8234287056172702 8.13555 -0.25408620153767913 -0.9621604685950407 -0.09842476751878032 16.203 -0.7859088559114575 0.264706513511857 -0.5588181563839361 27.5889
0.5575314162281335 -0.06673938243436946 -0.8274687756954526 8.11117 -0.2541987323587121 -0.9626087106470933 -0.0936347940328006 16.3227 -0.7902795229448099 0.26254585317353635 -0.5536496641338313 27.7582
0.5550017033375284 -0.06873086306078457 -0.8290049322865103 8.08028 -0.25413796899035007 -0.962942853183535 -0.09030478514570799 16.4379 -0.7920776489776125 0.2608009393496739 -0.5519020456787832 27.918
0.5551153795461201 -0.07137593580073859 -0.8287052498807618 8.05006 -0.25489294389414746 -0.9629747872073564 -0.08780174460636601 16.5476 -0.7917553299753289 0.2599712195446168 -0.5527553368934057 28.0743
0.5592619770349001 -0.07298581476684157 -0.8257718279802452 8.02247 -0.2544591880009169 -0.9631434810567889 -0.08720754863958513 16.6564 -0.788971838968242 0.25889709488642754 -0.5572214385452512 28.2211
0.5672549362975026 -0.07502604036143493 -0.8201176321198079 7.99538 -0.25469189886956656 -0.9630038065646518 -0.08806648166132802 16.7589 -0.7831691221545515 0.2588334634657483 -0.5653771876314027 28.3632
0.5787938251812057 -0.0768095903881583 -0.8118485048064763 7.9715 -0.25458960719176504 -0.9628133966054786 -0.09041291515576683 16.8579 -0.7747140374628889 0.2590186289466927 -0.5768253722024759 28.4999
0.5943587695427576 -0.07874829435921407 -0.800335154296707 7.94748 -0.2548478904908691 -0.9623455690828427 -0.09457038848906996 16.9513 -0.7627517327282667 0.2601724654957442 -0.592047365012203 28.6319
0.613129967177894 -0.0806001151279813 -0.785859570654828 7.9246 -0.255227389119663 -0.9616437543412992 -0.10050009741055312 17.0398 -0.7476166284878866 0.2621925078596387 -0.6101839604829666 28.7584
0.6349669535992412 -0.08294482605660038 -0.7680736446899737 7.90228 -0.255315312247695 -0.96088512998665 -0.10730264816117735 17.1237 -0.7291303444301037 0.2642345980392797 -0.6313073879104055 28.8784
0.658985328489074 -0.08531218165649203 -0.7473019259289762 7.88078 -0.25526364005757535 -0.959946993610629 -0.11550862964502588 17.2034 -0.7075159439197847 0.26687750208461714 -0.6543680829474886 28.9927
0.6848247892987578 -0.0875423456443209 -0.7234302631774551 7.86098 -0.2548626687507812 -0.958833445641663 -0.12523355619068408 17.2788 -0.6826858926615821 0.27013841125990556 -0.6789441882237688 29.0999
0.7108349589022818 -0.08943630546980527 -0.6976494882577524 7.8444 -0.25418409256461394 -0.957512177425268 -0.13623831021201968 17.3486 -0.6558232294524919 0.27417435574144133 -0.7033664154366985 29.2015
0.7380957455852272 -0.09248115690428207 -0.6683276935505763 7.82791 -0.25287520476906533 -0.9562743902435976 -0.14694700193348098 17.4136 -0.6255148288905633 0.2774644593130456 -0.7292082505403573 29.2958
0.7650982199119257 -0.09629050104622232 -0.6366732704424377 7.81449 -0.25109747305814184 -0.9550954454825961 -0.15729828048080025 17.4727 -0.5929374106188762 0.28021568376282624 -0.7549201266769309 29.3846
0.7910590406449913 -0.10122787362309692 -0.6033063167376685 7.80236 -0.24897424337462326 -0.9541141345635642 -0.16636719737392452 17.525 -0.5587820866400958 0.28181400928230455 -0.779963745197412 29.4704
0.8169537063876803 -0.10584491769677767 -0.5669069544618363 7.79113 -0.24658828405004407 -0.9527320576153809 -0.17747068648432485 17.5735 -0.5213260589963703 0.2847779482153158 -0.8044381022935129 29.5439
0.841043218350018 -0.11071031754373375 -0.5295182059729476 7.78106 -0.2439362326247088 -0.9512842254573608 -0.188556190057109 17.6174 -0.48284720075848775 0.2877525811966841 -0.8270774043185667 29.6144
0.863288322296724 -0.1171157767524951 -0.4909349930711476 7.77526 -0.2412317597114401 -0.9501520035190085 -0.19753077814694214 17.6535 -0.44332889674893744 0.2889551263509166 -0.8485071739607724 29.6775
0.8843602328323241 -0.12119089538497929 -0.45079900783003607 7.76929 -0.23691539536416234 -0.9486181667478846 -0.20974906234671387 17.694 -0.4022164517075359 0.2922949547831266 -0.8676321717088007 29.7315
0.9029701069738841 -0.12771799022243796 -0.41028417089270464 7.76426 -0.23382196547781242 -0.9471144125619867 -0.21977619975205723 17.7238 -0.3605166769674678 0.29438478984299565 -0.8850792739282908 29.7808
0.9197129759652057 -0.13213770795693314 -0.36968590448800326 7.75968 -0.2289925632177217 -0.9454353465981576 -0.2317636973164675 17.7575 -0.31888939749104633 0.29781140263379724 -0.8997877086452603 29.8239
0.9339234585368175 -0.13816447298053994 -0.3296931179151901 7.75531 -0.22483464117469618 -0.9440553751703125 -0.24126506738416711 17.7816 -0.2779142992407469 0.2994495400197682 -0.9127396207350014 29.8636
0.9455163250332301 -0.14485194893845132 -0.2915763913357653 7.75625 -0.22121861686984023 -0.9429189124911665 -0.24893020711972827 17.8014 -0.23887486817547357 0.2998697006288036 -0.9235891727380425 29.8987
0.9553314839855751 -0.15164108300495732 -0.2536665875731423 7.75525 -0.21746942644620493 -0.9419150069447357 -0.25593586746186453 17.8169 -0.20012197347387342 0.29966831937557575 -0.932818360719567 29.9246
0.9627321599556129 -0.1598121213153118 -0.21818999534327888 7.7529 -0.2150798401944709 -0.9415157515755099 -0.25940075535187535 17.8197 -0.16397393246830683 0.2966617188244932 -0.9407998586601596 29.9482
0.968593871764964 -0.1659963012476606 -0.1851246594904435 7.75413 -0.20910922509589472 -0.9466364883452811 -0.2452604552574857 17.8327 -0.13453342915108935 0.27626904804087377 -0.9516176593230279 29.9593
0.9729172076048531 -0.1725881792464127 -0.15377069789392075 7.75242 -0.2053347869706468 -0.9507903197255188 -0.2320245529593043 17.8402 -0.10615899587926789 0.25731515365530655 -0.960478619904291 29.9659
0.9756530762607631 -0.17975657716748134 -0.1256528859514986 7.75375 -0.20396062407529847 -0.9542816446039457 -0.21850996910622428 17.8383 -0.08062963853152114 0.23881816458766203 -0.9677110858377391 29.9677
0.977556508516128 -0.18562888432563585 -0.099625247612123 7.75349 -0.20290214427370162 -0.956827567708588 -0.2081146931910408 17.845 -0.05669208504624858 0.22365804921103732 -0.9730175150099929 29.9686
0.9784086130897673 -0.19185583007437432 -0.07686303596808201 7.75361 -0.20359877894202746 -0.9586685119705647 -0.19875165752631815 17.8492 -0.035554508083691636 0.21010955385849603 -0.9770311419460029 29.9729
0.9784783692322018 -0.19849291068953018 -0.056397210486772445 7.75422 -0.2057058208081896 -0.9598575968676107 -0.19067907336979764 17.8474 -0.01628484664711659 0.1981765832320607 -0.9800310431961562 29.9711
0.9781236186564517 -0.2042691337259442 -0.03934854042096571 7.75908 -0.20802441817283032 -0.9606181212256342 -0.18422450058770118 17.8532 -0.00016754182601458334 0.1883797923870414 -0.9820962405741871 29.975
0.9773470221652555 -0.21018535719745873 -0.024797457218114945 7.76345 -0.21120282286396053 -0.9610427192669936 -0.17829823150608287 17.8545 0.0136442617609771 0.17949653858411563 -0.983663980613969 29.9771
0.976467638227235 -0.21522141826660662 -0.013809149656538094 7.77237 -0.21430906123076093 -0.9611755464594072 -0.1738194326387324 17.8583 0.024136647847542138 0.17268847676602872 -0.9846807158784585 29.9828
0.9755417551817668 -0.21976458302451468 -0.00467032599916809 7.77802 -0.21734005433939302 -0.9611648547648127 -0.17007475634169214 17.8638 0.03288745469973318 0.16693007522012757 -0.9854200958527156 29.9912
0.9746891695502565 -0.22355896075465492 0.0015536498092353392 7.78643 -0.22015332480947747 -0.9610039953052923 -0.16734346292161553 17.8695 0.03890419433382196 0.16276581973364082 -0.985897434619683 29.9994
0.973838817048968 -0.22712977287823596 0.0070728128030695565 7.78489 -0.22286797958126622 -0.9607162679856847 -0.16539079812680682 17.8733 0.04436014073501818 0.15948767569921765 -0.9862027475190029 30.0103
0.9731785086666966 -0.2298670643489752 0.009204509593031089 7.79088 -0.22527177881521976 -0.9603102584852354 -0.1644896140108759 17.878 0.046649929675089616 0.15800424100512092 -0.9863358676869176 30.0184
0.9727142116635479 -0.23181312804037557 0.0094729138019445 7.79329 -0.2271684556946172 -0.9599304062905654 -0.16409786048621364 17.883 0.04713337633869842 0.15746837379920622 -0.986398578713467 30.0258
0.9727540746993859 -0.23170033660451997 0.00802895840651648 7.79344 -0.2272474164800624 -0.9597735624772976 -0.16490397348994892 17.8935 0.045914288177848386 0.1585864520915606 -0.986276946579475 30.0346
0.972705894729922 -0.23197264999693876 0.005650841623999987 7.784 -0.22782497951621936 -0.9593687577284816 -0.16645529550886606 17.8978 0.044034316914152466 0.16062464427324796 -0.9860328100960921 30.0447
0.972977008849488 -0.23090073149717652 0.0007697040807641831 7.77743 -0.22748649791737038 -0.9591505816933876 -0.16816674731505665 17.9085 0.03956808708534417 0.16344728150478577 -0.9857582627871306 30.0609
0.973419976961814 -0.22892725226512572 -0.006772120938155534 7.77245 -0.22669571699103486 -0.9588799164814036 -0.1707581847717319 17.9202 0.032597551281992675 0.1677546390981656 -0.9852896938015042 30.0768
0.9741314511307858 -0.22542304239694058 -0.01588609059322211 7.76319 -0.22468100110539294 -0.9585939771181545 -0.17497438319673203 17.9334 0.024214947039119375 0.1740173525522829 -0.9844448168133074 30.0939
0.9749000881259029 -0.22093101036397778 -0.027555522707052294 7.75791 -0.22224629413808794 -0.9582984828984338 -0.17964020267313988 17.9482 0.013281675872924979 0.1812553622216794 -0.9833463737421795 30.1099
0.9757707837067856 -0.2149474603031798 -0.040852992221605794 7.7498 -0.21874909781489427 -0.9622445460553591 -0.1619699533613749 17.971 -0.004495538834830171 0.16698210351989543 -0.9859496778409412 30.1331
0.9761476253068864 -0.20934562804736287 -0.057534525505839845 7.74616 -0.21555485137566602 -0.9661547969437143 -0.1417074958887681 17.9865 -0.025921413081494395 0.15072928169438707 -0.9882351764553583 30.1558
0.9764635129853461 -0.20197675534016063 -0.07565975225030615 7.73954 -0.2100976751676485 -0.9700462297642025 -0.12193965314615864 18.011 -0.048764481925537374 0.13496556013486224 -0.989649596008616 30.18
0.9761564821016262 -0.19475752345934255 -0.0958542096465318 7.73314 -0.20412381579035915 -0.9738081752838625 -0.1001554071306068 18.0319 -0.07383759393534678 0.11733347692068838 -0.9903438114693004 30.2067
0.9753169115743362 -0.18646037905281423 -0.11827700131716072 7.7241 -0.19654963399827505 -0.9772069980211989 -0.08021673387480246 18.0578 -0.10062387078741762 0.1014840384586542 -0.9897352305368744 30.2352
0.9737101535561629 -0.17735731370283314 -0.14294376564841282 7.71863 -0.18730547372098916 -0.9805083144963566 -0.05933047039818096 18.0841 -0.12963485787314066 0.08454483118221018 -0.9879508971323331 30.2629
0.9707973096437847 -0.16931173969089963 -0.16995916683495074 7.71376 -0.17812033038855962 -0.9832793484219673 -0.03787968940133855 18.1047 -0.1607038627123192 0.06704668351016739 -0.9847228090887443 30.2902
0.9669561444814788 -0.16014119791618878 -0.19836988526356794 7.70811 -0.16727273159895426 -0.9857154473145097 -0.01961861842689353 18.1334 -0.1923945111299625 0.05215221620913042 -0.9799308641080443 30.3165
0.9618393643977269 -0.15058182378965834 -0.2284516391693371 7.70211 -0.15524326381346176 -0.9878731945266389 -0.0024658824540712207 18.1631 -0.2253099335038751 0.03783736090048654 -0.9735521393251446 30.3433
0.9552276119948621 -0.14123665040846023 -0.2599854185603337 7.69633 -0.14270552344748744 -0.9896755997178962 0.013316940361853713 18.1906 -0.259182065082004 0.024380646103435023 -0.965520709894618 30.3698
0.9471351155956698 -0.13123211353262645 -0.2927681765208405 7.68885 -0.12929765090100945 -0.9912638913422576 0.026038724862917004 18.2224 -0.29362763881668025 0.013192046799713992 -0.9558288443148053 30.3964
0.937125959392019 -0.12173599652782237 -0.3270707620423535 7.68264 -0.11532427996743859 -0.99256182900379 0.03900417996373132 18.2505 -0.3293861665030571 0.0011673705621251772 -0.9441945724067636 30.4258
0.9247474070213515 -0.11392815520580749 -0.36312891465523517 7.67888 -0.10235109480274987 -0.9934383966611067 0.051033375668170546 18.2727 -0.36656034510018415 -0.0100263398511896 -0.9303402527619788 30.4546
0.9102699414078976 -0.1056980983017357 -0.4002955730265563 7.67488 -0.088578776140272 -0.9941940868843193 0.061089426431633675 18.2965 -0.40442852790913997 -0.02015017666550402 -0.9143476014041896 30.4859
0.8936256527304114 -0.0961489499953816 -0.43839317079184903 7.67214 -0.07460475977835257 -0.9950165310673971 0.06615310061529495 18.3249 -0.44256900320804216 -0.02640989052208734 -0.896345466369999 30.5159
0.8748584545269443 -0.08614296548640844 -0.47665718712711524 7.66841 -0.061298354077399905 -0.9958369282972764 0.06746350144223909 18.3532 -0.48048433515581757 -0.029802713578678204 -0.8764967780506779 30.5445
0.8541660434771036 -0.07660868308516913 -0.5143262387304651 7.66304 -0.04917592523802957 -0.9965559635405258 0.06676780593069101 18.3752 -0.5176698740970495 -0.03173832395969912 -0.8549915673529035 30.5695
0.8304451418726956 -0.06791892699814508 -0.5529447401824696 7.66298 -0.03839458083519224 -0.99715813947813 0.06481898668602923 18.391 -0.5557757843793918 -0.03259853107019371 -0.8306928513412989 30.5923
0.8044645366023685 -0.055446332028027366 -0.5914072316211347 7.66136 -0.028393940050786347 -0.9980852685270333 0.05495071353233029 18.4128 -0.5933216610891001 -0.027413518817503566 -0.8044985428628902 30.6104
0.7751275536583918 -0.044882494282361844 -0.6302085664814072 7.66468 -0.021265842906094963 -0.9987617722697656 0.04497428351902684 18.4209 -0.6314467827814547 -0.021458889988773305 -0.7751222332996258 30.6252
0.7445706802788972 -0.029313099522300025 -0.6668997257949777 7.66242 -0.015317014700325418 -0.9995225923312954 0.02683237745704615 18.4375 -0.6673678829024444 -0.009763688633048329 -0.7446642057025346 30.636
0.7113556303870195 -0.013720147213868227 -0.7026983169733052 7.66325 -0.01182768848035919 -0.9999015496825098 0.007549617720591954 18.4473 -0.7027327179674343 0.00294083371602025 -0.7114478748265097 30.6442
0.6753763896272371 0.002232012095148073 -0.737469830200589 7.6677 -0.011180873801771171 -0.999849494730642 -0.013265592633156974 18.4492 -0.7373884460683576 0.017204825162933632 -0.6752497860762383 30.6473
0.6383593979889264 0.021311181482076176 -0.7694433783866444 7.66966 -0.014611011181188974 -0.9991010806042828 -0.03979383228111099 18.4541 -0.7695997643915168 0.0366451126235414 -0.637474186433717 30.6465
0.5994232564950712 0.04119034841132973 -0.7993717000060719 7.67326 -0.027405396151223876 -0.9970333991919873 -0.07192596997931966 18.4601 -0.7999629390382025 0.0650211972623142 -0.5965161691621919 30.6515
0.5595920584221804 0.0620375325489471 -0.8264430244766211 7.67457 -0.042784801822007765 -0.9937022580506497 -0.10356294259092387 18.4711 -0.8276630889944762 0.09331220124012617 -0.5534136285056989 30.6649
0.519200273013441 0.08566377062266274 -0.8503486313891945 7.6753 -0.05863954772150194 -0.9890487247915766 -0.13544011012685298 18.4929 -0.85263854003076 0.12018460130509312 -0.5084910831699508 30.6847
0.4774599102146981 0.10610785713625924 -0.8722231118192891 7.67836 -0.07612820329805732 -0.9839528640394422 -0.16137303991432053 18.5096 -0.8753493764208566 0.14344993552640736 -0.4617202456001767 30.7123
0.4366925104049427 0.13208916721997302 -0.8898607212701113 7.6767 -0.09376751116574922 -0.9770907613446217 -0.19105312859193993 18.5433 -0.8947107382869672 0.16687149546318944 -0.41430254500288644 30.7473
0.39612172558469716 0.15726465575525575 -0.9046299832362308 7.67512 -0.11281160287090666 -0.9694232516628585 -0.21792682577669795 18.5792 -0.9112415271361918 0.18837830869182184 -0.3662683333799278 30.7909
0.3559456784371949 0.18157874333542448 -0.9166961513885683 7.67519 -0.13330213705052055 -0.9610446374071172 -0.2421234089649047 18.621 -0.924950384755663 0.2083803370756231 -0.31787485094074436 30.8357
0.3169217619409925 0.2048204521901618 -0.9260719082084472 7.67338 -0.15384627368685902 -0.9523714885678938 -0.2632866723471626 18.667 -0.9358909770271775 0.2259139883397921 -0.27031638683498876 30.8928
0.27883295185769286 0.2281613827542392 -0.9328421990765637 7.67229 -0.17327672804437855 -0.9434712529776368 -0.2825547209356848 18.7169 -0.9445778742256036 0.24042541093753336 -0.22353581659089497 30.9573
0.24453840101153249 0.250254398349512 -0.9367890405728743 7.66743 -0.1962737224957462 -0.9333458636716789 -0.3005696668405345 18.7658 -0.9495670572889443 0.2573678979082101 -0.17912054275800823 31.0263
0.2120725439113682 0.27218427813152535 -0.9385845485927101 7.66377 -0.2154451974132072 -0.9237784472657616 -0.31657028805439497 18.8241 -0.953209632258584 0.26934939967499255 -0.13726724978732607 31.0982
0.18176740169549116 0.2933380067383872 -0.9385698831113322 7.65933 -0.23586317443134136 -0.9136010081559495 -0.3312125614218201 18.8843 -0.9546356240095172 0.2815777187548444 -0.09687524798821007 31.1728
0.1558583652201863 0.3148162288853111 -0.9362686110413628 7.65047 -0.2527961052893353 -0.9035729085001912 -0.3459047964036474 18.9553 -0.9548833955732158 0.29059721446520587 -0.06124507983200618 31.2513
0.13050349483141238 0.3315090396150063 -0.9343824669215082 7.6439 -0.2679817730595582 -0.8955682014896357 -0.35516667325141066 19.025 -0.9545441881571761 0.29674796230834527 -0.028036399932979288 31.3405
0.11119601458830358 0.3489204170167882 -0.930532099891513 7.6319 -0.2814124509231082 -0.8869595319567604 -0.3662100778740179 19.103 -0.9531224888780703 0.3025844200547602 -0.0004358153248914462 31.4279
0.09299224229501982 0.362397494105134 -0.927372901878885 7.62073 -0.293398252269227 -0.8800781477188111 -0.3733362016643841 19.1827 -0.9514567296720895 0.30680695913578293 0.024486351045973888 31.5243
0.07722739695054523 0.37446517527896883 -0.9240193513468937 7.60896 -0.3077225602701853 -0.8725867377278942 -0.3793404948620089 19.2683 -0.9483368362881437 0.3136370795117866 0.047843780100574634 31.6257
0.06822491615709127 0.3827299060064724 -0.9213377121683637 7.59291 -0.31956116879554897 -0.8664508515547237 -0.383592989036709 19.3545 -0.945106353916521 0.3205943556714169 0.0631920793948776 31.7266
0.05862899371029087 0.39051505263906056 -0.9187277261293635 7.57641 -0.3291700374897399 -0.8612778435973935 -0.387101488691567 19.4486 -0.9424487930468807 0.3251130107986081 0.07805000124242281 31.8405
0.05393115722779783 0.3945911731850261 -0.9172727164396286 7.55812 -0.337283896956445 -0.8574213093940035 -0.3886750198442737 19.5436 -0.9398569056691262 0.33034300997832106 0.08684752514906878 31.9542
0.04811713340720604 0.3952019436869431 -0.9173331811172734 7.5411 -0.3435973351028097 -0.855799284441064 -0.38671495453422905 19.6386 -0.9378835816789424 0.3338008514911632 0.09461172633904215 32.08
0.047753365027518827 0.39524188376656194 -0.9173349821331401 7.51873 -0.34873620365944485 -0.8539941569713417 -0.3861049599733291 19.7392 -0.9360035664385832 0.3383457302456578 0.09705405936273771 32.2055
0.049672048367909366 0.39179963206459517 -0.918708732909938 7.49615 -0.3519997306610552 -0.8539562848938322 -0.38321645724690456 19.8381 -0.9346811634057256 0.3424203729400046 0.09549560707251145 32.336
0.050823111759370584 0.3909326289333834 -0.919015065679735 7.46755 -0.35355330340205177 -0.8535703369646914 -0.38264571277812526 19.9479 -0.9340326937343205 0.34436805817209065 0.09483442173700606 32.4777
0.05520695089439545 0.38530155625768253 -0.921137830793173 7.43861 -0.3547332521497529 -0.8547908994998491 -0.37880976485763823 20.0516 -0.9333362268722907 0.3476711504822441 0.08948887489598437 32.6221
0.06163112780166374 0.3788785159809125 -0.9233919396518449 7.4081 -0.3559610616060692 -0.8559712027247794 -0.37497336268883796 20.16 -0.932466260358076 0.35180160635505353 0.08211152817862294 32.7705
0.07044158551021679 0.37186127489251297 -0.9256117843167955 7.37267 -0.35505965951364826 -0.8577980876991624 -0.3716383711697602 20.2702 -0.9321859370409207 0.35482620108297414 0.0716082803044858 32.9232
0.07834453229847263 0.365701706347599 -0.9274289170784941 7.33469 -0.3531462306164316 -0.8597847046400255 -0.36886040919088925 20.3877 -0.9322820785901335 0.35641622247243265 0.06178674856424851 33.0873
0.09001185053195095 0.3564650405185009 -0.9299626560523585 7.29347 -0.3511072996053318 -0.862445959492355 -0.36456910335238607 20.4997 -0.9319986753894373 0.35933221653986797 0.04752712098244517 33.2503
0.10111984745473977 0.35014177610805336 -0.9312225905091803 7.24778 -0.34801874198743993 -0.8644332794224887 -0.36281959794415986 20.6215 -0.9320180962171337 0.3607711768569932 0.03444453908837007 33.4225
0.11548487703780887 0.33948973311788205 -0.9334934195178409 7.20251 -0.34493714783446866 -0.8675910567314431 -0.3581956481079023 20.737 -0.9314942872714703 0.3633627380279485 0.016908973755033765 33.595
0.13011732279812743 0.3305211263693755 -0.9347862147739275 7.15316 -0.34252130125514113 -0.869772629464113 -0.35521082644194246 20.8579 -0.9304561464649116 0.36640327244526927 3.804030739536224e-05 33.7742
0.14538075931340655 0.322258945330123 -0.9354216198999113 7.10128 -0.3389763039385857 -0.8720184649961125 -0.3530989409131092 20.9818 -0.9294942174051396 0.368419555480624 -0.017536560377294105 33.9591
0.15983193186895361 0.31051951151329865 -0.9370332899767119 7.0543 -0.3349113802276072 -0.875877568670119 -0.34737998228821415 21.1019 -0.9285947021973996 0.36934552612704435 -0.03599668569270609 34.1521
0.17506819404152468 0.30223369270408734 -0.9370197022632398 7.0023 -0.3307499317396277 -0.878353979706644 -0.34510689501621417 21.2292 -0.9273379158048434 0.3703364434240195 -0.053808071725135645 34.3503
0.19111715243545968 0.29685744289047666 -0.9356013534863493 6.94738 -0.3268870135254145 -0.8795129570625443 -0.3458349877434826 21.3637 -0.9255372031600874 0.3719309303615748 -0.07105116893462504 34.5529
0.20706226973881325 0.28758948956055047 -0.9351029365502566 6.89323 -0.3249205756612415 -0.8813478597686141 -0.3430052034492349 21.4965 -0.9227956631684928 0.3748576204048487 -0.08905014577099789 34.7561
0.2182693338931695 0.27763998672337226 -0.9355610806644736 6.84949 -0.32188488581940095 -0.8845442356024048 -0.3375968239536455 21.634 -0.9212755386760594 0.3748300055155713 -0.10370076567862686 34.9747
0.23046250834139917 0.26723028367308876 -0.9356682145595152 6.81618 -0.32054394399724395 -0.8870359504155655 -0.33229324795584664 21.778 -0.9187701628893279 0.3765039151965814 -0.11876948103769411 35.1937
0.24093606273193655 0.25933336485259645 -0.935251848193556 6.79254 -0.31728092690471515 -0.889646191418235 -0.328424218835204 21.9419 -0.9172146025318814 0.3758668114761654 -0.13206632020702183 35.4147
0.2522183196265038 0.25231486136009057 -0.9341965157190539 6.7672 -0.3150517360459027 -0.891396423887676 -0.3258140867039437 22.1193 -0.9149471694361622 0.37649651554443414 -0.14533427305234672 35.6294
0.26099393917611496 0.24398991549531027 -0.933997368759637 6.74015 -0.3156674971016094 -0.8927694482704267 -0.32142922006022245 22.3008 -0.9122698038337889 0.3787236900056674 -0.15598772913774778 35.8456
0.2711024000105558 0.23898686713730632 -0.9324101919458047 6.69667 -0.316270858256414 -0.8927865222654597 -0.3207880450997157 22.5037 -0.9091073825056467 0.38186058057495464 -0.16645198730171615 36.0491
0.27947801530835664 0.2319327053127116 -0.9317184441480314 6.60019 -0.3171085673984867 -0.8936382992459575 -0.3175732145557483 22.5999 -0.9062749005913057 0.3842106327616648 -0.17620441036222625 36.0014
0.28603903956994875 0.2273609261608582 -0.9308537356089722 6.5498 -0.3178054854969315 -0.8939469904037355 -0.3160038793055614 22.4784 -0.9039808301230515 0.3862198695087824 -0.18344718903994703 35.7363
0.2893748528714467 0.22166386380215375 -0.93119671713872 6.51351 -0.31966072761966613 -0.8945915315538138 -0.31228674465924355 22.3399 -0.9022633837983755 0.3880349509470793 -0.18801506083344408 35.4765
0.2940755792332556 0.22394688333552 -0.9291756277168122 6.46778 -0.3208065987942443 -0.8926373310023178 -0.31667289348968153 22.216 -0.9003347598913938 0.3912114373907867 -0.19065920220629434 35.212
0.29584010603247723 0.23575644736257678 -0.92568759805329 6.41744 -0.3246710559844059 -0.8865574304795352 -0.32955216258962017 22.1023 -0.8983692654296805 0.39803871669537527 -0.18573594951660644 34.9538
0.2918142683207398 0.2580402853256919 -0.9210101215260702 6.37572 -0.32975887970843176 -0.876741622228486 -0.35011884997183895 22.0058 -0.8978326759802582 0.4058809419043946 -0.17075463958829987 34.7002
0.2750133353448442 0.2596755612401664 -0.9257085223098626 6.36416 -0.31200078995412944 -0.8866229314470342 -0.3414019398015587 21.9221 -0.9094081440423237 0.3827118763859733 -0.16281414933175828 34.4848
0.24255297539924792 0.26886401369118434 -0.9321374342160275 6.42126 -0.28426619642867296 -0.8989594618635901 -0.3332635826097717 21.8861 -0.9275563506833143 0.3458092365275856 -0.141616341709781 34.1795
0.27909981320278787 0.24445286577491862 -0.9286259153634461 6.29588 -0.29958820269654163 -0.8966191550384534 -0.32606901052259696 21.7496 -0.9123322876426244 0.36921116888924044 -0.17701104398374698 34.1665
0.14570742130796266 0.2785314783369525 -0.9493100457443897 6.21993 -0.5230555964847975 -0.7927879773602512 -0.31288986231416027 21.589 -0.839751266960471 0.5421323072170421 0.030172356716209423 34.4004
0.14638146750258502 0.2736075831904452 -0.9506373422038886 6.2349 -0.5807402408665834 -0.7541909102620816 -0.30649118016066235 21.4339 -0.8008203535188229 0.5969379878167719 0.048495361543669 34.2906
0.15861314001198365 0.33656844328037716 -0.9282044789826011 6.09612 -0.5642482025272615 -0.7405645016604082 -0.3649495647691958 21.392 -0.8102257943069283 0.581623505257735 0.07244487815858422 34.56
-0.3116639150604429 0.7026612052406945 -0.6396349229825488 5.74593 -0.8201040783327044 -0.5388982795090681 -0.19240048088357636 21.7965 -0.4798905132957539 0.4646029218503263 0.7442104677152002 35.1665
0.11824030950892184 -0.14416122117796099 -0.9824646413564785 6.0435 -0.9929423565582769 -0.007994955562106054 -0.11832817601085627 20.6582 0.00920357320450027 0.9895219163788336 -0.14408910870093702 34.7216
-0.11839784084723398 -0.9179914553912402 -0.3785150447622739 5.20571 -0.7870126603476243 0.3191926765437631 -0.5279461219607394 19.8099 0.6054692591166527 0.2353884514361352 -0.7602626212008783 35.1226
-0.12780340082795855 -0.8959213837274005 -0.42543056415446656 5.08155 -0.7716946199289452 0.35928048205046587 -0.5247903855734263 19.7701 0.6230198265781987 0.2612324815132383 -0.7372949791588891 35.3487
-0.12285221954698411 -0.8732648291112829 -0.4715038392098424 4.96078 -0.759820356829174 0.3883949377694127 -0.5213658961450012 19.7259 0.6384202044894615 0.2942072578172322 -0.711239574227488 35.5664
-0.11665286127328325 -0.8438805200863704 -0.5236962648095872 4.85813 -0.7360758142363151 0.4274628140777501 -0.5248503960911877 19.6894 0.6667717042984816 0.32425485408778065 -0.6710248012908391 35.7856
-0.10223227254578326 -0.820789915249883 -0.562007542186237 4.75145 -0.7173442403225783 0.4522428419808986 -0.5299940119973654 19.6358 0.6891776282832663 0.3489703811229978 -0.6350227316976313 36.0026
-0.10682524287798639 -0.8019133281411664 -0.5878123694118874 4.65294 -0.6401423056604446 0.5078363837978259 -0.5764720598562234 19.5744 0.7607931361334624 0.3147017976445404 -0.5675883918576081 36.2382
-0.07035310697462704 -0.7833824314361454 -0.6175454691407021 4.56926 -0.6321254759746419 0.5139208634683372 -0.5799161393820588 19.4965 0.7716656160299287 0.3495673214262911 -0.5313519218258262 36.448
-0.03341728795168508 -0.7544648918687678 -0.6554891393481684 4.53069 -0.6210117033880409 0.5295544842792129 -0.5778550963994873 19.443 0.783088595959 0.38775607682823665 -0.48622780233316215 36.6507
-0.12060187121621976 -0.6386765038145464 -0.759965467724932 4.65885 -0.9841295059970162 0.177306968244423 0.00716620108849525 19.4823 0.1301702887959304 0.7487686975877126 -0.6499239443408631 36.6664
-0.31612285138608776 -0.5554501558293214 -0.769117329944341 4.60207 -0.7576190273672214 -0.34015425860337545 0.5570533993479742 19.3496 -0.5710339326193103 0.7587952324199004 -0.31328907266956235 36.6948
