0 0 0 0 0 0 1
-0.119225 -0.0749629 0.208962 0.00876927 -0.00720229 -0.0121039 0.999862
-0.257585 -0.159479 0.433876 0.0178452 -0.0140242 -0.0247827 0.999435
-0.400973 -0.235249 0.655825 0.0286452 -0.0203285 -0.0383714 0.998646
-0.535134 -0.315342 0.878214 0.0393706 -0.027609 -0.0519197 0.997493
-0.669438 -0.400568 1.09845 0.0497448 -0.0348839 -0.0655802 0.995996
-0.810901 -0.479302 1.31586 0.0614871 -0.0409263 -0.0800921 0.994047
-0.94438 -0.5554 1.53091 0.0735189 -0.0478398 -0.0942971 0.991673
-1.07496 -0.637803 1.74502 0.0849059 -0.054861 -0.108717 0.98892
-1.2066 -0.70999 1.96207 0.0977117 -0.0612624 -0.123515 0.985619
-1.32541 -0.793934 2.17581 0.109384 -0.0679846 -0.137953 0.98203
-1.45279 -0.871711 2.39579 0.121312 -0.0735899 -0.152908 0.978002
-1.55416 -0.961362 2.61441 0.132243 -0.0797851 -0.166825 0.973815
-1.60178 -1.05442 2.84795 0.144102 -0.0855161 -0.180541 0.969189
-1.58099 -1.16855 3.07721 0.155084 -0.089459 -0.194515 0.964423
-1.57423 -1.29645 3.28831 0.165412 -0.0941843 -0.207434 0.959552
-1.59745 -1.42773 3.50273 0.175196 -0.0984627 -0.219627 0.95466
-1.64408 -1.55252 3.71629 0.184553 -0.101932 -0.23103 0.94983
-1.71718 -1.67006 3.92539 0.192851 -0.104607 -0.242306 0.945069
-1.82042 -1.77267 4.12798 0.20006 -0.106178 -0.253019 0.940577
-1.95347 -1.8498 4.32499 0.206723 -0.106929 -0.262886 0.936336
-2.1127 -1.89681 4.5014 0.212504 -0.107236 -0.272472 0.932257
-2.30039 -1.90356 4.6702 0.217821 -0.10633 -0.280482 0.928751
-2.50053 -1.90312 4.81653 0.221157 -0.104323 -0.288092 0.925857
-2.70393 -1.89516 4.95306 0.223192 -0.101452 -0.294725 0.923597
-2.90572 -1.88512 5.09158 0.224184 -0.0980198 -0.300272 0.92194
-3.10479 -1.87803 5.22408 0.22358 -0.09295 -0.305004 0.921057
-3.30585 -1.87687 5.36021 0.221027 -0.0867725 -0.308358 0.92116
-3.49929 -1.87968 5.50002 0.217392 -0.0795659 -0.310247 0.92204
-3.69093 -1.88692 5.64088 0.212021 -0.07083 -0.311479 0.923588
-3.87826 -1.90287 5.78429 0.204594 -0.0607786 -0.31012 0.926431
-4.06259 -1.92329 5.92732 0.195621 -0.0497961 -0.307004 0.930056
-4.24365 -1.94625 6.07468 0.185703 -0.0368733 -0.304713 0.933438
-4.41523 -1.97413 6.22333 0.174498 -0.0238019 -0.30149 0.937064
-4.58858 -2.00571 6.37197 0.162076 -0.00975468 -0.297149 0.940925
-4.76764 -2.0428 6.52864 0.148869 0.00545028 -0.291774 0.944817
-4.94579 -2.07772 6.69354 0.136061 0.0214842 -0.286637 0.948086
-5.13314 -2.11645 6.86675 0.123174 0.0375926 -0.280307 0.951234
-5.32234 -2.15917 7.04532 0.110274 0.0534023 -0.272679 0.954272
-5.51719 -2.21004 7.23028 0.0968981 0.0692419 -0.264976 0.956874
-5.71498 -2.26438 7.42414 0.0839231 0.0848132 -0.256768 0.959081
-5.92446 -2.31247 7.62059 0.0730126 0.100416 -0.246347 0.961198
-6.14118 -2.38111 7.82211 0.0594186 0.11837 -0.240502 0.961571
-6.35003 -2.44796 8.029 0.048317 0.133685 -0.233021 0.962028
-6.5579 -2.51428 8.23575 0.0387593 0.148386 -0.226019 0.961975
-6.76374 -2.57848 8.4473 0.0304804 0.164298 -0.220426 0.960985
-6.96384 -2.64982 8.65586 0.0245152 0.17784 -0.214555 0.960073
-7.16622 -2.72676 8.86269 0.0215512 0.1906 -0.208675 0.958992
-7.3655 -2.81575 9.0687 0.0202388 0.201939 -0.204298 0.957641
-7.56468 -2.91154 9.26929 0.0215928 0.211804 -0.200436 0.956296
-7.77048 -2.99821 9.46294 0.0259907 0.219944 -0.196893 0.955083
-7.98931 -3.06375 9.65258 0.0311003 0.226837 -0.196375 0.953424
-8.20764 -3.08662 9.79613 0.0403328 0.231857 -0.195366 0.952077
-8.44865 -3.11917 9.96791 0.050448 0.238001 -0.195251 0.9501
-8.69878 -3.13846 10.1218 0.062297 0.242256 -0.195767 0.948214
-8.95822 -3.14927 10.2658 0.0752818 0.246091 -0.19727 0.94597
-9.21814 -3.154 10.3981 0.0906852 0.247682 -0.199843 0.94366
-9.48473 -3.15507 10.525 0.106726 0.249349 -0.202922 0.940883
-9.75342 -3.14895 10.6453 0.124015 0.250006 -0.206619 0.937778
-10.0236 -3.14221 10.7546 0.141786 0.249447 -0.210312 0.934583
-10.2965 -3.13457 10.854 0.159454 0.248456 -0.214344 0.931077
-10.5715 -3.11012 10.9487 0.17834 0.247288 -0.218511 0.926984
-10.8494 -3.08425 11.0343 0.197312 0.245747 -0.222476 0.922596
-11.1323 -3.06063 11.0907 0.214913 0.244644 -0.226826 0.917886
-11.4184 -3.02795 11.1126 0.231606 0.24242 -0.230914 0.913386
-11.7071 -2.97838 11.1068 0.247342 0.24118 -0.235076 0.908514
-11.993 -2.90962 11.0763 0.261845 0.240169 -0.238799 0.903733
-12.2699 -2.82338 11.0495 0.274867 0.238681 -0.242736 0.899201
-12.5467 -2.73056 11.0532 0.28621 0.237917 -0.246355 0.89487
-12.8191 -2.63996 11.092 0.296061 0.237465 -0.24991 0.89079
-13.0887 -2.56385 11.1709 0.304401 0.236895 -0.250822 0.88787
-13.3458 -2.51318 11.2913 0.310488 0.236747 -0.251402 0.885635
-13.5959 -2.4657 11.4304 0.314731 0.237331 -0.251614 0.883919
-13.8401 -2.40829 11.5789 0.31736 0.238696 -0.251858 0.882541
-14.0805 -2.32985 11.7213 0.318258 0.240558 -0.251257 0.881883
-14.3166 -2.21677 11.8504 0.317611 0.243734 -0.250953 0.881331
-14.5451 -2.0664 11.9406 0.315692 0.246866 -0.250453 0.881291
-14.775 -1.89817 12.014 0.312172 0.251829 -0.249606 0.881381
-15.0051 -1.72413 12.0362 0.306789 0.256962 -0.24801 0.88224
-15.2347 -1.56009 11.9795 0.300455 0.262742 -0.246258 0.883208
-15.4283 -1.42013 11.8233 0.293473 0.26917 -0.243486 0.884387
-15.5717 -1.27992 11.6197 0.285018 0.276601 -0.240403 0.885702
-15.6922 -1.11579 11.4127 0.275691 0.28516 -0.236594 0.886965
-15.8115 -0.944628 11.2136 0.265681 0.293766 -0.232695 0.888242
-15.9544 -0.781036 11.0225 0.253667 0.303825 -0.227885 0.889616
-16.1041 -0.630588 10.8333 0.240568 0.313521 -0.223071 0.89111
-16.2696 -0.476164 10.6571 0.227845 0.32446 -0.217461 0.891924
-16.4352 -0.332612 10.4822 0.213982 0.33477 -0.210284 0.893267
-16.6128 -0.184632 10.3148 0.199884 0.346516 -0.202527 0.893846
-16.7957 -0.0358316 10.1499 0.185697 0.358834 -0.194074 0.893922
-16.9809 0.104268 9.98888 0.171378 0.37075 -0.182019 0.894455
-17.1664 0.247947 9.82847 0.157542 0.382872 -0.169469 0.894358
-17.3546 0.389306 9.67116 0.143383 0.395856 -0.155619 0.893604
-17.5436 0.520101 9.51493 0.128648 0.408978 -0.140942 0.892372
-17.7275 0.650456 9.36501 0.11446 0.422343 -0.125568 0.890373
-17.9097 0.778008 9.22313 0.100132 0.43644 -0.110379 0.887308
-18.0895 0.901085 9.08298 0.0859999 0.45048 -0.0943519 0.883615
-18.2642 1.00941 8.94526 0.0708074 0.464296 -0.0777136 0.879422
-18.4348 1.13174 8.8088 0.0580781 0.478061 -0.0613134 0.874261
-18.602 1.24726 8.67378 0.0454233 0.491886 -0.0445625 0.868335
-18.7659 1.35682 8.54021 0.0329071 0.505185 -0.0278974 0.861936
-18.9274 1.46582 8.41636 0.0214557 0.519333 -0.0117202 0.854226
-19.1144 1.52302 8.31069 0.0100945 0.53307 0.00444068 0.846003
-19.3244 1.5267 8.3594 0.000325634 0.54688 0.0199258 0.836978
-19.5131 1.52405 8.46223 -0.00885953 0.560687 0.0346569 0.827259
-19.6865 1.5205 8.57706 -0.0170856 0.574431 0.049138 0.816902
-19.8527 1.51579 8.69632 -0.0247002 0.587784 0.0626362 0.806216
-20.0067 1.5235 8.82224 -0.0303412 0.601467 0.0749716 0.794798
-20.1462 1.53729 8.95143 -0.0344321 0.615052 0.0865356 0.782972
-20.2677 1.55117 9.08428 -0.0383062 0.628712 0.0969474 0.770625
-20.378 1.56945 9.22624 -0.0383605 0.642481 0.108724 0.757584
-20.4743 1.58663 9.36647 -0.0370428 0.655832 0.119413 0.744487
-20.5677 1.59539 9.5182 -0.0358551 0.669614 0.128435 0.730647
-20.6673 1.59084 9.66768 -0.0335743 0.683184 0.13606 0.716679
-20.7756 1.57116 9.81817 -0.0301099 0.696641 0.14245 0.702497
-20.8912 1.52916 9.96057 -0.0264038 0.70993 0.147447 0.688165
-21.0177 1.47299 10.0892 -0.0226078 0.722441 0.151332 0.674298
-21.1491 1.40874 10.2128 -0.0185812 0.734722 0.153971 0.660409
-21.2856 1.34562 10.3388 -0.0140915 0.747158 0.155175 0.646133
-21.4303 1.2815 10.4612 -0.00915661 0.759115 0.155717 0.631999
-21.578 1.21829 10.5842 -0.00471068 0.770687 0.155258 0.618002
-21.7334 1.16154 10.7058 7.13371e-06 0.781791 0.154145 0.604196
-21.8908 1.11332 10.8287 0.00443981 0.792397 0.152301 0.590682
-22.0545 1.06893 10.9536 0.00854011 0.802617 0.150173 0.577229
-22.2217 1.03116 11.0817 0.0122064 0.812445 0.14745 0.563965
-22.3919 1.00334 11.2146 0.0163009 0.822108 0.143983 0.550595
-22.567 0.97122 11.3413 0.019345 0.830813 0.140966 0.53807
-22.7448 0.949624 11.4704 0.0228868 0.839069 0.137441 0.525893
-22.9226 0.927148 11.6041 0.0259061 0.847043 0.133875 0.513752
-23.1104 0.904801 11.7364 0.028423 0.854345 0.130467 0.502275
-23.3014 0.888914 11.8688 0.0319576 0.860996 0.12799 0.491215
-23.5051 0.917761 11.9759 0.0351288 0.867509 0.125239 0.480122
-23.725 0.978388 12.0558 0.0381699 0.873363 0.122348 0.469914
-23.9482 1.03005 12.1351 0.0396782 0.878862 0.119966 0.460047
-24.1722 1.09275 12.2222 0.042177 0.884111 0.117481 0.450307
-24.4023 1.14746 12.3182 0.0439073 0.889113 0.114949 0.440846
-24.6261 1.19965 12.4188 0.0449475 0.893758 0.112301 0.431941
-24.8486 1.24605 12.5282 0.0458352 0.897904 0.110005 0.423762
-25.0681 1.28332 12.6502 0.0470686 0.901733 0.107872 0.415974
-25.2878 1.30953 12.7838 0.0475347 0.905258 0.105359 0.408848
-25.5284 1.34277 12.8935 0.0477916 0.908449 0.103279 0.402218
-25.7829 1.39882 12.9295 0.0478644 0.911378 0.10127 0.396046
-26.0395 1.47636 12.9135 0.0475846 0.914152 0.0991421 0.390183
-26.2984 1.56055 12.8573 0.0471766 0.916506 0.0975379 0.385081
-26.5526 1.6592 12.7695 0.0470782 0.918562 0.0956005 0.380653
-26.7861 1.75797 12.6772 0.0463115 0.920805 0.0937965 0.375747
-27.0215 1.86623 12.5703 0.0457443 0.922769 0.0919688 0.371424
-27.2614 1.97419 12.4477 0.0451405 0.92429 0.0907656 0.367997
-27.5038 2.07978 12.3162 0.0441765 0.925571 0.0898541 0.365106
-27.7394 2.19552 12.184 0.0437118 0.926872 0.0886427 0.362148
-27.9748 2.30508 12.0469 0.043573 0.927993 0.087754 0.3595
-28.1994 2.42621 11.9089 0.0439747 0.928931 0.0867426 0.357267
-28.4215 2.54015 11.7695 0.044028 0.929736 0.0862191 0.355288
-28.6351 2.66605 11.633 0.044661 0.930608 0.0849917 0.353216
-28.8623 2.77067 11.5033 0.0444281 0.931073 0.0846417 0.352101
-29.0739 2.87746 11.3639 0.0440531 0.931337 0.0846229 0.351454
-29.2886 2.98029 11.2407 0.0438834 0.931698 0.0842882 0.350597
-29.4847 3.08928 11.1111 0.0435902 0.931979 0.0839402 0.349972
-29.689 3.19124 10.9828 0.0434543 0.931918 0.083998 0.350136
-29.8883 3.29554 10.8484 0.0434617 0.931791 0.0837991 0.350523
-30.0824 3.39413 10.7196 0.0436287 0.93167 0.0840604 0.35076
-30.2726 3.4956 10.5852 0.043583 0.931219 0.0841362 0.351944
-30.4578 3.59433 10.455 0.0434457 0.930817 0.0845914 0.352912
-30.6406 3.69156 10.3266 0.0435819 0.930282 0.084872 0.354236
-30.8104 3.78539 10.2101 0.0435461 0.929948 0.0851884 0.355041
-30.9844 3.87382 10.0934 0.0429831 0.929455 0.0854001 0.356349
-31.1664 3.95967 9.97189 0.0431588 0.928618 0.0862741 0.358293
-31.3348 4.04315 9.86178 0.0440471 0.928036 0.0872262 0.35946
-31.5076 4.13281 9.74645 0.0446603 0.927161 0.0876844 0.361526
-31.6631 4.2273 9.61227 0.0462437 0.926354 0.0886271 0.363162
-31.817 4.32287 9.47917 0.0476608 0.925446 0.0896208 0.365045
-31.9717 4.4167 9.34729 0.0491344 0.924493 0.090538 0.367033
-32.1247 4.51544 9.21476 0.0508365 0.923555 0.0913517 0.368954
-32.2818 4.61376 9.08327 0.0527201 0.922613 0.0921183 0.370853
-32.4249 4.7124 8.94217 0.0543217 0.921743 0.0929541 0.372572
-32.566 4.80681 8.80218 0.0556019 0.920947 0.0936912 0.374164
-32.7027 4.90392 8.66163 0.056935 0.920334 0.0942032 0.375341
-32.8501 4.99536 8.52572 0.0582651 0.91985 0.0944492 0.376261
-32.9865 5.08768 8.39133 0.0591328 0.919663 0.094492 0.376573
-33.1319 5.18171 8.2346 0.0606974 0.919165 0.0942285 0.377605
-33.2641 5.27931 8.07461 0.0617352 0.918948 0.0935322 0.378136
-33.3875 5.38328 7.91665 0.0626837 0.919227 0.0922532 0.377615
-33.5038 5.48235 7.76808 0.0628545 0.919989 0.0906969 0.376107
-33.613 5.57754 7.60984 0.0627878 0.920963 0.0888397 0.374172
-33.7086 5.67848 7.44452 0.0624128 0.922322 0.0865027 0.371424
-33.8077 5.77087 7.28583 0.0614064 0.924108 0.0838308 0.367748
-33.9085 5.86356 7.12704 0.0600324 0.9262 0.080587 0.363411
-34.008 5.95383 6.96829 0.0579865 0.928664 0.0765976 0.358282
-34.078 6.05221 6.80101 0.0551346 0.931606 0.0717303 0.352048
-34.1394 6.15926 6.62917 0.0520045 0.934953 0.0659211 0.34471
-34.1998 6.27238 6.45644 0.0527335 0.938406 0.0607022 0.336067
-34.2653 6.37355 6.28921 0.0530736 0.942129 0.0551152 0.326422
-34.2937 6.50036 6.10879 0.0535983 0.946129 0.0483237 0.315665
-34.3364 6.61846 5.93635 0.0540645 0.950189 0.0411585 0.304198
-34.3829 6.72975 5.76247 0.0542828 0.954153 0.0335526 0.292458
-34.435 6.84023 5.58946 0.0544003 0.958013 0.0255853 0.280374
-34.4815 6.95531 5.42274 0.0542657 0.961805 0.0168875 0.267793
-34.5264 7.07079 5.25452 0.0541485 0.965401 0.00809778 0.254984
-34.5687 7.18015 5.08284 0.0535491 0.968718 -0.000867683 0.242343
-34.6155 7.28811 4.91104 0.0527807 0.971727 -0.00962249 0.229957
-34.6649 7.40093 4.73641 0.0521806 0.974386 -0.0184432 0.217995
-34.7245 7.50832 4.57299 0.051425 0.976803 -0.0270602 0.206137
-34.7669 7.62511 4.40067 0.0502986 0.978906 -0.0356119 0.194824
-34.8187 7.73933 4.23262 0.0490667 0.98073 -0.0438499 0.18399
-34.9071 7.84657 4.08549 0.0481098 0.982213 -0.0514512 0.174091
-34.9981 7.95386 3.93754 0.0467114 0.983423 -0.058501 0.165193
-35.0874 8.06054 3.78767 0.045411 0.984399 -0.064591 0.157283
-35.1768 8.16588 3.63839 0.0443123 0.98519 -0.0697008 0.150306
-35.2699 8.27196 3.49766 0.0430934 0.985819 -0.0739866 0.14437
-35.352 8.38091 3.35245 0.042294 0.986312 -0.0769514 0.139615
-35.4236 8.49319 3.20629 0.0544637 0.986073 -0.0746068 0.13835
-35.5007 8.59962 3.06826 0.0680838 0.985408 -0.0725231 0.138163
-35.6503 8.69375 2.96613 0.0837201 0.984287 -0.0701025 0.138815
-35.8256 8.80044 2.87988 0.101803 0.982481 -0.0678215 0.140646
-35.9889 8.91251 2.78481 0.12044 0.980232 -0.0652323 0.142825
-36.146 9.03152 2.67405 0.140893 0.977183 -0.0620603 0.146377
-36.2811 9.16311 2.54241 0.161589 0.973614 -0.0567433 0.150861
-36.4032 9.30182 2.40688 0.182699 0.969391 -0.0509029 0.155967
-36.5175 9.44751 2.27174 0.203777 0.96462 -0.044628 0.161265
-36.6233 9.59983 2.13721 0.224855 0.959253 -0.0380223 0.166862
-36.7217 9.75798 2.00411 0.246066 0.953321 -0.0312497 0.172248
-36.891 9.9054 1.86855 0.266205 0.946879 -0.0239796 0.178874
-37.0919 10.0612 1.73858 0.28639 0.939841 -0.0167171 0.185511
-37.3192 10.2056 1.62229 0.306934 0.932063 -0.00896295 0.192319
-37.5448 10.3647 1.48949 0.325425 0.924392 -0.00176134 0.199024
-37.7865 10.4931 1.39234 0.342534 0.91675 0.00480609 0.205507
-38.0263 10.6165 1.27012 0.358742 0.909121 0.0114857 0.211391
-38.2524 10.7297 1.15504 0.373232 0.901936 0.017363 0.216624
-38.4264 10.8884 0.983287 0.385725 0.895394 0.022129 0.221385
-38.5588 11.0525 0.772625 0.396986 0.889281 0.0265181 0.225602
-38.6447 11.2047 0.539951 0.398584 0.88763 0.0276216 0.229123
-38.6934 11.3289 0.29533 0.399176 0.886578 0.0285497 0.232035
-38.7134 11.4282 0.0578611 0.399257 0.885982 0.028405 0.234179
-38.6971 11.5288 -0.227721 0.400015 0.885268 0.0285328 0.235571
-38.6915 11.587 -0.467162 0.400829 0.884634 0.0286687 0.236546
-38.6731 11.6383 -0.701459 0.400918 0.884387 0.028199 0.237377
-38.6354 11.6789 -0.942099 0.400804 0.884409 0.0278591 0.237527
-38.5903 11.7262 -1.19035 0.40109 0.884346 0.0274056 0.237331
-38.5413 11.7642 -1.42923 0.400854 0.884648 0.0268775 0.236664
-38.4745 11.8152 -1.67503 0.400892 0.884922 0.0260196 0.235671
-38.4023 11.8721 -1.92724 0.401001 0.885258 0.0250976 0.234316
-38.3206 11.9335 -2.1752 0.400928 0.885686 0.0240177 0.232939
-38.2451 11.973 -2.40611 0.400566 0.886249 0.0235918 0.231456
-38.1656 12.0157 -2.63516 0.400242 0.88684 0.0230057 0.22981
-38.067 12.0854 -2.88507 0.399915 0.887391 0.0219767 0.228344
-37.9706 12.1528 -3.1326 0.399588 0.887934 0.0210272 0.226893
-37.875 12.2204 -3.38041 0.399468 0.888314 0.0206573 0.225646
-37.7733 12.2989 -3.6519 0.398553 0.888929 0.0202435 0.224878
-37.6743 12.3761 -3.91289 0.395822 0.890274 0.0194951 0.224446
-37.5548 12.4697 -4.18229 0.393437 0.891388 0.019101 0.224254
-37.4347 12.5648 -4.44984 0.39185 0.892084 0.019004 0.224269
-37.3183 12.6569 -4.70831 0.390409 0.892572 0.0191059 0.224836
-37.2026 12.746 -4.95927 0.389845 0.892627 0.0199111 0.225521
-37.0869 12.8266 -5.20302 0.389758 0.892404 0.0210637 0.226452
-36.959 12.9363 -5.47149 0.389864 0.891965 0.02204 0.227897
-36.8429 13.026 -5.71943 0.390694 0.891225 0.0236691 0.229208
-36.7223 13.1212 -5.97311 0.391738 0.890302 0.0253877 0.230819
-36.6051 13.2165 -6.22188 0.392965 0.889311 0.0271765 0.232351
-36.4857 13.3144 -6.46758 0.394372 0.888222 0.0289954 0.233903
-36.3685 13.4131 -6.70819 0.396001 0.887039 0.0305825 0.235439
-36.2372 13.5151 -6.97059 0.397443 0.88588 0.0324943 0.237104
-36.1126 13.6027 -7.21386 0.39869 0.884892 0.0343871 0.238437
-35.9834 13.6959 -7.46253 0.40018 0.883881 0.0361784 0.239419
-35.8589 13.7956 -7.71237 0.400865 0.883146 0.037574 0.24077
-35.7204 13.8977 -7.9745 0.401019 0.882793 0.0386047 0.24164
-35.5904 14 -8.21933 0.40127 0.882537 0.0389003 0.242115
-35.4609 14.0956 -8.46334 0.401366 0.882433 0.0392971 0.242266
-35.3373 14.1991 -8.69573 0.401799 0.882235 0.0392232 0.242287
-35.2097 14.2894 -8.92965 0.402184 0.882227 0.0390002 0.241707
-35.0926 14.3793 -9.15126 0.402369 0.882431 0.0384486 0.240745
-34.9781 14.4603 -9.36014 0.400338 0.883823 0.0370067 0.239242
-34.8654 14.5417 -9.56423 0.397942 0.885449 0.035112 0.237511
-34.7569 14.6146 -9.75759 0.394755 0.887513 0.032954 0.235421
-34.6641 14.7019 -9.94097 0.39129 0.889581 0.0295171 0.233855
-34.5633 14.7773 -10.1204 0.387506 0.891998 0.0260532 0.231346
-34.4698 14.8504 -10.2945 0.383133 0.894628 0.0220279 0.228884
-34.378 14.9182 -10.4614 0.3782 0.89743 0.017701 0.226476
-34.2903 14.9884 -10.6193 0.373165 0.90024 0.0125884 0.224007
-34.1966 15.0443 -10.7737 0.367565 0.903314 0.0077906 0.221089
-34.1142 15.104 -10.9148 0.361633 0.906311 0.00259449 0.218718
-34.0337 15.1599 -11.0512 0.355181 0.9094 -0.00294888 0.216452
-33.9592 15.2129 -11.1825 0.348285 0.912406 -0.00871872 0.214848
-33.8852 15.2664 -11.2978 0.341864 0.915136 -0.0151032 0.21319
-33.8161 15.3127 -11.4008 0.334879 0.917894 -0.0214181 0.211876
-33.7494 15.3575 -11.5044 0.327492 0.92056 -0.0277699 0.211116
-33.6913 15.3966 -11.6104 0.320166 0.922909 -0.0338265 0.211213
-33.6337 15.4315 -11.7016 0.312921 0.925054 -0.0400221 0.211604
-33.5868 15.4668 -11.7956 0.30539 0.926841 -0.0463858 0.213482
-33.5389 15.4937 -11.8707 0.297956 0.928446 -0.0526016 0.21556
-33.4965 15.5251 -11.9321 0.290381 0.929774 -0.0590235 0.218493
-33.457 15.5487 -11.9854 0.281934 0.931141 -0.0620499 0.22285
-33.415 15.5768 -12.0541 0.273868 0.931966 -0.0652881 0.228466
-33.3697 15.6082 -12.142 0.265853 0.932333 -0.0691395 0.235201
-33.3167 15.635 -12.2219 0.258108 0.932539 -0.0726979 0.241847
-33.2644 15.6659 -12.3173 0.250467 0.93223 -0.0767015 0.249706
-33.2059 15.6992 -12.4265 0.242758 0.931577 -0.0813971 0.25813
-33.1346 15.731 -12.4959 0.235396 0.931167 -0.0860474 0.264831
-33.0625 15.7648 -12.6008 0.228431 0.930098 -0.0909798 0.272918
-32.9915 15.8007 -12.715 0.221888 0.928644 -0.0957472 0.281499
-32.9155 15.835 -12.8276 0.215587 0.927031 -0.100603 0.289894
-32.8223 15.8696 -12.9359 0.209856 0.925453 -0.105787 0.297202
-32.7276 15.9093 -13.0515 0.204317 0.923648 -0.111078 0.304655
-32.6243 15.9453 -13.1778 0.199076 0.921692 -0.116526 0.311926
-32.5061 15.9798 -13.3101 0.194259 0.919714 -0.122053 0.318618
-32.3785 16.0081 -13.4393 0.189829 0.917828 -0.127149 0.324675
-32.2433 16.0275 -13.5697 0.185499 0.915985 -0.131726 0.330508
-32.0931 16.0457 -13.6999 0.181598 0.914031 -0.136639 0.336041
-31.9309 16.0541 -13.8203 0.178072 0.912294 -0.141081 0.34078
-31.7541 16.0393 -13.9368 0.175023 0.910844 -0.144187 0.344914
-31.5681 16.0152 -14.0565 0.172081 0.909524 -0.146695 0.348798
-31.3744 15.9945 -14.1761 0.173476 0.907517 -0.146359 0.353444
-31.1667 15.9765 -14.2855 0.174408 0.90622 -0.146159 0.356387
-30.955 15.9568 -14.3992 0.17491 0.905277 -0.145911 0.358631
-30.7395 15.9415 -14.5127 0.175283 0.904571 -0.146005 0.36019
-30.5163 15.9241 -14.6339 0.175421 0.904148 -0.145621 0.361338
-30.2894 15.9112 -14.7551 0.175812 0.903915 -0.145523 0.361772
-30.0545 15.8938 -14.8757 0.175429 0.904136 -0.144812 0.361688
-29.8169 15.8843 -15.0048 0.175177 0.904322 -0.144573 0.361445
-29.5695 15.8713 -15.1278 0.174903 0.904916 -0.143781 0.360401
-29.3174 15.8693 -15.26 0.174404 0.905405 -0.143877 0.359377
-29.06 15.8678 -15.3962 0.173843 0.90603 -0.1437 0.35814
-28.8127 15.8738 -15.5334 0.173354 0.906603 -0.143711 0.356924
-28.584 15.8812 -15.6819 0.173318 0.906808 -0.143847 0.356363
-28.363 15.8965 -15.8235 0.173227 0.907216 -0.143676 0.355441
-28.1521 15.9117 -15.9698 0.172998 0.907723 -0.143335 0.354389
-27.9593 15.9306 -16.1283 0.172956 0.90777 -0.143137 0.354374
-27.778 15.9634 -16.2949 0.173655 0.907634 -0.143739 0.354133
-27.6144 15.9973 -16.4698 0.17397 0.907335 -0.144168 0.354574
-27.4665 16.033 -16.6372 0.17489 0.906845 -0.1444 0.355277
-27.3482 16.0772 -16.8204 0.17579 0.906057 -0.144702 0.356721
-27.2454 16.131 -17.0007 0.178261 0.904471 -0.145207 0.359302
-27.1678 16.1854 -17.1731 0.180235 0.902933 -0.145398 0.362101
-27.0982 16.25 -17.3387 0.182455 0.901191 -0.146531 0.364857
-27.0425 16.3035 -17.5103 0.184631 0.89942 -0.146879 0.367982
-27.0049 16.3602 -17.6691 0.186825 0.897286 -0.147529 0.371803
-26.9679 16.4177 -17.8189 0.189751 0.895176 -0.148262 0.375103
-26.9366 16.4671 -17.967 0.191581 0.893178 -0.148934 0.37865
-26.9207 16.5252 -18.1083 0.193737 0.890785 -0.150277 0.382642
-26.9041 16.5799 -18.2445 0.196056 0.888282 -0.151792 0.386658
-26.8946 16.6317 -18.3714 0.197808 0.88594 -0.153438 0.390473
-26.888 16.6816 -18.4931 0.199693 0.883602 -0.154677 0.394303
-26.8872 16.7234 -18.6062 0.201396 0.881448 -0.155277 0.398006
-26.8859 16.7625 -18.7149 0.203069 0.87935 -0.155998 0.401498
-26.8832 16.8028 -18.8143 0.204208 0.877687 -0.156912 0.404197
-26.8829 16.8423 -18.907 0.205057 0.876229 -0.157663 0.406627
-26.8833 16.8779 -18.992 0.206074 0.875019 -0.158346 0.408453
-26.8841 16.9117 -19.0693 0.20668 0.874199 -0.158805 0.40972
-26.8823 16.9404 -19.138 0.206785 0.87407 -0.159063 0.409845
-26.8824 16.9681 -19.1968 0.206291 0.874535 -0.158898 0.409164
-26.8851 16.9899 -19.2515 0.205582 0.875402 -0.158173 0.407946
-26.8838 17.0075 -19.3003 0.204596 0.876735 -0.156956 0.406044
-26.8828 17.0222 -19.3399 0.202962 0.878697 -0.1552 0.403291
-26.8841 17.0317 -19.376 0.200961 0.881029 -0.153052 0.400009
-26.8838 17.0427 -19.4037 0.198898 0.883645 -0.150978 0.39604
-26.8844 17.0523 -19.4231 0.196698 0.886475 -0.148939 0.391561
-26.8845 17.0583 -19.436 0.194085 0.889462 -0.146919 0.386827
-26.8867 17.0628 -19.4405 0.191608 0.892562 -0.14459 0.381764
-26.8897 17.0617 -19.441 0.188771 0.895684 -0.142245 0.376714
-26.8897 17.0619 -19.4444 0.18622 0.898678 -0.139966 0.371671
-26.8915 17.0652 -19.4481 0.183421 0.901495 -0.138251 0.366853
-26.8927 17.0657 -19.4535 0.180807 0.904123 -0.136414 0.362342
-26.8974 17.0692 -19.4581 0.178646 0.906386 -0.134827 0.358335
-26.8983 17.0719 -19.4626 0.17637 0.908444 -0.133744 0.354635
-26.8992 17.0737 -19.4662 0.174436 0.910129 -0.132949 0.351559
-26.8979 17.0736 -19.4671 0.172803 0.91149 -0.132486 0.349003
-26.8983 17.0748 -19.4715 0.171603 0.912267 -0.13266 0.347497
-26.897 17.0744 -19.4752 0.170696 0.912555 -0.133378 0.346909
-26.898 17.0745 -19.4781 0.169947 0.912266 -0.134596 0.34757
-26.8969 17.0779 -19.4812 0.170098 0.911278 -0.136658 0.349275
-26.8953 17.0803 -19.489 0.170666 0.909571 -0.139511 0.352311
-26.8913 17.0872 -19.4979 0.174046 0.906579 -0.141483 0.357542
-26.892 17.0921 -19.5138 0.178147 0.902584 -0.143603 0.364713
-26.8926 17.0995 -19.5307 0.18313 0.897774 -0.146196 0.372992
-26.8917 17.1047 -19.5501 0.188781 0.892162 -0.148872 0.382465
-26.8963 17.114 -19.5766 0.194762 0.885648 -0.15194 0.393245
-26.898 17.1279 -19.6052 0.201633 0.878289 -0.155376 0.404777
-26.8944 17.1388 -19.6387 0.208671 0.870425 -0.159025 0.416605
-26.8937 17.1562 -19.6838 0.216176 0.861653 -0.162767 0.429375
-26.8953 17.1776 -19.7366 0.223993 0.852233 -0.166403 0.44257
-26.8953 17.2044 -19.7875 0.231758 0.842537 -0.170241 0.455493
-26.8923 17.2333 -19.8519 0.239774 0.832291 -0.174143 0.468517
-26.8869 17.2689 -19.9203 0.247564 0.821784 -0.178451 0.481222
-26.8784 17.3017 -20.0001 0.255058 0.81098 -0.182125 0.494087
-26.8609 17.3341 -20.0853 0.262639 0.800252 -0.185594 0.506198
-26.8341 17.3681 -20.1829 0.26996 0.789331 -0.189125 0.518043
-26.7959 17.4011 -20.2795 0.27682 0.778886 -0.192191 0.528991
-26.7433 17.4287 -20.3805 0.282816 0.768779 -0.194949 0.539486
-26.6724 17.4631 -20.479 0.28902 0.759101 -0.19803 0.548704
-26.5938 17.4921 -20.5786 0.294361 0.750121 -0.200298 0.557318
-26.5013 17.5126 -20.6836 0.298453 0.742141 -0.202285 0.565057
-26.3947 17.53 -20.7948 0.310089 0.73139 -0.196797 0.574662
-26.2833 17.5425 -20.9071 0.322343 0.721076 -0.18952 0.583336
-26.1671 17.5683 -21.0275 0.334746 0.710668 -0.181658 0.591563
-26.0422 17.587 -21.1493 0.347703 0.700688 -0.172105 0.598807
-25.9111 17.6029 -21.2881 0.36021 0.690898 -0.16153 0.605695
-25.7803 17.6202 -21.4361 0.372961 0.681091 -0.149677 0.612097
-25.642 17.648 -21.5818 0.385911 0.671919 -0.137813 0.616972
-25.4996 17.6785 -21.7432 0.398687 0.66269 -0.12511 0.621521
-25.3574 17.7252 -21.8987 0.411483 0.654139 -0.112424 0.624655
-25.2156 17.7878 -22.0629 0.424147 0.645847 -0.100144 0.6269
-25.0809 17.846 -22.2461 0.436379 0.637348 -0.0863978 0.629242
-24.934 17.8964 -22.4466 0.447802 0.629236 -0.0725267 0.631131
-24.8028 17.9678 -22.6419 0.459226 0.621616 -0.0586241 0.631916
-24.666 18.039 -22.8587 0.470144 0.61394 -0.0451556 0.632499
-24.5243 18.1128 -23.0821 0.480647 0.606708 -0.0322861 0.63237
-24.3916 18.1977 -23.3123 0.490608 0.600051 -0.0200877 0.631578
-24.2666 18.2817 -23.5583 0.499795 0.593796 -0.00841525 0.630547
-24.1497 18.3612 -23.8128 0.508368 0.58852 0.0028306 0.62869
-24.0644 18.4319 -24.0739 0.515261 0.583821 0.014061 0.627306
-23.9926 18.5222 -24.3348 0.522019 0.579176 0.0227563 0.625769
-23.9415 18.5927 -24.5857 0.521017 0.582018 0.024028 0.623916
-23.91 18.6736 -24.8352 0.519962 0.584412 0.0247075 0.622532
-23.8846 18.7641 -25.075 0.519521 0.586407 0.024837 0.621016
-23.8443 18.846 -25.3032 0.519001 0.58843 0.0251499 0.619525
-23.7681 18.9264 -25.5114 0.519227 0.59 0.0251408 0.61784
-23.6575 18.9819 -25.7039 0.518897 0.591751 0.0253491 0.616434
-23.5329 19.0364 -25.877 0.518468 0.593106 0.0253403 0.61549
-23.387 19.0758 -26.028 0.518451 0.594277 0.0251653 0.614383
-23.2316 19.0994 -26.1612 0.518341 0.595274 0.0249446 0.613519
-23.0807 19.1328 -26.2823 0.519027 0.595523 0.0244138 0.61272
-22.9239 19.1533 -26.3824 0.520146 0.595396 0.0241258 0.611905
-22.7759 19.1721 -26.4816 0.520702 0.594816 0.0235137 0.61202
-22.6382 19.1907 -26.5796 0.520803 0.594038 0.0229503 0.612711
-22.4967 19.1956 -26.6602 0.521238 0.592881 0.0228557 0.613464
-22.367 19.2049 -26.7394 0.521386 0.591339 0.0225438 0.614836
-22.2377 19.2194 -26.8115 0.522223 0.588871 0.021775 0.616521
-22.1162 19.2287 -26.8797 0.522648 0.586094 0.0210493 0.618827
-21.9975 19.2378 -26.9392 0.515891 0.589039 0.0128756 0.621918
-21.8855 19.2465 -26.9916 0.507978 0.592321 0.0035112 0.625427
-21.78 19.2589 -27.0397 0.499508 0.595395 -0.00648933 0.629295
-21.6926 19.267 -27.0878 0.489054 0.598766 -0.0168777 0.634094
-21.6017 19.2724 -27.1269 0.478752 0.601768 -0.0280571 0.638704
-21.5262 19.277 -27.1725 0.466343 0.604803 -0.0394692 0.644387
-21.4571 19.2855 -27.2022 0.454336 0.60768 -0.0512252 0.649412
-21.3882 19.2973 -27.231 0.442293 0.609998 -0.0636216 0.654435
-21.335 19.3074 -27.2599 0.429235 0.612135 -0.075769 0.65982
-21.2849 19.323 -27.284 0.416645 0.613922 -0.0881094 0.664678
-21.2429 19.3272 -27.2954 0.404178 0.616119 -0.0993173 0.668751
-21.2111 19.3393 -27.3146 0.39111 0.617558 -0.110818 0.67337
-21.1858 19.3521 -27.3279 0.378659 0.619052 -0.122173 0.677141
-21.1648 19.3586 -27.3345 0.366982 0.620553 -0.132637 0.680219
-21.154 19.3705 -27.3386 0.356145 0.621976 -0.142649 0.682651
-21.149 19.3784 -27.3385 0.346053 0.623564 -0.151791 0.684416
-21.1374 19.3819 -27.3415 0.336965 0.625243 -0.159655 0.685631
-21.1236 19.3891 -27.3421 0.329121 0.627354 -0.166717 0.68583
-21.1047 19.3939 -27.3488 0.322524 0.629482 -0.172565 0.68557
-21.079 19.3963 -27.3596 0.317597 0.631782 -0.177043 0.68461
-21.0543 19.4038 -27.3775 0.314159 0.633979 -0.180159 0.683353
-21.0215 19.4068 -27.3941 0.312617 0.636866 -0.181653 0.680974
-20.9819 19.4078 -27.413 0.31303 0.640389 -0.181589 0.677492
-20.9417 19.4101 -27.4337 0.315879 0.644169 -0.179748 0.67306
-20.8969 19.4161 -27.4542 0.321004 0.648399 -0.176115 0.667514
-20.843 19.4092 -27.4774 0.32759 0.65305 -0.170532 0.661199
-20.7845 19.4136 -27.503 0.336192 0.657554 -0.164328 0.653951
-20.7171 19.407 -27.5365 0.345672 0.662135 -0.156682 0.646216
-20.6535 19.4117 -27.5663 0.356603 0.666913 -0.147794 0.637399
-20.581 19.4055 -27.6002 0.368014 0.671447 -0.138061 0.628269
-20.4986 19.3996 -27.6421 0.380126 0.675401 -0.128054 0.618872
-20.4248 19.3962 -27.6765 0.392935 0.679619 -0.116337 0.608479
-20.3366 19.3957 -27.7238 0.405721 0.683058 -0.105619 0.598107
-20.2442 19.3913 -27.767 0.41892 0.686223 -0.0939925 0.587225
-20.15 19.3876 -27.8166 0.431629 0.688789 -0.0821822 0.576698
-20.0529 19.3793 -27.8672 0.442706 0.691503 -0.0684599 0.56676
-19.9527 19.371 -27.9182 0.453539 0.693769 -0.055165 0.55679
-19.8531 19.3658 -27.9741 0.463941 0.695396 -0.0426735 0.547206
-19.746 19.3662 -28.0254 0.474681 0.696367 -0.0314812 0.537436
-19.6347 19.3597 -28.0743 0.484648 0.697188 -0.0212744 0.527892
-19.5181 19.352 -28.1108 0.494474 0.697559 -0.0122967 0.518495
-19.3949 19.3412 -28.1538 0.502904 0.697687 -0.00482585 0.510274
-19.2766 19.338 -28.1979 0.509682 0.6974 0.00120389 0.503926
-19.151 19.3335 -28.2411 0.507294 0.702515 0.00262734 0.499169
-19.0123 19.3294 -28.2945 0.505611 0.706039 0.00371601 0.49589
-18.8703 19.3152 -28.3672 0.503922 0.708299 0.0054754 0.494366
-18.7253 19.305 -28.4274 0.502697 0.709696 0.00670099 0.493597
-18.5754 19.2966 -28.5049 0.501586 0.70987 0.00764591 0.49446
-18.4185 19.2904 -28.5648 0.500963 0.709691 0.00831724 0.495339
-18.2615 19.2757 -28.6292 0.500579 0.708847 0.0095445 0.49691
-18.1035 19.2583 -28.695 0.500382 0.707525 0.0107414 0.498966
-17.945 19.2412 -28.7775 0.500066 0.705601 0.0119971 0.502002
-17.7765 19.2215 -28.8536 0.499906 0.703615 0.0130853 0.504912
-17.6228 19.2098 -28.926 0.500003 0.701417 0.0139932 0.507842
-17.4448 19.1798 -29.0048 0.499959 0.699477 0.0147958 0.51053
-17.2648 19.1372 -29.0886 0.497112 0.699515 0.0141537 0.513269
-17.0915 19.0988 -29.1718 0.493332 0.700514 0.012032 0.515602
-16.9156 19.0467 -29.2545 0.489529 0.701828 0.0101874 0.517476
-16.7413 18.9821 -29.3328 0.486182 0.703382 0.0083705 0.518552
-16.5843 18.9182 -29.4047 0.483672 0.705028 0.00646353 0.518692
-16.4257 18.7902 -29.4651 0.480822 0.707672 0.00584304 0.517748
-16.283 18.6516 -29.5152 0.478797 0.710347 0.00516543 0.515967
-16.1367 18.4442 -29.5273 0.477003 0.714394 0.00637649 0.512013
-16.0183 18.2716 -29.5393 0.476107 0.718094 0.00737794 0.507641
-15.8877 18.075 -29.5332 0.47525 0.722576 0.00919981 0.502024
-15.7369 17.8677 -29.505 0.475079 0.727637 0.0119992 0.494727
-15.5915 17.6812 -29.4781 0.474725 0.732684 0.0154953 0.48747
-15.4363 17.4933 -29.4451 0.474211 0.738159 0.0190227 0.479519
-15.2612 17.3092 -29.3906 0.474442 0.743859 0.0228428 0.470226
-15.063 17.1148 -29.3192 0.474869 0.749588 0.0276408 0.460333
-14.8667 16.9447 -29.2409 0.470299 0.758124 0.0297364 0.450819
-14.667 16.7851 -29.1516 0.464528 0.766799 0.0321789 0.441873
-14.4423 16.6427 -29.0304 0.459587 0.775171 0.0350587 0.432104
-14.2271 16.5405 -28.8975 0.454717 0.782871 0.0384431 0.42299
-14.0117 16.4598 -28.7472 0.450017 0.790436 0.0421381 0.41349
-13.807 16.4024 -28.5914 0.445011 0.797535 0.0464693 0.404717
-13.6221 16.3783 -28.4284 0.440223 0.803873 0.0511032 0.396779
-13.4524 16.3639 -28.2634 0.435272 0.809587 0.0565388 0.389823
-13.2962 16.3696 -28.0972 0.430693 0.814493 0.0621383 0.383792
-13.1546 16.3945 -27.9284 0.426602 0.818368 0.0677285 0.379142
-13.0218 16.4259 -27.7608 0.423447 0.821258 0.0737797 0.375282
-12.9075 16.4603 -27.5963 0.420147 0.823397 0.0802252 0.372975
-12.8032 16.4963 -27.4368 0.41704 0.824608 0.0868254 0.372309
-12.7068 16.5308 -27.2822 0.404101 0.829819 0.0893276 0.374401
-12.6177 16.5623 -27.1313 0.389659 0.834824 0.0911493 0.378126
-12.5334 16.5862 -26.987 0.374065 0.839375 0.0925476 0.383422
-12.4542 16.607 -26.8493 0.357412 0.843524 0.0933984 0.38994
-12.3779 16.6199 -26.7205 0.339456 0.847335 0.0938389 0.397541
-12.3064 16.6293 -26.5989 0.320864 0.850592 0.0935843 0.405997
-12.2382 16.6286 -26.49 0.301366 0.853357 0.0932875 0.415103
-12.1747 16.6249 -26.3886 0.28078 0.855688 0.0926136 0.424778
-12.1076 16.6221 -26.2972 0.26048 0.857473 0.0912053 0.434309
-12.0523 16.6146 -26.2121 0.239533 0.858755 0.089448 0.444091
-12.007 16.6009 -26.1381 0.218571 0.85937 0.0878866 0.453915
-11.9628 16.5924 -26.0699 0.197952 0.85973 0.0857523 0.463011
-11.9229 16.5799 -26.0144 0.177477 0.859713 0.0838338 0.471614
-11.8882 16.5684 -25.9665 0.157782 0.85936 0.081693 0.479567
-11.8657 16.5599 -25.921 0.139022 0.85884 0.0790112 0.486701
-11.842 16.5561 -25.8894 0.121411 0.858154 0.0762797 0.493016
-11.822 16.5543 -25.8645 0.104808 0.857616 0.0731753 0.498205
-11.8066 16.5547 -25.845 0.0897306 0.857384 0.0699802 0.502041
-11.7986 16.557 -25.8313 0.0764429 0.857533 0.0667968 0.504414
-11.7951 16.5598 -25.8281 0.0649538 0.858005 0.0638329 0.505603
-11.7887 16.5572 -25.8213 0.0639507 0.858476 0.0659632 0.504657
-11.7791 16.5542 -25.8105 0.0635004 0.859762 0.0669411 0.502392
-11.7675 16.5477 -25.7947 0.0632394 0.861612 0.0671134 0.499174
-11.7523 16.5375 -25.7723 0.0633135 0.864202 0.0665996 0.494737
-11.7359 16.5274 -25.7489 0.0641847 0.867138 0.0652537 0.48964
-11.7132 16.515 -25.7153 0.0652179 0.870837 0.0630805 0.483181
-11.6859 16.4993 -25.6782 0.0667565 0.87494 0.0604718 0.475835
-11.6529 16.479 -25.6396 0.0682592 0.879328 0.057211 0.467871
-11.6165 16.4581 -25.5933 0.0699056 0.88409 0.0531344 0.459051
-11.5771 16.4334 -25.5421 0.071748 0.889056 0.048573 0.449583
-11.5382 16.4004 -25.4889 0.0734019 0.894069 0.0438637 0.439751
-11.4889 16.3721 -25.4307 0.0755683 0.899299 0.0379589 0.429141
-11.4371 16.3359 -25.3711 0.0773777 0.904417 0.0320792 0.418409
-11.3773 16.2969 -25.3056 0.0791544 0.909605 0.0258298 0.40711
-11.3087 16.2554 -25.2431 0.0807041 0.914691 0.0190115 0.395622
-11.2427 16.2046 -25.1759 0.0822078 0.919536 0.0119677 0.384192
-11.1681 16.1509 -25.1113 0.0835199 0.924209 0.00469499 0.372681
-11.0901 16.0868 -25.0472 0.0850519 0.928631 -0.00233024 0.361187
-11.0076 16.0119 -24.9815 0.0860731 0.93284 -0.00904812 0.349815
-10.9179 15.9352 -24.9176 0.0870239 0.936737 -0.0168949 0.338697
-10.8276 15.846 -24.8575 0.0901135 0.939976 -0.0236112 0.328356
-10.7293 15.7541 -24.798 0.0923828 0.943037 -0.0308144 0.318194
-10.6337 15.6562 -24.7244 0.0942137 0.945754 -0.038239 0.308647
-10.5357 15.5594 -24.6465 0.0955065 0.948142 -0.0462929 0.299689
-10.4342 15.4592 -24.5632 0.0961758 0.950254 -0.0544268 0.291302
-10.3336 15.3557 -24.4798 0.0964588 0.952013 -0.0625558 0.283733
-10.2309 15.2408 -24.4048 0.0962624 0.953479 -0.0700202 0.277057
-10.1231 15.1232 -24.3133 0.0962676 0.954768 -0.077247 0.270619
-10.0095 14.9994 -24.2162 0.0976166 0.955703 -0.0837028 0.264854
-9.89183 14.8628 -24.1279 0.0988404 0.956356 -0.0898401 0.259988
-9.76985 14.7208 -24.0355 0.100116 0.956771 -0.0951116 0.256068
-9.63445 14.5838 -23.9456 0.101607 0.956905 -0.0999176 0.253133
-9.4825 14.4569 -23.8556 0.102685 0.95691 -0.10435 0.250883
-9.30561 14.3427 -23.7707 0.103811 0.956728 -0.106002 0.250418
-9.11322 14.2508 -23.6866 0.103693 0.95646 -0.106664 0.251212
-8.9064 14.1614 -23.6059 0.10445 0.95604 -0.106847 0.252414
-8.6923 14.0805 -23.5151 0.10547 0.955488 -0.107128 0.253957
-8.47445 13.9948 -23.4244 0.106735 0.954737 -0.107791 0.255966
-8.25451 13.9038 -23.322 0.108231 0.953874 -0.108596 0.258206
-8.03966 13.7965 -23.2135 0.109428 0.952884 -0.109609 0.260911
-7.83203 13.6641 -23.0959 0.113733 0.951416 -0.103953 0.266681
-7.62794 13.5224 -22.9675 0.119091 0.949504 -0.0977385 0.273419
-7.42892 13.3655 -22.8456 0.124883 0.947121 -0.0900324 0.281625
-7.20272 13.197 -22.7107 0.132302 0.944814 -0.0809421 0.288659
-6.98318 13.035 -22.5904 0.139419 0.941919 -0.0718621 0.297054
-6.77513 12.8731 -22.4805 0.146851 0.938421 -0.0611359 0.306783
-6.57466 12.72 -22.3638 0.1548 0.934308 -0.0493981 0.317362
-6.37495 12.592 -22.2063 0.163339 0.930002 -0.0376402 0.32719
-6.20883 12.4846 -22.0005 0.172057 0.925289 -0.0247336 0.337164
-6.09119 12.4061 -21.7571 0.180724 0.920104 -0.0115321 0.347373
-5.98589 12.345 -21.5047 0.189497 0.914606 0.00172686 0.357266
-5.86878 12.2797 -21.2717 0.198376 0.908678 0.0152808 0.367114
-5.7313 12.1983 -21.0531 0.207186 0.902568 0.0289668 0.37638
-5.55972 12.0976 -20.8802 0.216155 0.896075 0.0427942 0.385421
-5.36923 11.9925 -20.7337 0.225022 0.889439 0.0557737 0.393968
-5.16864 11.8801 -20.6194 0.233649 0.882625 0.068872 0.402113
-4.96533 11.7729 -20.5184 0.242283 0.875849 0.0810534 0.409485
-4.75643 11.6669 -20.4316 0.250317 0.869374 0.0923837 0.415996
-4.54389 11.566 -20.3533 0.258134 0.863069 0.102951 0.42183
-4.3322 11.4679 -20.2835 0.265815 0.857106 0.112488 0.42675
-4.12973 11.373 -20.2202 0.27346 0.851402 0.121474 0.430859
-3.92025 11.2825 -20.1595 0.280565 0.846379 0.129306 0.433895
-3.72754 11.1875 -20.1018 0.287423 0.841771 0.136554 0.436148
-3.52841 11.1033 -20.0517 0.294043 0.837528 0.142482 0.438
-3.32672 11.0211 -20.0005 0.29991 0.834122 0.147077 0.439005
-3.12865 10.9378 -19.9489 0.305128 0.831347 0.150872 0.439382
-2.9372 10.8543 -19.8984 0.310106 0.828971 0.154053 0.439287
-2.74713 10.7761 -19.8468 0.31457 0.827219 0.156049 0.438707
-2.56275 10.6943 -19.7973 0.318165 0.825903 0.157533 0.438066
-2.37461 10.6241 -19.7506 0.321879 0.824958 0.157992 0.436965
-2.1899 10.5531 -19.7048 0.324702 0.824608 0.157699 0.435644
-2.00785 10.4819 -19.6562 0.326862 0.824878 0.156408 0.433977
-1.82793 10.4133 -19.6141 0.32846 0.825285 0.154694 0.432612
-1.65086 10.3443 -19.5704 0.329383 0.82628 0.152065 0.430937
-1.47711 10.2856 -19.5342 0.329803 0.827439 0.14841 0.429667
-1.30455 10.2359 -19.5088 0.329575 0.828799 0.144304 0.428613
-1.12485 10.1959 -19.4982 0.328332 0.830522 0.13985 0.427713
-0.949962 10.1753 -19.5065 0.326891 0.83212 0.134976 0.427272
-0.78038 10.1623 -19.5116 0.324277 0.834328 0.128956 0.426821
-0.60921 10.1593 -19.526 0.3206 0.836632 0.122358 0.427028
-0.442685 10.1573 -19.5418 0.316387 0.838975 0.115503 0.427486
-0.275264 10.1635 -19.5632 0.311238 0.841453 0.107673 0.428436
-0.117853 10.1621 -19.5848 0.305424 0.843866 0.100213 0.429683
0.039864 10.1637 -19.6098 0.298756 0.846389 0.0920038 0.43124
0.19676 10.1773 -19.6324 0.291796 0.848926 0.0829051 0.432865
0.345086 10.1849 -19.6507 0.28411 0.851503 0.0739687 0.43453
0.489101 10.1903 -19.6811 0.27594 0.853821 0.0651049 0.436662
0.634846 10.2042 -19.7025 0.267659 0.856301 0.0553679 0.438297
0.773172 10.2059 -19.7092 0.258796 0.859017 0.0462256 0.439367
0.897449 10.206 -19.7173 0.24962 0.861635 0.0372708 0.440396
1.02378 10.2139 -19.7402 0.24071 0.86391 0.0283048 0.441568
1.1421 10.2319 -19.7555 0.231948 0.866145 0.0185901 0.442392
1.23932 10.2426 -19.7642 0.22296 0.868361 0.00966717 0.442955
1.33451 10.2501 -19.7774 0.214 0.870554 0.00116062 0.443171
1.41834 10.2645 -19.7803 0.20535 0.872875 -0.00742722 0.442641
1.4978 10.2723 -19.7952 0.197038 0.874947 -0.0154039 0.44212
1.55613 10.2742 -19.8064 0.189011 0.876912 -0.0223967 0.441435
1.62081 10.2886 -19.8144 0.181637 0.879129 -0.0296734 0.439686
1.68861 10.2971 -19.8233 0.174641 0.881502 -0.0362179 0.437273
1.74579 10.3005 -19.8357 0.168255 0.883799 -0.0418261 0.434629
1.79364 10.3058 -19.8409 0.16261 0.886145 -0.0468057 0.431485
1.83901 10.3138 -19.8465 0.157708 0.888578 -0.0512369 0.42778
1.8826 10.3187 -19.8589 0.153346 0.891073 -0.0550344 0.423687
1.92617 10.3247 -19.8668 0.149704 0.893757 -0.0584088 0.418854
1.96815 10.3288 -19.8779 0.146756 0.896432 -0.0612356 0.413748
2.00568 10.3339 -19.8892 0.144261 0.899136 -0.0638227 0.408329
2.03663 10.3331 -19.9011 0.142032 0.901845 -0.0658411 0.402781
2.06332 10.3311 -19.9097 0.140026 0.904619 -0.0672154 0.396991
2.08903 10.3252 -19.9217 0.138384 0.907406 -0.0682802 0.390981
2.12008 10.3187 -19.9251 0.136849 0.910446 -0.0691953 0.384232
2.14105 10.3145 -19.9356 0.1353 0.9133 -0.0699922 0.377813
2.16351 10.3131 -19.9441 0.134042 0.916114 -0.0708318 0.371232
2.17322 10.3031 -19.9492 0.132465 0.918885 -0.0707757 0.36491
2.18815 10.2998 -19.9496 0.13104 0.921737 -0.0710804 0.358106
2.20037 10.2964 -19.9561 0.129474 0.924427 -0.0713816 0.351625
2.20555 10.294 -19.9606 0.127676 0.927018 -0.0717337 0.345328
2.20866 10.288 -19.9659 0.125578 0.929545 -0.0718514 0.33923
2.21421 10.2838 -19.9687 0.123403 0.932041 -0.0720435 0.33308
2.21115 10.2815 -19.976 0.120487 0.934373 -0.0724605 0.327479
2.21671 10.2732 -19.9829 0.117191 0.936583 -0.0728196 0.32224
2.22793 10.2641 -19.9859 0.115579 0.938435 -0.0728273 0.317398
2.24544 10.2551 -19.9907 0.114181 0.940024 -0.072944 0.313144
2.27315 10.2429 -19.9895 0.112999 0.94152 -0.0732254 0.308985
2.30557 10.2265 -19.989 0.111887 0.942783 -0.0736364 0.305419
2.355 10.2115 -19.982 0.111161 0.944028 -0.0744327 0.301623
2.39269 10.1935 -19.9831 0.110063 0.945022 -0.0751352 0.298723
2.42555 10.1783 -19.9822 0.109448 0.945831 -0.0760337 0.296153
2.45169 10.1622 -19.9802 0.108969 0.94651 -0.076739 0.293967
2.47737 10.1518 -19.9709 0.108738 0.947156 -0.0776592 0.291726
2.49535 10.141 -19.9701 0.108302 0.947622 -0.0786643 0.290097
2.5123 10.1337 -19.9647 0.107968 0.94808 -0.0798402 0.288403
2.52657 10.1239 -19.9629 0.10774 0.948444 -0.0809216 0.286984
2.53206 10.118 -19.9651 0.107761 0.948556 -0.0820821 0.286277
2.53639 10.1153 -19.9614 0.108177 0.948704 -0.0832954 0.285275
2.53126 10.1098 -19.9659 0.108489 0.94865 -0.0845402 0.284972
2.53309 10.1068 -19.9633 0.109042 0.948715 -0.0857098 0.284194
2.53313 10.106 -19.962 0.10972 0.94864 -0.0871164 0.283755
2.53145 10.1033 -19.9618 0.110396 0.948515 -0.0885451 0.283467
2.53672 10.1032 -19.9556 0.111617 0.948427 -0.0901727 0.282771
2.53769 10.1016 -19.9551 0.11269 0.948235 -0.0918901 0.282435
2.5375 10.0976 -19.9491 0.124912 0.946684 -0.0901633 0.283055
2.53661 10.0935 -19.9488 0.13882 0.944676 -0.0881739 0.283908
2.53829 10.0886 -19.9386 0.154205 0.942302 -0.0856435 0.284636
2.5347 10.08 -19.9448 0.170761 0.939246 -0.0826091 0.286177
2.53001 10.0754 -19.9464 0.188309 0.935654 -0.079392 0.287842
2.53273 10.0672 -19.9454 0.207037 0.931469 -0.07577 0.289525
2.54142 10.0584 -19.9383 0.226434 0.926729 -0.0717712 0.291229
2.55081 10.0433 -19.9394 0.246317 0.921237 -0.0673553 0.29356
2.56684 10.029 -19.9343 0.266629 0.915132 -0.0627401 0.295927
2.58612 10.0095 -19.9321 0.286803 0.908404 -0.0578337 0.298777
2.61211 9.99081 -19.9237 0.306751 0.90119 -0.0519021 0.301883
2.63884 9.97149 -19.9169 0.326375 0.893356 -0.0459205 0.305537
2.67331 9.94781 -19.9092 0.345672 0.885038 -0.0398454 0.309353
2.71244 9.92211 -19.8993 0.364357 0.876332 -0.0338972 0.313374
2.75197 9.89566 -19.8878 0.382233 0.867186 -0.0281343 0.318062
2.79826 9.86137 -19.8795 0.399286 0.857699 -0.0220425 0.323274
2.84993 9.82958 -19.8673 0.415216 0.848122 -0.0167333 0.328749
2.90679 9.79718 -19.8533 0.430161 0.838295 -0.0117624 0.334895
2.96391 9.75916 -19.8426 0.443539 0.828498 -0.00687871 0.34189
3.03126 9.72065 -19.8238 0.455695 0.818891 -0.00270122 0.349033
3.10433 9.68032 -19.8063 0.458156 0.813883 -0.00052351 0.357435
3.18135 9.6384 -19.7874 0.460476 0.808494 0.00193801 0.366562
3.25931 9.59293 -19.7683 0.463096 0.802377 0.00496495 0.376539
3.34322 9.54484 -19.7485 0.465489 0.796019 0.00824325 0.386883
3.42418 9.48802 -19.73 0.467734 0.789167 0.0123706 0.397948
3.50792 9.43254 -19.7069 0.469779 0.782012 0.0164616 0.409352
3.60297 9.36857 -19.6713 0.471637 0.77506 0.020656 0.420107
3.70352 9.30056 -19.6372 0.473278 0.767897 0.0249894 0.43104
3.80507 9.22239 -19.603 0.474434 0.76076 0.0297127 0.441987
3.90512 9.14601 -19.5649 0.475282 0.753447 0.0344417 0.45312
4.00839 9.07495 -19.5242 0.475958 0.745923 0.0388564 0.464362
4.10893 9.00401 -19.4732 0.476328 0.738523 0.0434389 0.475277
4.22307 8.93179 -19.4044 0.476744 0.731625 0.0477552 0.485016
4.33332 8.84732 -19.349 0.47652 0.724721 0.0525785 0.495
4.45195 8.77019 -19.2871 0.476488 0.718041 0.0568101 0.504265
4.57841 8.7034 -19.2138 0.476649 0.711709 0.0599219 0.512654
4.70063 8.62643 -19.1328 0.476418 0.70621 0.0632986 0.520016
4.8298 8.54778 -19.057 0.476181 0.700959 0.0661704 0.526929
4.978 8.47197 -18.9898 0.476466 0.695796 0.0683007 0.533206
5.11047 8.38849 -18.9149 0.476078 0.691713 0.0704044 0.538561
5.27333 8.32029 -18.8449 0.475477 0.688514 0.0696697 0.543268
5.43378 8.24458 -18.759 0.475539 0.686213 0.069179 0.546177
5.60205 8.17491 -18.6782 0.476129 0.68402 0.0682873 0.548522
5.76501 8.09511 -18.5937 0.476361 0.68268 0.0677296 0.550054
5.92263 8.03165 -18.494 0.477257 0.681521 0.0662123 0.5509
6.0745 7.96229 -18.3771 0.47827 0.681038 0.0642136 0.550855
6.22242 7.89354 -18.2602 0.479217 0.680753 0.0616648 0.550678
6.36647 7.80554 -18.1311 0.479841 0.68151 0.059361 0.54945
6.49604 7.71281 -17.9829 0.480622 0.68317 0.0570627 0.546945
6.62608 7.64627 -17.849 0.481743 0.683989 0.0530556 0.545336
6.75327 7.54896 -17.7002 0.481937 0.686505 0.0495745 0.542325
6.8812 7.47594 -17.5651 0.481972 0.688508 0.0440832 0.540223
6.99114 7.38569 -17.4165 0.480934 0.691417 0.0394593 0.537788
7.09676 7.28734 -17.2609 0.479347 0.695055 0.0347735 0.534829
7.20217 7.17986 -17.1055 0.476772 0.699231 0.0298759 0.53198
7.29871 7.08482 -16.9348 0.473714 0.704199 0.0239265 0.528447
7.40379 6.98454 -16.7703 0.469589 0.709491 0.0177136 0.525288
7.50146 6.87817 -16.5967 0.464193 0.715638 0.0115439 0.521906
7.61562 6.80143 -16.4289 0.458513 0.72164 0.00309092 0.518777
7.72472 6.71623 -16.2588 0.450797 0.728286 -0.00436687 0.516233
7.83524 6.62113 -16.0873 0.441276 0.735654 -0.011033 0.513913
7.94553 6.51681 -15.9021 0.430318 0.743918 -0.0176931 0.511114
8.03194 6.36514 -15.7615 0.417893 0.75169 -0.0249684 0.509751
8.14917 6.19507 -15.6374 0.405455 0.759637 -0.0327231 0.507569
8.2682 6.03525 -15.5138 0.392729 0.766954 -0.041386 0.505941
8.36826 5.86038 -15.3764 0.378282 0.774392 -0.0488481 0.504951
8.42372 5.70445 -15.1916 0.363695 0.781494 -0.0568191 0.503896
8.47651 5.55709 -14.9959 0.349223 0.787903 -0.0652392 0.50313
8.52935 5.40149 -14.7871 0.334837 0.794052 -0.0733582 0.502129
8.57677 5.23573 -14.5867 0.320198 0.799195 -0.0803416 0.502446
8.62362 5.07294 -14.3773 0.306233 0.80353 -0.0874918 0.503047
8.67595 4.90468 -14.1673 0.292611 0.807086 -0.0942037 0.504245
8.7196 4.74113 -13.9536 0.279908 0.809436 -0.100873 0.506396
8.76506 4.57445 -13.7389 0.268365 0.810605 -0.107129 0.509479
8.81737 4.40372 -13.5027 0.25827 0.811405 -0.112633 0.512229
8.85723 4.22913 -13.2794 0.249044 0.810391 -0.117606 0.517259
8.89865 4.04894 -13.0536 0.24244 0.808287 -0.122023 0.522637
8.93664 3.86195 -12.8257 0.236652 0.804919 -0.12527 0.529667
8.9663 3.67973 -12.5983 0.233365 0.800225 -0.126938 0.537779
8.98452 3.50544 -12.3701 0.23258 0.794003 -0.129283 0.546704
8.98588 3.32945 -12.1386 0.234808 0.786077 -0.129979 0.556943
8.98046 3.14775 -11.9052 0.237223 0.77746 -0.130419 0.567802
8.95935 2.97341 -11.6766 0.241808 0.767199 -0.130562 0.579666
8.92048 2.80254 -11.4445 0.248772 0.755751 -0.129103 0.591951
8.86462 2.6439 -11.2113 0.257347 0.743105 -0.127346 0.604541
8.81394 2.48749 -10.9781 0.267556 0.729488 -0.124954 0.61706
8.74797 2.33449 -10.7518 0.2778 0.714795 -0.121493 0.630276
8.68799 2.21068 -10.5023 0.290478 0.699399 -0.118382 0.642309
8.64161 2.08137 -10.2528 0.303705 0.683525 -0.114184 0.653932
8.6149 1.93787 -9.99419 0.317016 0.668008 -0.108802 0.664482
8.59911 1.81904 -9.74716 0.331163 0.651179 -0.104 0.674971
8.59033 1.70469 -9.49833 0.34543 0.634032 -0.0981271 0.684949
8.59419 1.59911 -9.2486 0.359323 0.617467 -0.0921979 0.693702
8.62358 1.50512 -9.0006 0.373469 0.601347 -0.0860087 0.701146
8.71737 1.40398 -8.77633 0.38724 0.585825 -0.0801041 0.707486
8.86206 1.27917 -8.5958 0.400658 0.571554 -0.0733852 0.712399
9.00414 1.1336 -8.42102 0.413313 0.558263 -0.0676744 0.716263
9.12362 1.00685 -8.23516 0.425891 0.546777 -0.0624189 0.718229
9.24013 0.865336 -8.05011 0.43702 0.537196 -0.0570124 0.719222
9.37155 0.70962 -7.86261 0.447824 0.528928 -0.0518671 0.719094
9.48589 0.574125 -7.67746 0.457798 0.523218 -0.0472967 0.717304
9.59699 0.43313 -7.49013 0.466749 0.519894 -0.0425606 0.714242
9.70687 0.290943 -7.3016 0.474727 0.518397 -0.0380408 0.710317
9.81531 0.154632 -7.12278 0.481497 0.51853 -0.0339801 0.705855
9.92423 0.0142965 -6.94392 0.487827 0.520121 -0.0300545 0.700497
10.0322 -0.117479 -6.75913 0.494175 0.523227 -0.0268585 0.693834
10.137 -0.252391 -6.57099 0.500114 0.527852 -0.0233247 0.686161
10.2364 -0.385249 -6.39743 0.504633 0.533423 -0.0197509 0.678616
10.3384 -0.519555 -6.21976 0.508566 0.539585 -0.0166077 0.67085
10.4424 -0.652563 -6.03837 0.512289 0.546557 -0.0141341 0.662378
10.5474 -0.788296 -5.85165 0.516202 0.553958 -0.0110062 0.653188
10.645 -0.918709 -5.6788 0.51913 0.561378 -0.00805161 0.64452
10.7415 -1.04819 -5.49902 0.521317 0.569625 -0.00549546 0.635485
10.8398 -1.17933 -5.3163 0.523399 0.577911 -0.00307735 0.626242
10.9244 -1.31567 -5.14002 0.524949 0.5856 0.000495962 0.617754
11.0215 -1.44805 -4.96404 0.52668 0.5926 0.00374303 0.609541
11.1165 -1.58225 -4.78193 0.527496 0.600084 0.00684339 0.601436
11.2137 -1.7112 -4.60594 0.528471 0.606314 0.00975189 0.594249
11.3345 -1.84513 -4.43755 0.529959 0.61118 0.0123701 0.587861
11.4446 -1.95965 -4.25967 0.532395 0.614841 0.0132548 0.581791
11.5242 -2.07485 -4.08427 0.530862 0.620068 0.0135267 0.577627
11.61 -2.19178 -3.90853 0.529651 0.624161 0.0137279 0.574315
11.7149 -2.32341 -3.7366 0.528457 0.627549 0.0138521 0.571716
11.8145 -2.45004 -3.57073 0.527601 0.629367 0.0145043 0.570489
11.899 -2.57101 -3.39463 0.526835 0.630606 0.0150232 0.569818
11.9938 -2.69541 -3.22729 0.526186 0.630794 0.0157945 0.570186
12.0849 -2.80999 -3.05797 0.525599 0.630129 0.0155867 0.57147
12.1757 -2.92664 -2.89104 0.525703 0.628409 0.0163329 0.573242
12.2623 -3.04021 -2.72389 0.52587 0.626127 0.0172744 0.575555
12.3503 -3.15993 -2.55152 0.526318 0.623533 0.0181266 0.577928
12.4303 -3.27433 -2.37232 0.526278 0.620762 0.018325 0.580934
12.5125 -3.39103 -2.20895 0.527003 0.616652 0.0194363 0.584603
12.5961 -3.50688 -2.04578 0.527361 0.612257 0.0199595 0.588868
12.672 -3.625 -1.88655 0.52781 0.607421 0.0209155 0.59342
12.7575 -3.73994 -1.72041 0.528328 0.602606 0.0213145 0.597839
12.839 -3.85348 -1.54993 0.528925 0.597491 0.021679 0.602411
12.9223 -3.96555 -1.38784 0.529661 0.591876 0.0222715 0.607267
12.996 -4.07293 -1.21782 0.530484 0.586327 0.0227455 0.611894
13.0645 -4.17472 -1.04904 0.531341 0.5808 0.0232517 0.616386
13.1299 -4.27683 -0.879772 0.532086 0.575369 0.0240629 0.620788
13.2063 -4.38747 -0.714103 0.526746 0.575266 0.0185562 0.625609
13.2758 -4.47088 -0.536187 0.521643 0.575653 0.0119919 0.629673
13.3599 -4.57437 -0.369253 0.515325 0.576721 0.00452524 0.633982
13.4492 -4.67973 -0.202789 0.508647 0.578119 -0.00310094 0.638095
13.5412 -4.78598 -0.0539215 0.501242 0.579686 -0.0116676 0.642421
13.6157 -4.8842 0.127861 0.494096 0.582385 -0.0201684 0.645297
13.7053 -4.98751 0.275569 0.486099 0.584467 -0.0292068 0.649131
13.7951 -5.08658 0.420204 0.47787 0.586665 -0.0384768 0.652763
13.8717 -5.18957 0.580367 0.46959 0.589588 -0.0471781 0.655562
13.9525 -5.29015 0.729998 0.461055 0.592378 -0.0562427 0.658383
14.0244 -5.3951 0.903904 0.453363 0.595949 -0.064301 0.659764
14.1021 -5.50587 1.05214 0.445087 0.598908 -0.0721253 0.661906
14.1787 -5.6106 1.2142 0.438115 0.601875 -0.0793839 0.663035
14.2533 -5.7079 1.36504 0.431363 0.604319 -0.0864668 0.664351
14.3269 -5.80926 1.51601 0.425437 0.606505 -0.092586 0.665355
14.399 -5.909 1.66158 0.420133 0.608374 -0.0977481 0.666281
14.4792 -6.01791 1.80656 0.415946 0.610095 -0.10206 0.666688
14.5495 -6.11421 1.94682 0.412366 0.611346 -0.105649 0.667207
14.6157 -6.20663 2.10132 0.409978 0.612649 -0.108108 0.667089
14.6861 -6.30898 2.25752 0.409361 0.613513 -0.108959 0.666535
14.7688 -6.40305 2.38693 0.410102 0.612992 -0.10934 0.666497
14.8289 -6.50989 2.54919 0.41202 0.613539 -0.107201 0.665159
14.8873 -6.60772 2.70621 0.415121 0.613128 -0.104009 0.664114
14.9665 -6.71344 2.8509 0.419384 0.611972 -0.100239 0.663083
15.0369 -6.81449 2.99632 0.424814 0.610312 -0.0956763 0.661828
15.1071 -6.91278 3.13707 0.430687 0.608306 -0.0903426 0.660629
15.1784 -7.02142 3.28294 0.437233 0.606207 -0.0838746 0.659109
15.2501 -7.11444 3.44127 0.444979 0.603868 -0.077395 0.656863
15.3247 -7.21265 3.58968 0.452962 0.601092 -0.0704631 0.654728
15.4022 -7.32179 3.72786 0.461201 0.597891 -0.0627298 0.652692
15.4779 -7.42508 3.86696 0.469745 0.594326 -0.0547036 0.650574
15.5538 -7.53428 4.01323 0.478489 0.590746 -0.0461978 0.648118
15.6233 -7.62651 4.15309 0.487098 0.586874 -0.0379458 0.645754
15.7011 -7.73639 4.30539 0.49581 0.583306 -0.0293755 0.642798
15.77 -7.83692 4.45127 0.504498 0.579319 -0.0204688 0.639982
15.8434 -7.9487 4.59641 0.512426 0.575536 -0.0118651 0.63731
15.885 -7.99908 4.67949 0.52064 0.571552 -0.00408607 0.634328
