0 0 0 0 0 0 1
0.170182 0.0196951 0.0976772 0.00795911 -0.0116211 0.00448814 0.999891
0.377699 0.075333 0.209805 0.0188226 -0.0228758 0.0100761 0.99951
0.566729 0.118066 0.341411 0.020039 -0.0331749 0.0141649 0.999148
0.749123 0.166251 0.46986 0.0218594 -0.0428126 0.0176031 0.998689
0.94016 0.227896 0.592706 0.0254338 -0.0532297 0.0215568 0.998026
1.13928 0.298655 0.714077 0.0299426 -0.0646606 0.0258866 0.997123
1.32535 0.360914 0.841627 0.0334886 -0.075154 0.0295293 0.996172
1.4989 0.43058 0.957956 0.0383271 -0.0835849 0.0326345 0.995229
1.68826 0.488567 1.07617 0.0414085 -0.0938925 0.0355737 0.994085
1.87519 0.544181 1.18627 0.0440826 -0.103309 0.0382689 0.992935
2.05906 0.57428 1.27733 0.0442226 -0.110862 0.0388177 0.992093
2.24001 0.599269 1.37049 0.043781 -0.118376 0.0390444 0.991235
2.40495 0.624928 1.44457 0.0441712 -0.122668 0.0384396 0.990719
2.57187 0.660934 1.53507 0.0454258 -0.128985 0.0390429 0.989837
2.73361 0.692343 1.62497 0.0463479 -0.135308 0.039541 0.988929
2.89414 0.723802 1.71421 0.0472251 -0.141733 0.0403213 0.987956
3.05414 0.745354 1.79298 0.0476058 -0.147138 0.0402129 0.987152
3.21009 0.763261 1.86643 0.0477861 -0.15189 0.0399579 0.986434
3.36305 0.786037 1.94043 0.0484328 -0.157066 0.0407424 0.985559
3.5132 0.809586 2.01171 0.0491268 -0.162588 0.0417076 0.984588
3.65932 0.831271 2.07604 0.0496315 -0.166982 0.0427717 0.983781
3.81167 0.846017 2.14397 0.0498602 -0.171385 0.0431001 0.982999
3.97016 0.860726 2.21052 0.0486459 -0.176419 0.0433229 0.982158
4.13357 0.870262 2.27801 0.0470951 -0.181328 0.043355 0.981339
4.28544 0.868645 2.33983 0.045435 -0.184982 0.0426669 0.980765
4.4493 0.872238 2.40453 0.0440712 -0.189701 0.0428141 0.979919
4.59651 0.886987 2.4653 0.0441379 -0.192437 0.0436178 0.979347
4.74259 0.899369 2.52686 0.0443294 -0.195041 0.0444038 0.978788
4.88108 0.908318 2.57743 0.0446806 -0.196187 0.044886 0.978521
5.02745 0.901244 2.63241 0.0440093 -0.197843 0.0441977 0.978249
5.16424 0.906631 2.68146 0.0444764 -0.198175 0.0443385 0.978155
5.31279 0.893575 2.73579 0.0437619 -0.199249 0.0435136 0.978006
5.46666 0.890425 2.79113 0.0435639 -0.200055 0.0426139 0.97789
5.61765 0.900938 2.84596 0.0440045 -0.200175 0.0421157 0.977867
5.77312 0.918938 2.90084 0.0450542 -0.199962 0.0418636 0.977874
5.93723 0.924716 2.96135 0.0452941 -0.199871 0.0407437 0.977929
6.10233 0.939577 3.02213 0.0460368 -0.199016 0.0395989 0.978116
6.2881 0.960579 3.08518 0.0467355 -0.197921 0.0383749 0.978353
6.4675 0.988114 3.13885 0.0473501 -0.195126 0.037246 0.978929
6.66211 1.01816 3.20149 0.0479722 -0.192451 0.0355452 0.979491
6.85425 1.05395 3.24795 0.0487803 -0.18772 0.0338973 0.980427
7.04723 1.08983 3.29484 0.0494875 -0.182539 0.0312134 0.981459
7.25927 1.13143 3.33143 0.0500893 -0.175913 0.0287976 0.982712
7.49179 1.18031 3.36727 0.0507557 -0.168975 0.0264927 0.983959
7.72775 1.22248 3.39288 0.0512926 -0.161062 0.0233728 0.985336
7.99964 1.28161 3.4314 0.0519356 -0.154087 0.0208254 0.986475
8.34292 1.36564 3.54891 0.0527755 -0.153213 0.0201942 0.98658
8.69147 1.44366 3.66288 0.0535953 -0.152253 0.0197858 0.986692
9.08157 1.52797 3.79101 0.0545145 -0.15116 0.0179055 0.986846
9.44043 1.60211 3.90593 0.0550911 -0.147637 0.0156273 0.987386
9.84471 1.69526 4.03833 0.0558805 -0.146346 0.0148055 0.987547
10.2585 1.78735 4.17217 0.0564653 -0.145494 0.0146467 0.987641
10.6635 1.87325 4.3008 0.0570277 -0.144794 0.0141997 0.987719
11.0349 1.95672 4.42837 0.0571874 -0.143312 0.0130255 0.987942
11.4021 2.03926 4.5524 0.0571672 -0.14258 0.012095 0.988061
11.7316 2.11921 4.66085 0.0573295 -0.142173 0.0108216 0.988124
12.0361 2.19613 4.76063 0.057624 -0.142019 0.00997256 0.988139
12.2895 2.2641 4.8387 0.0580736 -0.142 0.00970553 0.988118
12.4914 2.32298 4.89922 0.058877 -0.141856 0.00860804 0.988101
12.6409 2.37631 4.93912 0.0598918 -0.142016 0.00773966 0.988024
12.7316 2.41816 4.9608 0.0607597 -0.142315 0.00709203 0.987933
12.7676 2.45765 4.97204 0.0616748 -0.142413 0.00561792 0.987872
12.7185 2.49149 4.96121 0.0624309 -0.142868 0.00418476 0.987766
12.5993 2.51779 4.93155 0.0626602 -0.14335 0.0022972 0.987688
12.3912 2.53792 4.88305 0.0620282 -0.143831 -0.000641647 0.987661
12.13 2.55859 4.82458 0.0605869 -0.144679 -0.0034985 0.98762
11.8367 2.57595 4.75514 0.0593125 -0.145459 -0.00679063 0.987567
11.4913 2.58961 4.66588 0.0581251 -0.146107 -0.00950998 0.987519
11.1465 2.6047 4.57623 0.0567937 -0.14823 -0.0109578 0.987265
10.7822 2.62138 4.479 0.0556181 -0.149046 -0.0125473 0.98719
10.4175 2.63318 4.37324 0.0550674 -0.149854 -0.0145869 0.987071
10.0543 2.6464 4.26668 0.0543583 -0.150496 -0.015187 0.987003
9.71126 2.66745 4.17312 0.0536337 -0.152127 -0.0148491 0.986798
9.40044 2.69965 4.08409 0.0528118 -0.152995 -0.0135081 0.986728
9.13113 2.74969 4.0252 0.0525458 -0.156487 -0.0106053 0.98623
8.86689 2.78789 3.94715 0.051936 -0.157332 -0.00780022 0.986154
8.6417 2.82478 3.88118 0.0510352 -0.158164 -0.00487475 0.986087
8.46434 2.87823 3.85339 0.0499852 -0.160955 -0.000783139 0.9857
8.32098 2.94796 3.81712 0.0492697 -0.161848 0.00374684 0.985584
8.23235 3.02817 3.81668 0.0484764 -0.164017 0.00915946 0.985229
8.17263 3.11737 3.81411 0.0476362 -0.165056 0.0153223 0.98502
8.14729 3.20855 3.8182 0.046763 -0.165475 0.0215258 0.984875
8.11631 3.31259 3.82707 0.044181 -0.166095 0.0292025 0.984693
8.13331 3.43513 3.854 0.0414681 -0.166628 0.037673 0.984433
8.17948 3.57027 3.90416 0.0379827 -0.166274 0.0460549 0.984277
8.2433 3.71227 3.96812 0.0338594 -0.165223 0.0545501 0.98417
8.31167 3.85937 4.04842 0.0289543 -0.162227 0.0624787 0.984354
8.40777 4.01478 4.132 0.0243046 -0.159708 0.0717168 0.984262
8.39254 4.1365 4.25361 0.0165715 -0.149758 0.0787965 0.985445
8.36386 4.24415 4.37545 0.00786894 -0.137817 0.0860148 0.98669
8.33524 4.34909 4.50022 -0.00114401 -0.124775 0.0932087 0.987803
8.30249 4.44989 4.62564 -0.010572 -0.110519 0.09997 0.988783
8.26945 4.53045 4.74092 -0.0209423 -0.0952455 0.107218 0.989448
8.24268 4.61249 4.85242 -0.0309112 -0.0796081 0.11382 0.98983
8.21299 4.6802 4.96319 -0.0417201 -0.0629425 0.120139 0.989888
8.18757 4.74699 5.06399 -0.0519187 -0.046383 0.126564 0.989519
8.16611 4.80351 5.15802 -0.0624324 -0.029719 0.133017 0.988706
8.14598 4.85306 5.2482 -0.0729224 -0.0131208 0.13906 0.987514
8.12772 4.90379 5.32617 -0.0827198 0.00321454 0.145139 0.985949
8.11204 4.95036 5.39596 -0.091954 0.0186918 0.15071 0.984121
8.09687 4.98891 5.46336 -0.101461 0.0339995 0.15605 0.981943
8.08421 5.02316 5.52267 -0.110375 0.0483047 0.161398 0.979514
8.0726 5.0539 5.5745 -0.118688 0.0615597 0.166128 0.977005
8.06213 5.07814 5.62053 -0.126753 0.0738738 0.170559 0.974371
8.05638 5.10004 5.65333 -0.133799 0.0846577 0.175283 0.97171
8.05066 5.11951 5.68432 -0.14021 0.0946126 0.179385 0.969135
8.04552 5.13569 5.70723 -0.146187 0.103472 0.181833 0.966889
8.04287 5.1464 5.71863 -0.151978 0.1105 0.180174 0.965527
8.0419 5.15355 5.72853 -0.157414 0.116368 0.179071 0.964172
8.04074 5.16005 5.73856 -0.162099 0.121325 0.177806 0.963017
8.03749 5.16969 5.75229 -0.165952 0.125691 0.176861 0.961975
8.03442 5.18123 5.76458 -0.168617 0.128931 0.176032 0.961234
8.03296 5.18572 5.7756 -0.17118 0.131222 0.175624 0.960546
8.03083 5.19596 5.7861 -0.172497 0.132497 0.175407 0.960174
8.02764 5.2047 5.8002 -0.173088 0.133191 0.17511 0.960027
8.02343 5.21877 5.81612 -0.172233 0.132706 0.1748 0.960304
8.01874 5.23171 5.83011 -0.170612 0.131943 0.174976 0.960666
8.01283 5.24702 5.85198 -0.167873 0.129786 0.175052 0.961428
8.00777 5.26372 5.86718 -0.163642 0.126929 0.175059 0.962538
8.00162 5.2784 5.89461 -0.159364 0.123322 0.175946 0.963562
7.99149 5.30151 5.92641 -0.153566 0.118271 0.172076 0.965833
7.98139 5.32496 5.959 -0.147356 0.11151 0.165079 0.968821
7.973 5.34485 5.99414 -0.140819 0.103756 0.157642 0.971889
7.96062 5.37367 6.03137 -0.132246 0.0952565 0.148356 0.975419
7.95011 5.39918 6.0716 -0.123492 0.08559 0.138781 0.978866
7.93956 5.42513 6.11332 -0.114201 0.0752962 0.128291 0.982265
7.92613 5.45594 6.1581 -0.103618 0.0643243 0.116519 0.985679
7.91133 5.48911 6.20472 -0.0923225 0.0531611 0.104177 0.988844
7.89833 5.52255 6.25534 -0.0807229 0.0412245 0.0914086 0.991687
7.88391 5.55632 6.30691 -0.068929 0.0289632 0.0783391 0.994127
7.86799 5.59093 6.36413 -0.0570383 0.0167013 0.064706 0.996141
7.85209 5.62775 6.42535 -0.0446937 0.00425343 0.0510429 0.997695
7.83825 5.66315 6.48631 -0.0326462 -0.00846311 0.0372211 0.998746
7.82273 5.70368 6.54787 -0.0202498 -0.0210293 0.0232295 0.999312
7.80754 5.74527 6.61386 -0.00814148 -0.0334818 0.00915002 0.999372
7.7871 5.7949 6.68168 0.00452889 -0.0452508 -0.0051819 0.99896
7.77091 5.83672 6.75283 0.0159554 -0.0570724 -0.018891 0.998072
7.75329 5.88619 6.82995 0.0275336 -0.06832 -0.0324854 0.996762
7.73581 5.94288 6.91631 0.0391482 -0.0790422 -0.045777 0.995058
7.72176 5.99504 7.00974 0.0496874 -0.0893169 -0.0582749 0.993063
7.70926 6.04402 7.11199 0.0590984 -0.0990398 -0.070168 0.990854
7.68736 6.09185 7.21171 0.0673055 -0.107089 -0.0814637 0.988626
7.66748 6.14499 7.3051 0.0697651 -0.116712 -0.0765019 0.987763
7.64371 6.18868 7.40215 0.0708594 -0.125141 -0.071753 0.987009
7.62658 6.23821 7.50127 0.0721754 -0.132814 -0.0676385 0.986202
7.61252 6.28959 7.60201 0.073303 -0.13963 -0.0643418 0.985397
7.59144 6.33678 7.70265 0.0735471 -0.14483 -0.0616425 0.984801
7.56419 6.38204 7.80564 0.0729594 -0.148121 -0.0596484 0.984478
7.53703 6.43754 7.91189 0.0731343 -0.149905 -0.0587448 0.984249
7.51361 6.48793 8.01239 0.0730133 -0.150428 -0.0585747 0.984188
7.49333 6.53508 8.1059 0.072714 -0.149531 -0.0592376 0.984308
7.47353 6.57493 8.19271 0.0717991 -0.146932 -0.0605058 0.984689
7.45572 6.61415 8.27154 0.0710596 -0.142777 -0.0628462 0.985208
7.44027 6.65231 8.34288 0.0704945 -0.137083 -0.0662029 0.985837
7.4269 6.68747 8.40208 0.0696517 -0.129958 -0.0703266 0.986576
7.41215 6.71941 8.45714 0.0685602 -0.120543 -0.075542 0.987462
7.40127 6.74431 8.50275 0.0632606 -0.11098 -0.0816778 0.988448
7.39614 6.76516 8.54054 0.0562036 -0.100683 -0.0894377 0.989304
7.38881 6.78088 8.57246 0.0477765 -0.0885418 -0.0975324 0.990143
7.38253 6.78556 8.59643 0.0368881 -0.0749409 -0.10563 0.9909
7.37884 6.78727 8.61307 0.0242999 -0.0600755 -0.114189 0.991353
7.37629 6.78308 8.62048 0.00941454 -0.0443802 -0.112561 0.992618
7.3706 6.77911 8.63662 -0.00693399 -0.0274783 -0.102482 0.994341
7.36534 6.78506 8.65759 -0.0239669 -0.00954038 -0.0913913 0.99549
7.36032 6.7933 8.68628 -0.0421116 0.00899308 -0.0792316 0.995935
7.35308 6.80698 8.72135 -0.0606418 0.0282337 -0.0660697 0.995579
7.34437 6.8221 8.7633 -0.0800763 0.0477889 -0.0520977 0.994288
7.33429 6.84037 8.81187 -0.0999626 0.067383 -0.0375099 0.992007
7.32021 6.86122 8.86921 -0.120009 0.0873761 -0.0223539 0.988678
7.30615 6.87765 8.93695 -0.140132 0.106384 -0.0074992 0.984382
7.2911 6.90465 9.00613 -0.159955 0.124862 0.00829916 0.979171
7.27254 6.94244 9.07559 -0.179235 0.144364 0.0256278 0.972829
7.25247 6.97673 9.15621 -0.197445 0.161489 0.0413567 0.966047
7.23171 7.01397 9.23945 -0.214448 0.178705 0.0585512 0.958471
7.21244 7.05144 9.32378 -0.230436 0.192431 0.0746028 0.95096
7.19117 7.08839 9.40615 -0.243589 0.206824 0.0916953 0.943133
7.16986 7.11914 9.49472 -0.256865 0.218508 0.106478 0.935392
7.14922 7.15999 9.58691 -0.26849 0.225994 0.120998 0.928557
7.12815 7.20099 9.68137 -0.278723 0.23089 0.134789 0.922419
7.10596 7.24304 9.77754 -0.286998 0.233145 0.14764 0.917332
7.08455 7.28583 9.87344 -0.293386 0.231479 0.159462 0.913748
7.06067 7.32989 9.97323 -0.297678 0.227492 0.170256 0.91141
7.03552 7.37451 10.0719 -0.299582 0.220279 0.179486 0.910788
7.00757 7.42403 10.1732 -0.300484 0.207535 0.180822 0.913215
6.98012 7.4701 10.2744 -0.299471 0.192548 0.182164 0.916559
6.95299 7.51791 10.3717 -0.295158 0.175906 0.184661 0.920793
6.91696 7.56987 10.4838 -0.289329 0.157926 0.185427 0.925736
6.88848 7.61018 10.5997 -0.28309 0.137837 0.187486 0.930446
6.85495 7.65949 10.7191 -0.274548 0.116891 0.189732 0.935405
6.82106 7.71351 10.843 -0.264137 0.0948948 0.192526 0.940309
6.79202 7.76726 10.9625 -0.252445 0.0710045 0.196694 0.944755
6.76099 7.82412 11.0835 -0.23932 0.0467314 0.201162 0.948734
6.72903 7.88386 11.2064 -0.225473 0.0222654 0.206368 0.951893
6.71991 7.90056 11.2268 -0.209526 -0.00294844 0.212695 0.954396
6.68576 7.96002 11.3556 -0.194917 -0.0273754 0.219048 0.955666
6.65005 8.0178 11.4935 -0.180985 -0.0518639 0.223921 0.956261
6.61371 8.07769 11.6345 -0.167236 -0.0768469 0.223369 0.957213
6.57719 8.13831 11.7783 -0.153703 -0.10103 0.223045 0.957309
6.53833 8.20438 11.9199 -0.139726 -0.123952 0.221855 0.957035
6.49839 8.28099 12.0706 -0.12541 -0.145801 0.219906 0.956388
6.45818 8.36024 12.2176 -0.11192 -0.165951 0.218366 0.95513
6.41696 8.43128 12.365 -0.100004 -0.18397 0.216932 0.953477
6.3752 8.50208 12.5071 -0.0892388 -0.19966 0.215625 0.951684
6.36294 8.51356 12.6835 -0.0843522 -0.215212 0.212734 0.949388
6.3927 8.48899 12.8635 -0.0807252 -0.229581 0.206751 0.947658
6.43178 8.49626 13.0386 -0.0773622 -0.242637 0.202348 0.945634
6.48597 8.49864 13.1991 -0.074591 -0.253467 0.197029 0.944137
6.56132 8.52565 13.3654 -0.0715845 -0.263667 0.19222 0.942567
6.65439 8.54878 13.5329 -0.0693545 -0.272896 0.186544 0.941246
6.74877 8.60571 13.7023 -0.0658892 -0.281169 0.182166 0.939917
6.86616 8.67622 13.8754 -0.0642399 -0.288745 0.177724 0.938584
6.94798 8.81011 14.0415 -0.0589451 -0.294458 0.175993 0.937483
7.07088 8.94491 14.2127 -0.0564396 -0.300169 0.173676 0.936257
7.0963 9.08814 14.4077 -0.0520261 -0.303206 0.174856 0.935314
7.11891 9.20131 14.5909 -0.0489783 -0.304064 0.174753 0.935219
7.15316 9.33837 14.7713 -0.0448596 -0.304536 0.175388 0.935154
7.17599 9.48362 14.9531 -0.0411216 -0.303713 0.176224 0.935436
7.25737 9.6467 15.1033 -0.0374989 -0.302362 0.176986 0.935883
7.29959 9.80979 15.2647 -0.0338889 -0.299687 0.177597 0.936764
7.45869 9.87969 15.3745 -0.0326948 -0.298954 0.176588 0.937232
7.63262 9.92692 15.4865 -0.0307026 -0.298469 0.174933 0.937764
7.80354 9.97177 15.5961 -0.0287279 -0.297785 0.17365 0.938283
7.97467 10.0051 15.7064 -0.0269386 -0.297221 0.17207 0.938805
8.14896 10.0427 15.811 -0.0249251 -0.296713 0.170427 0.939322
8.23968 10.0283 15.867 -0.0220465 -0.296605 0.163503 0.940657
8.32795 9.99593 15.9238 -0.0194054 -0.296437 0.156742 0.941919
8.38086 9.96971 15.9626 -0.0168196 -0.29599 0.149806 0.943236
8.42756 9.94241 15.9944 -0.0142981 -0.295949 0.143105 0.944331
8.46974 9.91308 16.0199 -0.0114059 -0.295778 0.135026 0.945613
8.50339 9.893 16.037 -0.00810355 -0.295924 0.12604 0.946841
8.5237 9.86299 16.0392 -0.00471843 -0.29605 0.118254 0.947828
8.53499 9.83075 16.0321 -0.00115737 -0.296169 0.110215 0.948771
8.51579 9.80565 16.0164 0.00219347 -0.296143 0.100474 0.949858
8.49188 9.77456 15.9788 0.00601344 -0.29675 0.0925532 0.950457
8.4819 9.75918 15.9716 0.00858864 -0.296431 0.0842419 0.951309
8.46554 9.76681 15.9861 0.00994356 -0.297111 0.0768759 0.951708
8.44024 9.78355 16.0094 0.0108303 -0.298729 0.0704779 0.951687
8.38515 9.80904 16.0467 0.0121661 -0.302096 0.0640451 0.951062
8.31907 9.83876 16.0861 0.0120652 -0.30619 0.0578909 0.950148
8.23057 9.8784 16.1384 0.0120233 -0.311774 0.0519994 0.948673
8.12992 9.92131 16.1924 0.0103374 -0.318167 0.0466891 0.946845
8.00642 9.95753 16.2348 0.00697228 -0.32533 0.0420628 0.944655
7.85816 9.99303 16.2748 0.0036592 -0.334009 0.0372377 0.941844
7.71163 10.0284 16.3086 -0.0002713 -0.344334 0.0331117 0.93828
7.53894 10.0695 16.3506 -0.00301901 -0.35544 0.027136 0.934317
7.38003 10.1103 16.3813 -0.00798228 -0.36676 0.0231377 0.930011
7.20754 10.164 16.4109 -0.0119017 -0.378225 0.0183519 0.925473
7.03419 10.2292 16.4459 -0.015638 -0.389958 0.0133837 0.920621
6.89492 10.3057 16.4941 -0.0221739 -0.402122 0.015144 0.91521
6.79781 10.4485 16.6797 -0.0282202 -0.419367 0.0180893 0.907217
6.72728 10.5895 16.8533 -0.0343337 -0.435859 0.0214132 0.899124
6.6743 10.7357 17.0429 -0.0399255 -0.452252 0.0241003 0.89069
6.62602 10.8829 17.2237 -0.0448877 -0.467465 0.0262937 0.882499
6.56084 11.0274 17.4231 -0.0501805 -0.482446 0.0281773 0.874054
6.47903 11.1713 17.6086 -0.0547233 -0.495615 0.0294431 0.866337
6.44945 11.307 17.7848 -0.0583251 -0.507243 0.0302741 0.859316
6.42447 11.4305 17.97 -0.0613868 -0.517444 0.0303568 0.852994
6.42093 11.561 18.1912 -0.0640226 -0.527301 0.0305858 0.846733
6.44689 11.6926 18.4096 -0.0654613 -0.535105 0.0310935 0.841694
6.47583 11.8422 18.6546 -0.0657773 -0.542038 0.0322422 0.837178
6.54406 11.9392 18.8025 -0.0661893 -0.542633 0.0317927 0.836777
6.59548 12.0404 18.9624 -0.0658864 -0.542734 0.032005 0.836727
6.67756 12.1209 19.1424 -0.0679273 -0.542085 0.0365259 0.8368
6.74845 12.216 19.3734 -0.0696866 -0.539612 0.0406996 0.83806
6.8281 12.3045 19.6429 -0.071322 -0.536022 0.045162 0.839996
6.90133 12.4128 19.9417 -0.0723227 -0.530455 0.0501802 0.843153
6.97393 12.5351 20.2514 -0.0726299 -0.523348 0.0556596 0.847215
7.04457 12.6623 20.5666 -0.0722851 -0.514879 0.0607953 0.852066
7.11876 12.7912 20.8909 -0.0717883 -0.505325 0.0662407 0.857405
7.2109 12.901 21.2099 -0.0716257 -0.494876 0.0719795 0.863032
7.29107 13.0054 21.4955 -0.0706608 -0.482845 0.076779 0.869489
7.37761 13.0873 21.7885 -0.0708964 -0.470577 0.080676 0.875819
7.43983 13.1769 22.1193 -0.0717173 -0.458603 0.084539 0.881721
7.5268 13.2608 22.4459 -0.0726441 -0.446986 0.0893959 0.887114
7.63723 13.3388 22.7598 -0.0738901 -0.436688 0.0944057 0.891611
7.76585 13.4138 23.0578 -0.0755206 -0.427117 0.101706 0.895299
7.90743 13.4816 23.3402 -0.0778285 -0.419038 0.106384 0.898371
8.07232 13.5481 23.6095 -0.0807018 -0.412837 0.109433 0.900619
8.22659 13.6254 23.8455 -0.0828136 -0.408006 0.114664 0.901978
8.37957 13.7175 24.0524 -0.083743 -0.404878 0.11911 0.902724
8.51192 13.8186 24.2336 -0.0844944 -0.402468 0.123772 0.903105
8.65823 13.9229 24.403 -0.0855694 -0.402897 0.128224 0.902191
8.70469 14.0476 24.568 -0.0856177 -0.40118 0.130207 0.902668
8.65718 14.2113 24.7952 -0.0851282 -0.398046 0.129461 0.904207
8.6166 14.3801 25.0417 -0.08515 -0.397944 0.128367 0.904407
8.57422 14.5596 25.2888 -0.084586 -0.399648 0.12703 0.903897
8.52171 14.7431 25.5609 -0.0846777 -0.403476 0.125798 0.90236
8.48129 14.9221 25.8042 -0.0842091 -0.408315 0.124141 0.900454
8.43454 15.0961 26.0396 -0.0838256 -0.413856 0.12205 0.898244
8.39151 15.2438 26.2561 -0.0849606 -0.419307 0.119702 0.895921
8.35026 15.3867 26.4656 -0.0863186 -0.425158 0.117296 0.89335
8.31289 15.5323 26.6702 -0.0872599 -0.431586 0.114763 0.890499
8.27721 15.6739 26.8621 -0.0879272 -0.437761 0.112349 0.887725
8.23724 15.8129 27.0547 -0.0887923 -0.443726 0.10995 0.884972
8.20249 15.9476 27.2387 -0.0894761 -0.449366 0.107669 0.882335
8.16769 16.0795 27.414 -0.089785 -0.453985 0.105294 0.880222
8.13555 16.203 27.5889 -0.0907369 -0.458163 0.10338 0.878186
8.11117 16.3227 27.7582 -0.09153 -0.461374 0.101581 0.87663
8.08028 16.4379 27.918 -0.0921398 -0.462622 0.100198 0.876068
8.05006 16.5476 28.0743 -0.0930949 -0.462369 0.0992307 0.87621
8.02247 16.6564 28.2211 -0.0932973 -0.460081 0.0986139 0.877463
7.99538 16.7589 28.3632 -0.0937015 -0.455633 0.0985844 0.879739
7.9715 16.8579 28.4999 -0.0938346 -0.44923 0.0989404 0.882974
7.94748 16.9513 28.6319 -0.0940006 -0.440446 0.0999593 0.887254
7.9246 17.0398 28.7584 -0.0940901 -0.42964 0.101617 0.892342
7.90228 17.1237 28.8784 -0.0941498 -0.416725 0.103412 0.898233
7.88078 17.2034 28.9927 -0.094124 -0.402064 0.105679 0.904633
7.86098 17.2788 29.0999 -0.0939247 -0.38571 0.108454 0.911419
7.8444 17.3486 29.2015 -0.0935692 -0.368556 0.111757 0.918131
7.82791 17.4136 29.2958 -0.0933267 -0.349639 0.11469 0.925164
7.81449 17.4727 29.3846 -0.0931772 -0.329809 0.117351 0.932103
7.80236 17.525 29.4704 -0.093263 -0.309478 0.119356 0.938786
7.79113 17.5735 29.5439 -0.0932119 -0.287817 0.122256 0.945288
7.78106 17.6174 29.6144 -0.0932086 -0.266071 0.125184 0.951256
7.77526 17.6535 29.6775 -0.0936327 -0.244114 0.127114 0.956831
7.76929 17.694 29.7315 -0.0930795 -0.221717 0.130492 0.961868
7.76426 17.7238 29.7808 -0.0935364 -0.199419 0.133022 0.966349
7.75968 17.7575 29.8239 -0.0930602 -0.17744 0.136467 0.970192
7.75531 17.7816 29.8636 -0.0932232 -0.156042 0.138863 0.973509
7.75625 17.8014 29.8987 -0.0937489 -0.135846 0.140545 0.976241
7.75525 17.8169 29.9246 -0.0943045 -0.115939 0.141952 0.978548
7.7529 17.8197 29.9482 -0.0955948 -0.0974491 0.141792 0.98046
7.75413 17.8327 29.9593 -0.0953793 -0.0812805 0.132611 0.983236
7.75242 17.8402 29.9659 -0.095881 -0.0659455 0.124148 0.985438
7.75375 17.8383 29.9677 -0.0971828 -0.0522445 0.115826 0.987144
7.75349 17.845 29.9686 -0.098279 -0.0395405 0.109217 0.988378
7.75361 17.8492 29.9729 -0.0999447 -0.0284117 0.103333 0.989227
7.75422 17.8474 29.9711 -0.102099 -0.0183592 0.0982234 0.989764
7.75908 17.8532 29.975 -0.104111 -0.00997847 0.0940888 0.990077
7.76345 17.8545 29.9771 -0.106391 -0.00281593 0.0903351 0.99023
7.77237 17.8583 29.9828 -0.108443 0.00260737 0.0874824 0.990264
7.77802 17.8638 29.9912 -0.110358 0.00712412 0.0850853 0.990239
7.78643 17.8695 29.9994 -0.112034 0.0102153 0.0833501 0.990172
7.78489 17.8733 30.0103 -0.113633 0.0129878 0.082038 0.990066
7.79088 17.878 30.0184 -0.114945 0.014106 0.0814456 0.989949
7.79329 17.883 30.0258 -0.115927 0.0142973 0.0812194 0.98985
7.79344 17.8935 30.0346 -0.115922 0.0136251 0.0817079 0.98982
7.784 17.8978 30.0447 -0.116147 0.0125507 0.0826219 0.989732
7.77743 17.9085 30.0609 -0.115794 0.0101898 0.0837696 0.989704
7.77245 17.9202 30.0768 -0.1151 0.00652405 0.0855155 0.989666
7.76319 17.9334 30.0939 -0.113712 0.00210416 0.0881675 0.989614
7.75791 17.9482 30.1099 -0.111971 -0.00360636 0.0911821 0.989535
7.7498 17.971 30.1331 -0.109472 -0.0114467 0.0830328 0.990472
7.74616 17.9865 30.1558 -0.107162 -0.021048 0.073754 0.991301
7.73954 18.011 30.18 -0.103853 -0.031358 0.0647465 0.99201
7.73314 18.0319 30.2067 -0.100475 -0.042744 0.0547837 0.992532
7.7241 18.0578 30.2352 -0.0964534 -0.0551258 0.0457577 0.992779
7.71863 18.0841 30.2629 -0.091834 -0.0686442 0.0362325 0.992767
7.71376 18.1047 30.2902 -0.0875322 -0.0833074 0.0264352 0.992343
7.70811 18.1334 30.3165 -0.0825537 -0.0985268 0.0180962 0.991561
7.70211 18.1631 30.3433 -0.0772021 -0.114547 0.0101741 0.990384
7.69633 18.1906 30.3698 -0.0717956 -0.131273 0.00279749 0.988762
7.68885 18.2224 30.3964 -0.0660126 -0.14858 -0.00325507 0.986713
7.68264 18.2505 30.4258 -0.0602234 -0.166768 -0.00961216 0.984131
7.67888 18.2727 30.4546 -0.0551249 -0.185982 -0.0155628 0.980906
7.67488 18.2965 30.4859 -0.0497092 -0.205903 -0.0207866 0.977111
7.67214 18.3249 30.5159 -0.0438852 -0.226415 -0.0237895 0.972775
7.66841 18.3532 30.5445 -0.0380843 -0.247231 -0.025124 0.967905
7.66304 18.3752 30.5695 -0.0326717 -0.268054 -0.0255863 0.962534
7.66298 18.391 30.5923 -0.0277926 -0.289843 -0.025467 0.956356
7.66136 18.4128 30.6104 -0.0220728 -0.311906 -0.0216842 0.949635
7.66468 18.4209 30.6252 -0.0175568 -0.334863 -0.0176324 0.941963
7.66242 18.4375 30.636 -0.0119474 -0.357181 -0.0097967 0.933934
7.66325 18.4473 30.6442 -0.00690478 -0.379844 -0.00124561 0.92505
7.6677 18.4492 30.6473 -0.00244453 -0.402882 0.0083235 0.915238
7.66966 18.4541 30.6465 0.00185125 -0.425236 0.02112 0.904861
7.67326 18.4601 30.6515 0.00385735 -0.447531 0.038321 0.893468
7.67457 18.4711 30.6649 0.00546164 -0.469239 0.0558498 0.881315
7.6753 18.4929 30.6847 0.00777975 -0.490257 0.0735894 0.868461
7.67836 18.5096 30.7123 0.00876766 -0.511084 0.0891466 0.854881
7.6767 18.5433 30.7473 0.0113941 -0.530603 0.106421 0.840869
7.67512 18.5792 30.7909 0.013448 -0.54934 0.122916 0.826432
7.67519 18.621 30.8357 0.014871 -0.567296 0.138772 0.811637
7.67338 18.667 30.8928 0.0159937 -0.584211 0.153492 0.79683
7.67229 18.7169 30.9573 0.0175477 -0.600248 0.167207 0.781983
7.66743 18.7658 31.0263 0.0175809 -0.614365 0.181714 0.76765
7.66377 18.8241 31.0982 0.0188172 -0.627403 0.194317 0.753867
7.65933 18.8843 31.1728 0.0194096 -0.639347 0.206943 0.740334
7.65047 18.9553 31.2513 0.0212951 -0.649342 0.218548 0.728151
7.6439 19.025 31.3405 0.0221632 -0.659003 0.227438 0.716631
7.6319 19.103 31.4279 0.0238769 -0.66623 0.236546 0.706882
7.62073 19.1827 31.5243 0.0247155 -0.672996 0.243627 0.697982
7.60896 19.2683 31.6257 0.0241984 -0.678847 0.251248 0.689584
7.59291 19.3545 31.7266 0.0230884 -0.682192 0.257383 0.684034
7.57641 19.4486 31.8405 0.0226015 -0.685718 0.262403 0.6786
7.55812 19.5436 31.9542 0.021214 -0.687472 0.266166 0.675395
7.5411 19.6386 32.08 0.0191831 -0.689644 0.267839 0.672577
7.51873 19.7392 32.2055 0.0173097 -0.689824 0.269645 0.671718
7.49615 19.8381 32.336 0.0147997 -0.689188 0.26983 0.672359
7.46755 19.9479 32.4777 0.0138941 -0.688788 0.270235 0.672623
7.43861 20.0516 32.6221 0.0113282 -0.687243 0.269224 0.674656
7.4081 20.16 32.7705 0.00845815 -0.684942 0.268231 0.677425
7.37267 20.2702 32.9232 0.00616558 -0.681744 0.266586 0.681316
7.33469 20.3877 33.0873 0.00458313 -0.678851 0.264748 0.684922
7.29347 20.4997 33.2503 0.00194101 -0.674554 0.262256 0.690121
7.24778 20.6215 33.4225 0.000763903 -0.670425 0.26036 0.694845
7.20251 20.737 33.595 -0.00194252 -0.665045 0.257304 0.701125
7.15316 20.8579 33.7742 -0.004243 -0.659509 0.255147 0.707104
7.10128 20.9818 33.9591 -0.00585973 -0.653686 0.252905 0.713281
7.0543 21.1019 34.1521 -0.00847355 -0.648105 0.248985 0.719695
7.0023 21.2292 34.3503 -0.00982248 -0.642182 0.246436 0.72584
6.94738 21.3637 34.5529 -0.0102602 -0.635895 0.245239 0.731748
6.89323 21.4965 34.7561 -0.0126497 -0.629552 0.243249 0.737836
6.84949 21.634 34.9747 -0.0148934 -0.625035 0.239812 0.742741
6.81618 21.778 35.1937 -0.0178263 -0.620062 0.236998 0.747733
6.79254 21.9419 35.4147 -0.0192624 -0.61578 0.234114 0.752129
6.7672 22.1193 35.6294 -0.0207343 -0.611135 0.232111 0.756489
6.74015 22.3008 35.8456 -0.0235822 -0.607429 0.230353 0.759917
6.69667 22.5037 36.0491 -0.0253142 -0.603185 0.230151 0.763298
6.60019 22.5999 36.0014 -0.0277862 -0.599593 0.228937 0.766399
6.5498 22.4784 35.7363 -0.0294168 -0.596774 0.228396 0.768699
6.51351 22.3399 35.4765 -0.0318156 -0.59525 0.227366 0.770086
6.46778 22.216 35.212 -0.0314108 -0.593295 0.229561 0.770962
6.41744 22.1023 34.9538 -0.0288904 -0.592678 0.236411 0.769461
6.37572 22.0058 34.7002 -0.0234462 -0.594615 0.247151 0.764766
6.36416 21.9221 34.4848 -0.0171607 -0.601849 0.237482 0.762332
6.42126 21.8861 34.1795 -0.00509685 -0.615405 0.224717 0.755527
6.29588 21.7496 34.1665 -0.0179733 -0.600125 0.226651 0.766955
6.21993 21.589 34.4004 -0.088508 -0.647569 0.309484 0.690737
6.2349 21.4339 34.2906 -0.112845 -0.643511 0.331933 0.68048
6.09612 21.392 34.56 -0.0842314 -0.643142 0.35019 0.67581
5.74593 21.7965 35.1665 0.0844939 0.805439 -0.472679 -0.34751
6.0435 20.6582 34.7216 -0.504464 -0.431777 0.491486 0.563566
5.20571 19.8099 35.1226 -0.741278 0.098672 0.331872 0.575053
5.08155 19.7701 35.3487 -0.74574 0.0883598 0.351501 0.559081
4.96078 19.7259 35.5664 -0.745421 0.0761889 0.372268 0.547736
4.85813 19.6894 35.7856 -0.74419 0.0673913 0.399945 0.530796
4.75145 19.6358 36.0026 -0.739869 0.061171 0.422797 0.519762
4.65294 19.5744 36.2382 0.738648 -0.088604 -0.456476 -0.488107
4.56926 19.4965 36.448 0.727284 -0.0791865 -0.477566 -0.486606
4.53069 19.443 36.6507 0.715778 -0.0664009 -0.50249 -0.480449
4.65885 19.4823 36.6664 -0.697848 -0.270828 0.318908 0.581401
4.60207 19.3496 36.6948 -0.567757 -0.579467 0.087231 0.578243
