0 0 0 0 0 0 1
0.0169779 -0.0590017 0.125791 -0.00716993 0.012949 -0.0103487 0.999837
0.0699088 -0.10849 0.254809 -0.0138573 0.0261476 -0.0191089 0.99938
0.118737 -0.159352 0.383154 -0.021336 0.0397877 -0.0281634 0.998583
0.15958 -0.205208 0.515449 -0.0288714 0.0538025 -0.0376178 0.997425
0.192401 -0.248217 0.648152 -0.0363664 0.0684614 -0.0472323 0.995872
0.217564 -0.286251 0.780956 -0.0436613 0.083757 -0.0574679 0.993869
0.238485 -0.324657 0.913323 -0.0512322 0.0989419 -0.0678571 0.991454
0.254436 -0.363622 1.04763 -0.05871 0.114359 -0.0779854 0.988632
0.270073 -0.402681 1.18169 -0.0659642 0.128875 -0.0878288 0.985559
0.27942 -0.444878 1.31902 -0.0732335 0.142946 -0.0969548 0.982244
0.291025 -0.488301 1.45583 -0.0803781 0.155473 -0.10551 0.978895
0.295384 -0.530736 1.60035 -0.0872672 0.167613 -0.113638 0.975386
0.288142 -0.57174 1.74986 -0.0939349 0.179516 -0.121295 0.97172
0.264681 -0.610609 1.89706 -0.100082 0.190726 -0.128557 0.968029
0.230444 -0.641084 2.04524 -0.105172 0.20091 -0.135053 0.964539
0.184624 -0.678563 2.19669 -0.110647 0.210015 -0.140918 0.961142
0.130736 -0.724767 2.34148 -0.116787 0.217301 -0.145309 0.958138
0.061589 -0.762898 2.48824 -0.121956 0.22339 -0.149102 0.955507
-0.0205188 -0.796253 2.62237 -0.125767 0.227961 -0.151445 0.953563
-0.118193 -0.830628 2.76437 -0.129579 0.231529 -0.152863 0.951965
-0.222089 -0.858256 2.89978 -0.13166 0.233301 -0.151821 0.951414
-0.324631 -0.890556 3.03013 -0.134117 0.232361 -0.150456 0.951518
-0.430411 -0.918974 3.15909 -0.13577 0.229781 -0.147573 0.952361
-0.539875 -0.944428 3.29133 -0.13655 0.2257 -0.143062 0.953912
-0.650302 -0.965751 3.41784 -0.136701 0.219764 -0.138585 0.955935
-0.751942 -0.985187 3.5433 -0.136998 0.212203 -0.133287 0.958351
-0.858341 -1.01005 3.67333 -0.137223 0.204011 -0.126071 0.961071
-0.975154 -1.0279 3.80558 -0.136808 0.195485 -0.118785 0.963826
-1.08915 -1.04586 3.94139 -0.136118 0.185974 -0.110535 0.966783
-1.20904 -1.05861 4.07209 -0.134702 0.176098 -0.102701 0.969691
-1.3219 -1.07292 4.19943 -0.132954 0.164949 -0.0933547 0.972832
-1.4455 -1.08253 4.3229 -0.130448 0.154225 -0.0842368 0.975758
-1.56592 -1.09751 4.46327 -0.129439 0.143086 -0.0754547 0.978305
-1.69789 -1.10032 4.60194 -0.127045 0.132784 -0.0671884 0.980671
-1.82947 -1.11889 4.74865 -0.126462 0.122593 -0.0583899 0.982635
-1.96226 -1.11078 4.88553 -0.123807 0.112866 -0.049729 0.984613
-2.0051 -1.10237 4.89426 -0.12169 0.0930491 -0.0433223 0.987248
-2.12678 -1.12476 5.04011 -0.122361 0.0834201 -0.0355802 0.988335
-2.25136 -1.13681 5.17774 -0.121998 0.0747834 -0.0289137 0.989288
-2.38831 -1.15066 5.34329 -0.123008 0.067331 -0.0225885 0.989863
-2.52656 -1.16001 5.51619 -0.124004 0.0610657 -0.0170993 0.990255
-2.66397 -1.17362 5.69042 -0.125873 0.0557765 -0.0122625 0.990403
-2.79151 -1.18143 5.86171 -0.12702 0.0507008 -0.00795352 0.990573
-2.91759 -1.17933 6.02982 -0.127551 0.046211 -0.00441959 0.990747
-3.04473 -1.186 6.21381 -0.129506 0.0425057 -0.000982038 0.990669
-3.17125 -1.18979 6.40281 -0.131528 0.0394662 0.00202729 0.990527
-3.29225 -1.19811 6.59833 -0.13393 0.0364071 0.0048238 0.990312
-3.41322 -1.2026 6.8039 -0.13618 0.0337549 0.00748545 0.990083
-3.53641 -1.19601 7.02363 -0.137686 0.0315697 0.00989405 0.989925
-3.65416 -1.19036 7.26068 -0.139671 0.0292735 0.0124237 0.98969
-3.76554 -1.18283 7.50553 -0.141524 0.0272585 0.0151484 0.989446
-3.87425 -1.17864 7.76986 -0.143853 0.0251328 0.017229 0.989132
-3.94604 -1.20789 8.03679 -0.148876 0.0219623 0.0207745 0.988396
-4.02779 -1.19359 8.3126 -0.149455 0.0181522 0.0227948 0.988342
-4.12058 -1.18113 8.59167 -0.149588 0.0152317 0.0245178 0.98833
-4.20152 -1.16606 8.86852 -0.149673 0.0112375 0.0274588 0.988293
-4.27615 -1.16446 9.13521 -0.150322 0.00679393 0.0309933 0.98813
-4.35485 -1.1586 9.38762 -0.149594 0.00215379 0.034503 0.988146
-4.4268 -1.1553 9.63196 -0.148706 -0.00349364 0.0390124 0.988108
-4.48797 -1.15666 9.87187 -0.148096 -0.0108408 0.0448483 0.987899
-4.54748 -1.15997 10.1057 -0.147018 -0.0190247 0.0513243 0.987621
-4.6049 -1.17059 10.3252 -0.146173 -0.0276489 0.0586931 0.987132
-4.65123 -1.17955 10.5259 -0.143926 -0.037181 0.0659402 0.986692
-4.69659 -1.19314 10.725 -0.142143 -0.0469939 0.0728707 0.986044
-4.70256 -1.20569 10.9128 -0.140093 -0.060333 0.0811342 0.984965
-4.72508 -1.21293 11.0893 -0.137067 -0.0721429 0.0891623 0.983902
-4.74415 -1.22728 11.2732 -0.134639 -0.0840317 0.0974006 0.982512
-4.77277 -1.23849 11.4493 -0.131344 -0.0943315 0.10545 0.981192
-4.79768 -1.25709 11.6329 -0.12863 -0.104159 0.113511 0.979656
-4.81136 -1.27528 11.8215 -0.12581 -0.114826 0.12142 0.977881
-4.84822 -1.30458 12.0115 -0.12332 -0.122115 0.128638 0.97639
-4.89363 -1.33207 12.2098 -0.12064 -0.128325 0.135003 0.975069
-4.93338 -1.35745 12.4227 -0.118377 -0.133982 0.141167 0.973711
-4.97085 -1.38516 12.633 -0.116536 -0.13815 0.146675 0.972537
-5.0135 -1.42122 12.8486 -0.115162 -0.140483 0.151332 0.971652
-5.06043 -1.46543 13.0618 -0.114542 -0.140982 0.154893 0.971092
-5.1123 -1.51189 13.2808 -0.114469 -0.139726 0.157506 0.970861
-5.17956 -1.56139 13.4901 -0.114289 -0.136224 0.158233 0.971262
-5.26057 -1.6161 13.7028 -0.115306 -0.130251 0.158076 0.971987
-5.36171 -1.68098 13.9093 -0.117633 -0.121876 0.1568 0.973
-5.49378 -1.75049 14.0996 -0.121022 -0.111141 0.154437 0.974247
-5.65282 -1.80761 14.2735 -0.124631 -0.0981911 0.150661 0.975774
-5.83619 -1.86687 14.4374 -0.129719 -0.082456 0.145699 0.977319
-6.02484 -1.91152 14.5994 -0.134799 -0.0655529 0.139275 0.978848
-6.21103 -1.9409 14.7692 -0.140007 -0.0473228 0.132359 0.980126
-6.39642 -1.96615 14.94 -0.145231 -0.0281135 0.124242 0.981168
-6.50027 -1.99378 15.0446 -0.151062 -0.00856353 0.115559 0.981713
-6.6738 -2.00794 15.2407 -0.157468 0.0114976 0.106776 0.981672
-6.85315 -2.02969 15.4297 -0.16453 0.0332074 0.0982502 0.980909
-7.04527 -2.04992 15.6206 -0.17021 0.0556991 0.0863047 0.980044
-7.23925 -2.06674 15.8103 -0.175246 0.0786014 0.0747562 0.978535
-7.44281 -2.08305 16.014 -0.180806 0.10229 0.0630924 0.976153
-7.63919 -2.10558 16.2262 -0.186811 0.124969 0.0518423 0.97304
-7.82834 -2.13061 16.4454 -0.193304 0.14619 0.0412533 0.969314
-8.01006 -2.15695 16.6691 -0.199087 0.165766 0.0316028 0.965348
-8.18936 -2.17247 16.8963 -0.203369 0.183961 0.0225538 0.961406
-8.35936 -2.21141 17.1393 -0.209807 0.200157 0.0139846 0.95694
-8.52478 -2.24516 17.3734 -0.21362 0.215601 0.00560364 0.952818
-8.68255 -2.28423 17.6091 -0.217405 0.229999 -0.00274359 0.948599
-8.80548 -2.3174 17.8396 -0.220058 0.239901 -0.00900686 0.94549
-8.91221 -2.34828 18.0759 -0.222944 0.247453 -0.0150987 0.942787
-8.99272 -2.36266 18.3056 -0.224778 0.252254 -0.01882 0.94101
-9.06613 -2.36642 18.5447 -0.227444 0.255738 -0.0229255 0.939337
-9.11969 -2.35707 18.7735 -0.229244 0.256211 -0.0255934 0.938701
-9.17165 -2.3288 18.9945 -0.229057 0.256503 -0.0270238 0.938627
-9.20785 -2.30055 19.2 -0.228028 0.253305 -0.0274698 0.939732
-9.24402 -2.26995 19.397 -0.226144 0.249574 -0.0270212 0.941199
-9.28539 -2.24517 19.5907 -0.224379 0.246071 -0.0266672 0.942552
-9.31069 -2.22729 19.7714 -0.222148 0.238849 -0.0228841 0.945035
-9.32926 -2.22652 19.9358 -0.219863 0.228367 -0.0195747 0.948229
-9.35923 -2.22681 20.0948 -0.216004 0.21857 -0.0144732 0.951511
-9.38358 -2.23757 20.2439 -0.213593 0.206767 -0.0063373 0.954776
-9.40971 -2.24422 20.3805 -0.208903 0.194794 0.0024872 0.958344
-9.44721 -2.2662 20.515 -0.207497 0.185067 0.00901449 0.960535
-9.48228 -2.28972 20.6475 -0.208637 0.175094 0.0143763 0.962091
-9.49437 -2.31868 20.7645 -0.208383 0.167184 0.0181854 0.963487
-9.5299 -2.34249 20.8783 -0.208631 0.159595 0.0248313 0.964572
-9.56209 -2.36125 20.9889 -0.208815 0.153065 0.0294761 0.965459
-9.59414 -2.39077 21.0891 -0.209475 0.147976 0.0341533 0.965956
-9.62287 -2.43214 21.176 -0.210392 0.144188 0.0377285 0.966196
-9.63769 -2.45852 21.2536 -0.211553 0.141445 0.0420619 0.96617
-9.66934 -2.48338 21.295 -0.212336 0.140415 0.0456481 0.965985
-9.69184 -2.50379 21.3263 -0.21325 0.139357 0.0490397 0.965771
-9.72113 -2.50316 21.3453 -0.212878 0.14 0.051411 0.965636
-9.74731 -2.50345 21.3653 -0.213859 0.140598 0.0539914 0.965192
-9.77069 -2.49743 21.3849 -0.214288 0.141967 0.0563852 0.964759
-9.78085 -2.4906 21.3879 -0.213851 0.142902 0.06005 0.964498
-9.78045 -2.48365 21.392 -0.214225 0.14363 0.0645232 0.964017
-9.78442 -2.47271 21.3985 -0.21555 0.144032 0.0672272 0.963477
-9.79402 -2.46664 21.4003 -0.216355 0.144151 0.069522 0.963116
-9.80227 -2.45173 21.3985 -0.216713 0.144056 0.0717807 0.962884
-9.80449 -2.45052 21.4068 -0.218936 0.142502 0.0744039 0.962413
-9.80766 -2.43901 21.4288 -0.221253 0.140635 0.0772706 0.961932
-9.8131 -2.42519 21.4431 -0.22394 0.136696 0.0796481 0.961684
-9.84004 -2.42542 21.4726 -0.226666 0.135136 0.083186 0.960967
-9.87581 -2.42374 21.5033 -0.230038 0.134968 0.0881423 0.959746
-9.87802 -2.40768 21.4961 -0.232691 0.130952 0.0934412 0.959162
-9.88992 -2.39832 21.4926 -0.234129 0.12905 0.0988576 0.958526
-9.91069 -2.39658 21.4988 -0.237735 0.125691 0.102804 0.95767
-9.89965 -2.38593 21.4805 -0.239088 0.119873 0.110332 0.957241
-9.86552 -2.37279 21.3773 -0.236314 0.105028 0.117568 0.958812
-9.83241 -2.38046 21.2888 -0.239105 0.0862073 0.122383 0.959394
-9.80903 -2.3766 21.2013 -0.238874 0.0658255 0.127942 0.960341
-9.80079 -2.37396 21.121 -0.240166 0.0470706 0.132409 0.960515
-9.79941 -2.3761 21.0389 -0.241683 0.0316167 0.138433 0.959918
-9.77695 -2.36802 20.9746 -0.241648 0.00243486 0.139451 0.960298
-9.75245 -2.3681 20.9225 -0.243762 -0.0267031 0.140542 0.959236
-9.72955 -2.36152 20.8657 -0.244232 -0.0567516 0.140547 0.957807
-9.67676 -2.36601 20.8226 -0.248272 -0.088122 0.144569 0.953789
-9.64788 -2.36328 20.781 -0.250348 -0.117881 0.145954 0.949813
-9.62374 -2.35875 20.74 -0.251358 -0.146474 0.145742 0.945591
-9.59889 -2.35561 20.7021 -0.252387 -0.173561 0.145014 0.940833
-9.57756 -2.35112 20.6643 -0.252103 -0.199918 0.138451 0.936657
-9.5618 -2.34414 20.6303 -0.250856 -0.224166 0.130099 0.932692
-9.54574 -2.3398 20.5997 -0.250567 -0.245397 0.122889 0.928393
-9.5318 -2.33613 20.5729 -0.250964 -0.263303 0.116482 0.924197
-9.52881 -2.3289 20.5526 -0.251539 -0.277744 0.110412 0.920551
-9.51311 -2.32471 20.5236 -0.253507 -0.288412 0.105281 0.917327
-9.50271 -2.32037 20.4956 -0.257087 -0.294707 0.101352 0.914768
-9.49323 -2.31339 20.4619 -0.26129 -0.296307 0.0978974 0.913436
-9.48369 -2.3031 20.4263 -0.264172 -0.295741 0.0871844 0.913876
-9.46095 -2.29467 20.389 -0.268206 -0.291279 0.076037 0.915129
-9.43672 -2.28461 20.3351 -0.272735 -0.282608 0.0642577 0.917409
-9.4107 -2.27712 20.2776 -0.27778 -0.270672 0.0520259 0.920265
-9.38439 -2.26303 20.212 -0.2822 -0.255764 0.0385631 0.92384
-9.35542 -2.24721 20.1394 -0.286195 -0.238157 0.0248557 0.92778
-9.31939 -2.23373 20.0639 -0.291128 -0.218767 0.0115921 0.931274
-9.29038 -2.21738 19.9887 -0.295727 -0.197692 -0.00185241 0.934601
-9.25616 -2.2008 19.8996 -0.299925 -0.174835 -0.0141356 0.937708
-9.22078 -2.18314 19.808 -0.303974 -0.150872 -0.0263743 0.940299
-9.17222 -2.17439 19.7153 -0.309514 -0.127646 -0.037254 0.941562
-9.11487 -2.15462 19.6053 -0.311591 -0.104739 -0.0473783 0.943248
-9.05878 -2.13368 19.4953 -0.314237 -0.0818331 -0.0560207 0.944161
-9.01343 -2.10703 19.3614 -0.313017 -0.0576756 -0.0654824 0.945741
-8.96314 -2.09133 19.2398 -0.314875 -0.0351633 -0.0715576 0.945789
-8.90312 -2.07553 19.1105 -0.316182 -0.0153943 -0.076714 0.945477
-8.83594 -2.05769 18.9755 -0.316736 0.00107591 -0.0791357 0.945217
-8.77371 -2.03567 18.8322 -0.315794 0.0158696 -0.0801202 0.945317
-8.70817 -2.01539 18.6766 -0.313808 0.02803 -0.077188 0.945939
-8.64306 -2.0023 18.5148 -0.312348 0.0356734 -0.074772 0.946359
-8.57606 -1.98463 18.3458 -0.309107 0.0391526 -0.0686806 0.947746
-8.50664 -1.96925 18.1699 -0.305874 0.0385371 -0.0597254 0.949426
-8.44326 -1.95923 17.9846 -0.301996 0.0351607 -0.0496623 0.951376
-8.37926 -1.94732 17.7875 -0.297109 0.0283632 -0.0372937 0.953704
-8.31941 -1.94229 17.586 -0.292625 0.0189191 -0.0236475 0.955758
-8.26758 -1.93968 17.3908 -0.287746 0.0074819 -0.00901789 0.957646
-8.21062 -1.93915 17.2011 -0.282896 -0.00691658 0.00709612 0.95911
-8.16106 -1.93293 17.0113 -0.276501 -0.022267 0.0234103 0.960482
-8.11982 -1.92002 16.8194 -0.268684 -0.0378411 0.0396052 0.961681
-8.06659 -1.91988 16.6374 -0.262056 -0.0557259 0.0563395 0.961805
-8.02055 -1.91293 16.4564 -0.254673 -0.0731537 0.072607 0.96153
-7.97037 -1.92888 16.285 -0.249206 -0.0908732 0.0882382 0.960143
-7.92202 -1.9263 16.1145 -0.242091 -0.108058 0.103349 0.958674
-7.86658 -1.91414 15.9494 -0.23442 -0.125013 0.118221 0.956799
-7.81356 -1.92178 15.7891 -0.22806 -0.140938 0.130191 0.954566
-7.76325 -1.91017 15.6298 -0.220562 -0.155107 0.141951 0.952453
-7.71268 -1.89439 15.4834 -0.213513 -0.168534 0.151382 0.950323
-7.65365 -1.8872 15.3268 -0.206992 -0.179981 0.15815 0.948563
-7.59378 -1.87553 15.1886 -0.201899 -0.189819 0.163074 0.946908
-7.54354 -1.86257 15.056 -0.197104 -0.196852 0.164772 0.946188
-7.49792 -1.85516 14.9359 -0.193519 -0.201199 0.163779 0.946186
-7.48363 -1.8501 14.8561 -0.190656 -0.203712 0.159615 0.946941
-7.46343 -1.82656 14.7747 -0.188796 -0.203973 0.153884 0.948205
-7.43863 -1.79339 14.6707 -0.186491 -0.201422 0.145507 0.950527
-7.41556 -1.74946 14.5688 -0.184899 -0.196656 0.135784 0.95327
-7.37593 -1.71113 14.4697 -0.184116 -0.19031 0.123957 0.956317
-7.33926 -1.6788 14.3712 -0.183747 -0.181734 0.110501 0.959699
-7.29408 -1.64467 14.2936 -0.184529 -0.17226 0.0966244 0.962789
-7.25917 -1.60655 14.2121 -0.18509 -0.16067 0.081275 0.966097
-7.21957 -1.58118 14.1198 -0.185649 -0.147223 0.0642701 0.969409
-7.18871 -1.5575 14.029 -0.186213 -0.132325 0.0458008 0.972492
-7.14302 -1.53474 13.9522 -0.187945 -0.117377 0.0283094 0.974742
-7.10598 -1.50441 13.8707 -0.187991 -0.101027 0.00969755 0.976925
-7.07063 -1.47769 13.797 -0.188162 -0.0836802 -0.00851688 0.978542
-7.033 -1.45814 13.7264 -0.18904 -0.0661136 -0.0258445 0.979412
-6.99192 -1.45049 13.6685 -0.191342 -0.0486284 -0.0421328 0.979425
-6.96391 -1.43505 13.6044 -0.191719 -0.0299327 -0.0588143 0.979241
-6.93069 -1.41295 13.5402 -0.190605 -0.0117157 -0.0739139 0.978823
-6.90327 -1.39929 13.4844 -0.190031 0.00666052 -0.0882388 0.977794
-6.87242 -1.36574 13.4303 -0.187348 0.0244228 -0.100738 0.976822
-6.84023 -1.35371 13.3819 -0.18507 0.0439915 -0.0962334 0.977024
-6.8271 -1.34171 13.3323 -0.181464 0.0638829 -0.0943791 0.976784
-6.80674 -1.33726 13.2907 -0.178547 0.0820229 -0.09198 0.976195
-6.78449 -1.32903 13.2546 -0.175039 0.0989692 -0.0897839 0.975464
-6.77138 -1.32558 13.2197 -0.171458 0.115587 -0.0885614 0.974383
-6.75635 -1.31146 13.1841 -0.16637 0.130508 -0.0880978 0.973423
-6.7454 -1.30433 13.1501 -0.161249 0.144472 -0.0879804 0.972322
-6.75661 -1.29823 13.1327 -0.15749 0.159416 -0.089189 0.970492
-6.74668 -1.29887 13.1171 -0.154416 0.171573 -0.088782 0.968948
-6.73857 -1.29761 13.1017 -0.151106 0.183327 -0.0880193 0.967386
-6.73075 -1.29672 13.0933 -0.148345 0.194025 -0.0876374 0.96576
-6.72171 -1.28942 13.0846 -0.144963 0.203336 -0.0874004 0.964379
-6.69865 -1.3025 13.0764 -0.143594 0.210422 -0.0855048 0.963232
-6.70128 -1.30427 13.0824 -0.141997 0.219022 -0.0856391 0.961539
-6.7002 -1.3043 13.0918 -0.140904 0.226677 -0.0855573 0.959931
-6.70194 -1.31051 13.0925 -0.139868 0.233388 -0.0856265 0.958468
-6.70394 -1.31083 13.0941 -0.138869 0.239463 -0.0859263 0.957086
-6.69259 -1.31778 13.0932 -0.138905 0.24356 -0.0853706 0.956097
-6.68566 -1.31893 13.0864 -0.138138 0.246948 -0.0852663 0.955347
-6.67141 -1.32433 13.0754 -0.137803 0.248797 -0.0846339 0.954973
-6.66498 -1.32807 13.0669 -0.135895 0.251473 -0.0783101 0.955084
-6.65023 -1.33076 13.0569 -0.134194 0.252749 -0.0716701 0.95551
-6.64273 -1.33083 13.0478 -0.132392 0.254018 -0.0656669 0.955855
-6.63716 -1.33277 13.0359 -0.130914 0.254617 -0.0598396 0.956283
-6.62625 -1.33039 13.0196 -0.129225 0.254435 -0.0540166 0.956907
-6.61912 -1.32807 13.005 -0.127888 0.25415 -0.0486247 0.957452
-6.61012 -1.33039 12.9911 -0.127221 0.253207 -0.0431491 0.958052
-6.60387 -1.32706 12.9782 -0.126539 0.251981 -0.0382593 0.958674
-6.59978 -1.3269 12.9614 -0.126259 0.250345 -0.0333887 0.95932
-6.5917 -1.32837 12.9461 -0.125972 0.248262 -0.0283497 0.960062
-6.58671 -1.32804 12.9352 -0.126198 0.246177 -0.0238064 0.960692
-6.58128 -1.32977 12.9186 -0.126548 0.243886 -0.0195324 0.961327
-6.57529 -1.32831 12.9118 -0.127444 0.241656 -0.015352 0.961847
-6.57946 -1.3297 12.9113 -0.129236 0.240309 -0.011999 0.961994
-6.56998 -1.33161 12.9021 -0.130919 0.237668 -0.00773783 0.962465
-6.56604 -1.32867 12.8977 -0.133006 0.235847 -0.00460834 0.962648
-6.56327 -1.33067 12.8898 -0.135232 0.234199 -0.00138714 0.962749
-6.56198 -1.32668 12.8863 -0.137938 0.233057 0.00125583 0.962644
-6.56504 -1.32666 12.889 -0.141375 0.232745 0.00344664 0.962214
-6.5629 -1.32674 12.8898 -0.145338 0.232552 0.00550741 0.961662
-6.56322 -1.329 12.8878 -0.149913 0.233039 0.00705826 0.96083
-6.55872 -1.31937 12.8845 -0.153608 0.233701 0.00837467 0.960076
-6.5587 -1.316 12.8811 -0.158238 0.235408 0.00908871 0.958899
-6.55349 -1.31829 12.8769 -0.163601 0.237416 0.00991468 0.957496
-6.55191 -1.31821 12.8763 -0.169101 0.240453 0.00989866 0.95578
-6.54258 -1.31851 12.8726 -0.174658 0.243617 0.0100111 0.953978
-6.53237 -1.31247 12.8679 -0.179368 0.247507 0.00956672 0.952104
-6.53497 -1.30957 12.8672 -0.184508 0.253242 0.0076812 0.949629
-6.53718 -1.30657 12.8663 -0.189279 0.259543 0.00533357 0.947
-6.54345 -1.30454 12.8748 -0.1943 0.267771 0.00270173 0.943699
-6.54727 -1.30084 12.8715 -0.197898 0.275814 -0.000646949 0.940632
-6.53443 -1.2922 12.8567 -0.200121 0.282725 -0.0038181 0.9381
-6.50268 -1.2901 12.8326 -0.2022 0.288105 -0.00623145 0.936001
-6.49669 -1.29121 12.8317 -0.205063 0.29791 -0.0106945 0.932262
-6.47376 -1.29642 12.8227 -0.207241 0.306604 -0.0143417 0.928906
-6.46234 -1.29768 12.8178 -0.208233 0.317252 -0.0197594 0.925002
-6.4511 -1.29313 12.8117 -0.207587 0.328813 -0.026021 0.920945
-6.44303 -1.29047 12.8057 -0.205828 0.341226 -0.0328877 0.916596
-6.43277 -1.2889 12.7966 -0.202992 0.354084 -0.0404596 0.912036
-6.42171 -1.28998 12.7868 -0.199187 0.367612 -0.0484006 0.907124
-6.40758 -1.28901 12.7737 -0.19107 0.382713 -0.0511026 0.902463
-6.3977 -1.29562 12.7567 -0.181891 0.398291 -0.0544 0.897414
-6.38239 -1.29412 12.7501 -0.172127 0.413789 -0.059315 0.891998
-6.36974 -1.30535 12.7193 -0.160705 0.428391 -0.0645386 0.88686
-6.35178 -1.29563 12.702 -0.147307 0.443997 -0.0706949 0.881021
-6.34513 -1.30198 12.6752 -0.134677 0.458843 -0.0775131 0.874842
-6.32031 -1.29235 12.6599 -0.121032 0.473397 -0.0850196 0.868359
-6.29465 -1.28305 12.6441 -0.107417 0.48742 -0.0931893 0.861528
-6.27121 -1.27759 12.625 -0.0942263 0.500696 -0.101921 0.854439
-6.24921 -1.27163 12.6092 -0.0814633 0.513638 -0.110726 0.846943
-6.22056 -1.26455 12.5884 -0.0686729 0.525693 -0.119311 0.839479
-6.19999 -1.26057 12.5642 -0.0568803 0.536786 -0.128078 0.832018
-6.17775 -1.25243 12.5388 -0.045887 0.546972 -0.136899 0.824624
-6.16149 -1.25801 12.5037 -0.0362209 0.555962 -0.14452 0.817767
-6.12961 -1.2348 12.4923 -0.0266266 0.564901 -0.152476 0.810531
-6.10634 -1.2353 12.4627 -0.0189875 0.572319 -0.158533 0.804359
-6.06721 -1.24288 12.4371 -0.0126864 0.578994 -0.163732 0.798642
-6.03768 -1.25422 12.4146 -0.00824062 0.584884 -0.167464 0.793621
-6.01454 -1.26598 12.3846 -0.00539896 0.589487 -0.169707 0.789752
-5.98961 -1.27216 12.3408 -0.0042366 0.592329 -0.170928 0.787368
-5.96787 -1.27123 12.2958 -0.000859601 0.594062 -0.16596 0.787133
-5.94516 -1.268 12.2455 0.00137003 0.594448 -0.159322 0.788215
-5.92038 -1.2563 12.1868 0.00249357 0.59356 -0.151754 0.790369
-5.89903 -1.24883 12.1292 0.00220248 0.591781 -0.142891 0.793353
-5.87781 -1.2384 12.0721 0.00115554 0.589184 -0.132882 0.797017
-5.84045 -1.23658 12.01 -0.00090374 0.585688 -0.121751 0.801362
-5.80831 -1.23032 11.9462 -0.00366927 0.581511 -0.110136 0.80606
-5.76791 -1.23401 11.874 -0.00731311 0.576137 -0.0975629 0.811498
-5.71156 -1.23717 11.7878 -0.0109426 0.569648 -0.0844617 0.817484
-5.66834 -1.23488 11.7176 -0.0149698 0.563495 -0.0717556 0.822882
-5.6257 -1.23481 11.6421 -0.0190706 0.556959 -0.0589981 0.828242
-5.57307 -1.23841 11.555 -0.0232235 0.549527 -0.0461254 0.833899
-5.52891 -1.24303 11.4738 -0.0273667 0.542553 -0.0338589 0.838911
-5.46669 -1.2445 11.3875 -0.0307413 0.535537 -0.0222458 0.843679
-5.41444 -1.24691 11.2925 -0.0339168 0.528143 -0.0114151 0.84842
-5.36121 -1.24336 11.2096 -0.0362846 0.522105 -0.00198976 0.852127
-5.30477 -1.24719 11.1223 -0.0378648 0.516205 0.00684185 0.855618
-5.25297 -1.24172 11.0311 -0.0385357 0.511227 0.0134913 0.858495
-5.20816 -1.2226 10.9581 -0.0376001 0.508944 0.0168064 0.859832
-5.15792 -1.2069 10.8723 -0.0359238 0.506604 0.0191256 0.861238
-5.09807 -1.19551 10.7813 -0.032851 0.504871 0.0204853 0.862344
-5.03812 -1.17441 10.6811 -0.0285597 0.50374 0.0194882 0.863183
-4.96959 -1.1482 10.5743 -0.0225952 0.503334 0.0165507 0.863656
-4.89949 -1.12817 10.4638 -0.0159263 0.503737 0.0130305 0.863632
-4.82691 -1.09651 10.3505 -0.00789576 0.504835 0.00800233 0.863161
-4.75667 -1.06629 10.2353 0.000464924 0.507019 0.00195275 0.861953
-4.67865 -1.02469 10.1202 0.00963586 0.509707 -0.00449786 0.860301
-4.60436 -0.975175 10.0149 0.0194988 0.513167 -0.0126826 0.857995
-4.53152 -0.905695 9.92175 0.0304493 0.51729 -0.0224511 0.854992
-4.4636 -0.838723 9.83354 0.0415829 0.521581 -0.0323467 0.851595
-4.39367 -0.762235 9.75452 0.0532045 0.526062 -0.042443 0.847738
-4.33499 -0.68596 9.67184 0.0649772 0.530355 -0.0524668 0.843674
-4.28468 -0.607027 9.59838 0.0767817 0.534522 -0.0618116 0.839407
-4.23341 -0.528309 9.52795 0.0888071 0.538924 -0.0713133 0.834642
-4.17389 -0.465493 9.47003 0.100118 0.543277 -0.0799037 0.829745
-4.12578 -0.378269 9.40932 0.112228 0.547741 -0.0887651 0.824344
-4.08712 -0.298781 9.34886 0.123706 0.552192 -0.0971286 0.818769
-4.04989 -0.222878 9.29526 0.134649 0.556792 -0.104659 0.812981
-4.01721 -0.147936 9.24491 0.145085 0.5614 -0.111419 0.807095
-3.98785 -0.0799024 9.1981 0.154818 0.565753 -0.116692 0.801485
-3.96425 -0.0156958 9.1484 0.163844 0.570045 -0.121113 0.795973
-3.93582 0.0473387 9.1032 0.172176 0.574154 -0.124355 0.790745
-3.90706 0.110698 9.05708 0.179956 0.578038 -0.127093 0.78573
-3.88558 0.173606 9.01802 0.187134 0.582299 -0.129314 0.780531
-3.86848 0.229602 8.98038 0.193386 0.586548 -0.13037 0.775632
-3.854 0.283457 8.94744 0.195432 0.591586 -0.128628 0.771575
-3.84304 0.329992 8.91505 0.197121 0.596632 -0.12616 0.767655
-3.83214 0.373782 8.88075 0.199098 0.601339 -0.123737 0.763861
-3.81521 0.415026 8.84418 0.200905 0.60567 -0.122143 0.760211
-3.80556 0.443394 8.80787 0.202165 0.610111 -0.120034 0.756656
-3.79864 0.478591 8.778 0.203599 0.614373 -0.119364 0.752917
-3.78615 0.504481 8.75052 0.204557 0.618789 -0.118831 0.749119
-3.7808 0.52887 8.72394 0.205357 0.62307 -0.118914 0.745326
-3.77589 0.545866 8.69838 0.205454 0.627094 -0.119614 0.741807
-3.77172 0.55657 8.67348 0.204599 0.631026 -0.120508 0.738555
-3.7714 0.570502 8.64656 0.203198 0.634562 -0.122281 0.735618
-3.76788 0.581145 8.633 0.201272 0.638544 -0.124984 0.732237
-3.76762 0.590046 8.61825 0.198403 0.642211 -0.128532 0.729195
-3.76547 0.595499 8.60659 0.194646 0.645801 -0.133018 0.726224
-3.76161 0.597513 8.60226 0.189996 0.64968 -0.138371 0.722992
-3.76 0.602529 8.59958 0.182518 0.653665 -0.143044 0.720409
-3.75685 0.606497 8.59897 0.174085 0.657629 -0.148483 0.717787
-3.75316 0.611356 8.59292 0.164737 0.66129 -0.155193 0.715202
-3.74875 0.619833 8.58369 0.155136 0.664791 -0.16275 0.712422
-3.74789 0.628837 8.573 0.145044 0.66828 -0.170776 0.709395
-3.74456 0.635384 8.5569 0.13462 0.671541 -0.178849 0.706379
-3.74525 0.646329 8.54041 0.124148 0.67469 -0.187463 0.703051
-3.7455 0.655642 8.51618 0.113785 0.677577 -0.196268 0.699621
-3.74368 0.668884 8.49682 0.103859 0.680544 -0.205227 0.6957
-3.74088 0.674556 8.46693 0.0939148 0.683096 -0.213742 0.692043
-3.74172 0.679913 8.43335 0.0849383 0.685557 -0.222214 0.688086
-3.74096 0.686559 8.40046 0.0763492 0.688036 -0.230975 0.683723
-3.73912 0.688775 8.36379 0.0684926 0.690441 -0.238931 0.67938
-3.73848 0.692646 8.33065 0.0618629 0.693212 -0.246313 0.674545
-3.74231 0.693592 8.28471 0.0563645 0.695427 -0.253121 0.670209
-3.74585 0.690222 8.24233 0.0520092 0.698152 -0.259072 0.665441
-3.75291 0.69154 8.19368 0.0493875 0.70073 -0.264575 0.660746
-3.75849 0.690967 8.14959 0.0496993 0.703769 -0.267952 0.65612
-3.76082 0.682111 8.09617 0.050524 0.706755 -0.271049 0.651556
-3.76386 0.676517 8.04252 0.0521164 0.710256 -0.274641 0.646102
-3.76799 0.665329 7.9835 0.0527847 0.714033 -0.272172 0.642917
-3.76882 0.657544 7.93604 0.0558107 0.718854 -0.267766 0.639133
-3.77208 0.648693 7.87851 0.0603036 0.723531 -0.262279 0.635709
-3.77771 0.634214 7.81427 0.0652017 0.72873 -0.255356 0.6321
-3.77991 0.619199 7.74828 0.0718185 0.734249 -0.247527 0.628094
-3.78312 0.606218 7.68712 0.0796048 0.740182 -0.239181 0.623413
-3.78629 0.587412 7.61533 0.0877062 0.746316 -0.22964 0.618577
-3.79165 0.570159 7.55021 0.096927 0.753067 -0.219804 0.612569
-3.79261 0.554544 7.46225 0.10677 0.75883 -0.210625 0.607016
-3.79324 0.538809 7.3748 0.116959 0.76487 -0.201361 0.600674
-3.79314 0.520948 7.28524 0.127337 0.771113 -0.19228 0.59351
-3.78623 0.501855 7.21676 0.137994 0.778602 -0.183112 0.584183
-3.78334 0.484478 7.12095 0.147822 0.784364 -0.175486 0.576354
-3.77957 0.476693 7.02761 0.157591 0.789766 -0.169855 0.568022
-3.77284 0.465327 6.94571 0.166212 0.795741 -0.164571 0.558701
-3.76145 0.452388 6.86661 0.172907 0.801846 -0.160614 0.549016
-3.75925 0.43483 6.78345 0.177343 0.807488 -0.157334 0.540206
-3.75373 0.419196 6.70904 0.180087 0.813345 -0.155387 0.531006
-3.74923 0.405809 6.6374 0.180884 0.819336 -0.15522 0.521482
-3.73947 0.399005 6.57017 0.179916 0.825398 -0.157422 0.511513
-3.73151 0.394668 6.49918 0.169584 0.834461 -0.149997 0.502482
-3.72083 0.393607 6.42187 0.156434 0.84339 -0.143352 0.493674
-3.7188 0.388987 6.34762 0.139869 0.852598 -0.136344 0.48473
-3.71353 0.384184 6.27557 0.121177 0.861748 -0.129742 0.475305
-3.70243 0.378074 6.20626 0.100261 0.870929 -0.123475 0.464997
-3.69803 0.378118 6.1479 0.0780002 0.879586 -0.118118 0.454239
-3.69732 0.373709 6.09127 0.0539714 0.887523 -0.112732 0.44353
-3.69371 0.378547 6.04036 0.0296713 0.894941 -0.108752 0.431757
-3.6905 0.383025 5.99689 0.00500905 0.901822 -0.105334 0.419087
-3.67914 0.390967 5.96203 -0.0187313 0.908305 -0.102528 0.405165
-3.67 0.393945 5.92332 -0.0420902 0.913911 -0.0998702 0.391227
-3.66448 0.400643 5.89588 -0.0645977 0.918907 -0.0982346 0.376598
-3.65953 0.411268 5.87708 -0.0854735 0.923478 -0.0976637 0.361084
-3.65325 0.416561 5.85951 -0.104961 0.927527 -0.0973953 0.345297
-3.64722 0.422905 5.85235 -0.122388 0.931333 -0.0981287 0.328705
-3.63845 0.429929 5.83377 -0.136929 0.934799 -0.0998775 0.312192
-3.64172 0.435101 5.82269 -0.149057 0.937956 -0.102828 0.295778
-3.63272 0.437955 5.81034 -0.157615 0.941558 -0.106617 0.278024
-3.63102 0.439563 5.79391 -0.163058 0.944938 -0.111709 0.260887
-3.62653 0.440112 5.77935 -0.164337 0.948646 -0.118028 0.243252
-3.61964 0.438647 5.76346 -0.161355 0.952682 -0.125306 0.225157
-3.6135 0.436693 5.74408 -0.15469 0.956701 -0.133879 0.207144
-3.60137 0.440588 5.72803 -0.143879 0.96083 -0.143674 0.18841
-3.59595 0.435878 5.70511 -0.130597 0.964471 -0.153816 0.170645
-3.58549 0.430334 5.68044 -0.114672 0.967759 -0.164398 0.15265
-3.57506 0.422632 5.65417 -0.0964856 0.970456 -0.17517 0.135128
-3.56067 0.41687 5.63136 -0.0757354 0.972567 -0.18591 0.11769
-3.55861 0.409296 5.60413 -0.0548464 0.973616 -0.196726 0.101984
-3.55269 0.400431 5.5763 -0.032769 0.973968 -0.207033 0.0865223
-3.54659 0.38739 5.55282 -0.0102391 0.97363 -0.216298 0.0720615
-3.53813 0.376246 5.5269 0.0124071 0.972556 -0.224925 0.0585259
-3.52983 0.368702 5.50699 0.0347606 0.970811 -0.232905 0.0459588
-3.52495 0.36638 5.49478 0.0558922 0.968428 -0.240463 0.0351766
-3.51858 0.364938 5.4929 0.0756312 0.965812 -0.246718 0.025602
-3.51874 0.364004 5.48979 0.0932154 0.963958 -0.248607 0.0180669
-3.51312 0.359994 5.48718 0.109268 0.962002 -0.250035 0.0115313
-3.51346 0.358005 5.48904 0.122338 0.960203 -0.251029 0.00802822
-3.51359 0.355574 5.48577 0.132418 0.9587 -0.251696 0.00684013
-3.51118 0.352947 5.48495 0.139344 0.957731 -0.251613 0.00789452
-3.51585 0.354436 5.48386 0.14181 0.957459 -0.251095 0.0123477
-3.51231 0.349511 5.48033 0.140904 0.959211 -0.244501 0.0177848
-3.51876 0.353859 5.48158 0.135881 0.961678 -0.23672 0.0267147
-3.51613 0.354647 5.47783 0.127675 0.964855 -0.226784 0.0368596
-3.5203 0.355937 5.47584 0.116334 0.968465 -0.214812 0.0493594
-3.52553 0.359623 5.4699 0.101827 0.972059 -0.201759 0.0637297
-3.52922 0.364859 5.46374 0.0850074 0.975373 -0.187612 0.0791341
-3.53416 0.372572 5.46008 0.0657905 0.978202 -0.172207 0.0957743
-3.54078 0.374235 5.45314 0.0451595 0.980355 -0.155419 0.112904
-3.54155 0.37866 5.44999 0.0231031 0.981632 -0.137897 0.129945
-3.54397 0.383542 5.4455 0.000135699 0.981864 -0.119814 0.147058
-3.55467 0.387247 5.43966 -0.023857 0.980842 -0.101213 0.164841
-3.58508 0.381562 5.42976 -0.048924 0.978315 -0.0818383 0.183975
-3.61943 0.383658 5.42225 -0.0731746 0.974437 -0.063248 0.202866
-3.63391 0.382317 5.41102 -0.0968606 0.969883 -0.0449454 0.219008
-3.64497 0.379913 5.39977 -0.119278 0.96467 -0.0272565 0.233409
-3.65674 0.384235 5.39106 -0.139886 0.959042 -0.0110867 0.246145
-3.66373 0.386501 5.38248 -0.158756 0.95339 0.00430236 0.256637
-3.67338 0.390741 5.36945 -0.175415 0.947799 0.0180575 0.265747
-3.67899 0.387533 5.35862 -0.190172 0.942728 0.0307365 0.27238
-3.68074 0.395333 5.34925 -0.201744 0.938738 0.0407073 0.276503
-3.68474 0.399701 5.33703 -0.20961 0.936034 0.0491867 0.27843
-3.68609 0.399897 5.32095 -0.211269 0.935317 0.0570577 0.278087
-3.68408 0.395992 5.31483 -0.212456 0.935425 0.0629887 0.275522
-3.68 0.393236 5.29405 -0.212969 0.936183 0.0667445 0.271645
-3.67888 0.395547 5.28291 -0.213008 0.93763 0.0683775 0.266158
-3.67492 0.39642 5.26976 -0.212675 0.939579 0.068439 0.259455
-3.67079 0.397207 5.25686 -0.212021 0.94198 0.0670034 0.251533
-3.66639 0.391976 5.23951 -0.210161 0.944811 0.0651475 0.242819
-3.66334 0.390418 5.21935 -0.203695 0.94881 0.062891 0.23313
-3.65454 0.376278 5.20365 -0.19709 0.952945 0.060844 0.22224
-3.64183 0.372334 5.18625 -0.189265 0.957367 0.0574481 0.210627
-3.62327 0.372453 5.16503 -0.1808 0.961788 0.0536641 0.198585
-3.60813 0.375081 5.14389 -0.17186 0.966035 0.0493056 0.186675
-3.60124 0.37919 5.12271 -0.162942 0.969945 0.0443309 0.175302
-3.60087 0.372644 5.10077 -0.154094 0.973373 0.0401993 0.164991
-3.59735 0.369752 5.08444 -0.145889 0.976485 0.0360032 0.154718
-3.59282 0.361449 5.05882 -0.137959 0.97922 0.0325914 0.145158
-3.58789 0.360307 5.02881 -0.131258 0.981487 0.0289653 0.136583
-3.58499 0.35685 4.99368 -0.125544 0.98331 0.0260223 0.129233
-3.58044 0.352122 4.94958 -0.121223 0.984663 0.0239869 0.123317
-3.57595 0.34386 4.90205 -0.118457 0.985561 0.0231371 0.118913
-3.56846 0.342834 4.84786 -0.117052 0.986103 0.022588 0.115882
-3.55924 0.338403 4.78191 -0.116951 0.986291 0.0232224 0.114242
-3.54862 0.334282 4.7125 -0.118017 0.986182 0.0246744 0.113788
-3.53117 0.333307 4.62508 -0.119882 0.985762 0.0266465 0.115019
-3.50491 0.341364 4.53938 -0.123178 0.985189 0.0277986 0.116176
-3.49745 0.332915 4.44452 -0.127572 0.98409 0.0310674 0.119851
-3.4757 0.327434 4.34878 -0.132721 0.982852 0.0345979 0.123415
-3.46824 0.311373 4.24011 -0.138299 0.981145 0.0393346 0.129304
-3.45758 0.30727 4.1283 -0.144813 0.979207 0.0431161 0.135514
-3.43849 0.302643 4.0115 -0.151872 0.977014 0.0470641 0.142134
-3.41869 0.292268 3.8848 -0.159179 0.974512 0.0519865 0.149422
-3.4043 0.28091 3.74906 -0.166456 0.971681 0.0570049 0.157853
-3.37787 0.268896 3.60851 -0.174046 0.968647 0.0622102 0.166139
-3.34518 0.252244 3.46638 -0.181691 0.965375 0.0678327 0.174579
-3.31686 0.239791 3.31484 -0.18871 0.961934 0.0728545 0.183863
-3.29902 0.225134 3.15924 -0.194359 0.958363 0.0777367 0.194321
-3.23881 0.217344 3.00513 -0.201317 0.954927 0.0822624 0.20214
-3.16396 0.208046 2.85031 -0.207818 0.95146 0.086922 0.209808
-3.09153 0.197173 2.68725 -0.212965 0.948019 0.091572 0.21809
-3.00416 0.185801 2.52829 -0.214146 0.945481 0.0965853 0.225653
-2.89453 0.180764 2.36805 -0.215425 0.94309 0.100866 0.232469
-2.7644 0.181548 2.22204 -0.216758 0.941123 0.104208 0.237663
-2.62504 0.18015 2.06646 -0.218383 0.93889 0.107489 0.243484
-2.48455 0.168483 1.90301 -0.219734 0.936149 0.111661 0.250829
-2.32423 0.172399 1.75597 -0.221037 0.934149 0.113337 0.256335
-2.15479 0.16933 1.61246 -0.222347 0.932294 0.115009 0.261157
-1.98114 0.176645 1.46197 -0.222895 0.930649 0.116074 0.26605
-1.79764 0.178447 1.31286 -0.223214 0.929283 0.116705 0.270242
-1.61169 0.173438 1.17004 -0.224054 0.927882 0.117566 0.273967
-1.4272 0.174062 1.02724 -0.224853 0.926619 0.118125 0.277322
-1.24378 0.176172 0.896559 -0.225332 0.925684 0.117808 0.280179
-1.06126 0.175735 0.771291 -0.225706 0.924803 0.11731 0.282979
-0.876686 0.176956 0.652043 -0.226218 0.924027 0.116541 0.285416
-0.694772 0.191044 0.538048 -0.226114 0.923645 0.114595 0.287512
-0.514199 0.200215 0.413525 -0.226108 0.923034 0.113262 0.29
-0.345265 0.222053 0.297741 -0.226043 0.922852 0.11061 0.291645
-0.190207 0.238718 0.183569 -0.225784 0.922998 0.108322 0.292246
-0.0444205 0.262161 0.0590403 -0.22518 0.923437 0.105618 0.292313
0.0796573 0.278199 -0.0683564 -0.224052 0.923891 0.102896 0.292717
0.203249 0.295542 -0.200091 -0.221826 0.925044 0.100366 0.291644
0.319471 0.312396 -0.338055 -0.219434 0.926243 0.0977302 0.290548
0.438059 0.337173 -0.471477 -0.217361 0.927917 0.0941717 0.287922
0.520545 0.326062 -0.61819 -0.215343 0.928559 0.0927321 0.287841
0.633159 0.345381 -0.739127 -0.212923 0.930679 0.0892222 0.283874
0.733513 0.365817 -0.861588 -0.210084 0.932853 0.0852403 0.280054
0.837007 0.382437 -0.970733 -0.207133 0.935308 0.0814577 0.275144
0.926684 0.403109 -1.08398 -0.20354 0.937803 0.0774102 0.270464
1.01119 0.423202 -1.19073 -0.199433 0.940397 0.0731883 0.265646
1.09556 0.443411 -1.29414 -0.195012 0.943182 0.0689184 0.260144
1.17594 0.462097 -1.40048 -0.190268 0.945897 0.0647495 0.25481
1.2488 0.470982 -1.50099 -0.184932 0.94863 0.0613884 0.249356
1.31695 0.481355 -1.59781 -0.178816 0.951442 0.0579646 0.243859
1.38542 0.49877 -1.68982 -0.172326 0.954419 0.0540048 0.237735
1.45246 0.508657 -1.77833 -0.165259 0.957496 0.051117 0.230914
1.51171 0.511114 -1.8587 -0.157058 0.960477 0.0491827 0.224597
1.57429 0.523886 -1.93426 -0.14855 0.963602 0.0464133 0.217469
1.62189 0.532717 -2.01333 -0.138885 0.966565 0.0440644 0.21111
1.66834 0.538951 -2.08479 -0.128547 0.969592 0.0423102 0.20401
1.70266 0.542432 -2.16527 -0.11719 0.972339 0.0412088 0.197917
1.7226 0.548173 -2.23387 -0.10504 0.975011 0.0399144 0.191757
1.73662 0.546966 -2.30223 -0.092171 0.977607 0.0396001 0.185115
1.74713 0.545193 -2.36875 -0.0785807 0.980055 0.039743 0.178273
1.74362 0.541871 -2.4221 -0.0644896 0.982214 0.0402156 0.17183
1.7398 0.54315 -2.47956 -0.0495943 0.984098 0.0404891 0.165817
1.73469 0.540007 -2.5453 -0.0346749 0.985649 0.0412307 0.160123
1.72584 0.536518 -2.61844 -0.0194932 0.986924 0.0427201 0.154334
1.71293 0.531777 -2.70125 -0.00396828 0.987872 0.0445396 0.148849
1.69771 0.524793 -2.7986 0.0116477 0.988452 0.046798 0.143804
1.68145 0.520645 -2.90118 0.0271202 0.98874 0.048804 0.139005
1.66235 0.511539 -3.01201 0.0419948 0.988764 0.0517158 0.133981
1.63446 0.505284 -3.1318 0.0566299 0.988442 0.0546285 0.129754
1.60253 0.492337 -3.26221 0.0706272 0.987802 0.0583554 0.126086
1.56521 0.490437 -3.40365 0.0834254 0.987011 0.0612694 0.123051
1.52222 0.485436 -3.54895 0.0955379 0.986041 0.0645859 0.120286
1.47269 0.475612 -3.70788 0.107124 0.984825 0.0685053 0.118315
1.41622 0.469678 -3.87033 0.118194 0.983535 0.0720524 0.116367
1.36909 0.457232 -4.0352 0.127458 0.982363 0.0757871 0.114104
1.29835 0.448112 -4.2006 0.135505 0.981134 0.0794928 0.112867
1.19855 0.435883 -4.37098 0.142196 0.9799 0.0827757 0.113011
1.08194 0.416955 -4.54015 0.142189 0.979533 0.0851201 0.11444
1.05589 0.377178 -4.54181 0.137159 0.981523 0.082623 0.104978
0.921116 0.326833 -4.70368 0.136492 0.981109 0.0858515 0.107091
0.777398 0.286876 -4.86498 0.13516 0.980808 0.0873875 0.110265
0.628248 0.247647 -5.03424 0.135114 0.980288 0.0893131 0.113349
0.464791 0.217708 -5.21391 0.13561 0.979596 0.0908714 0.117434
0.297402 0.235017 -5.38236 0.137579 0.979083 0.087859 0.121632
0.12106 0.240966 -5.55673 0.13991 0.978564 0.0843403 0.125588
-0.0463078 0.161858 -5.76563 0.138631 0.978129 0.0858636 0.129301
-0.21888 0.079581 -5.9893 0.137777 0.97753 0.0876011 0.133521
-0.387106 -0.00418924 -6.20088 0.13633 0.977153 0.0884406 0.13715
-0.555505 -0.085159 -6.4145 0.135571 0.976736 0.0890355 0.140462
-0.715936 -0.139731 -6.60774 0.134477 0.976794 0.0861931 0.142849
-0.869034 -0.226524 -6.80581 0.132402 0.977044 0.0847692 0.14394
-0.964368 -0.27062 -6.96806 0.128442 0.978029 0.0814368 0.142745
-1.02835 -0.52144 -7.11942 0.127029 0.97962 0.0859404 0.129894
-1.11186 -0.800293 -7.40145 0.118049 0.980551 0.0878925 0.130024
-1.18966 -1.08026 -7.68401 0.109061 0.981401 0.0898371 0.130144
-1.28103 -1.3123 -7.80619 0.111487 0.981621 0.0885461 0.127266
-1.51991 -1.4325 -7.90028 0.109616 0.982465 0.0854285 0.124501
-1.73549 -1.54425 -8.06293 0.107421 0.983489 0.0810706 0.121184
-1.92728 -1.66233 -8.23901 0.105706 0.984725 0.0756619 0.116055
-2.12273 -1.78021 -8.40844 0.10513 0.98583 0.0702955 0.110421
-2.32006 -1.89844 -8.56608 0.105045 0.986963 0.0644048 0.103796
-2.52388 -2.01776 -8.75049 0.106185 0.987865 0.0588068 0.0971376
-2.72831 -2.1303 -8.93633 0.107123 0.988869 0.052276 0.0893434
-2.94101 -2.23979 -9.1112 0.108044 0.989829 0.0451936 0.0810526
-3.16227 -2.35322 -9.27641 0.109349 0.990683 0.0380613 0.0720625
-3.4702 -2.42315 -9.31932 0.111502 0.991224 0.0305843 0.0644527
-3.69757 -2.50969 -9.24743 0.111154 0.991772 0.0250539 0.0588054
-3.85691 -2.55904 -9.12715 0.110326 0.992346 0.0196762 0.0523367
-4.00029 -2.60964 -9.00653 0.110527 0.99271 0.0156911 0.0460081
-4.09779 -2.68221 -8.87074 0.111542 0.992971 0.0137449 0.0377571
-4.19334 -2.75575 -8.72887 0.112725 0.993148 0.0127412 0.0290137
-4.28717 -2.82821 -8.5786 0.113554 0.993286 0.0123642 0.0196183
-4.37208 -2.89616 -8.42193 0.115318 0.993214 0.0134951 0.00991669
-4.45461 -2.96045 -8.266 0.116864 0.993049 0.0156768 0.000398701
-4.54571 -3.01417 -8.10271 0.118341 0.992779 0.0189418 -0.0089632
-4.62984 -3.05906 -7.95336 0.119353 0.99245 0.0229917 -0.0178534
-4.72 -3.10389 -7.79862 0.119149 0.992142 0.0284409 -0.0264951
-4.82031 -3.13612 -7.61792 0.118997 0.991657 0.0362079 -0.0345691
-4.92957 -3.1744 -7.42629 0.118342 0.991047 0.0457214 -0.0422481
-5.06546 -3.19086 -7.21563 0.118384 0.990163 0.0565597 -0.0491176
-5.22771 -3.19884 -7.01184 0.119122 0.989033 0.0688078 -0.0542511
-5.39459 -3.20066 -6.79503 0.119867 0.987662 0.0811143 -0.0602125
-5.56028 -3.20596 -6.59218 0.120345 0.986053 0.0944491 -0.0659513
-5.73486 -3.20743 -6.38498 0.120397 0.984249 0.108163 -0.0714799
-5.93654 -3.20532 -6.16807 0.120865 0.982106 0.122843 -0.0763192
-6.14774 -3.20856 -5.98675 0.121419 0.979629 0.137985 -0.0812141
-6.48886 -3.18237 -5.8647 0.122369 0.977186 0.152926 -0.0824906
-6.839 -3.1557 -5.73816 0.122736 0.974942 0.165941 -0.083291
-7.15045 -3.10316 -5.66263 0.121447 0.972782 0.177773 -0.0860281
-7.43541 -3.0473 -5.60622 0.124763 0.97066 0.185441 -0.0889694
-7.70389 -3.05201 -5.59419 0.125354 0.967717 0.197692 -0.0937298
-7.95898 -3.05553 -5.60333 0.124689 0.964671 0.209934 -0.0992057
-8.17488 -3.09063 -5.61642 0.125129 0.961324 0.221797 -0.105184
-8.41635 -3.1304 -5.63717 0.126242 0.95774 0.233357 -0.111326
-8.67152 -3.15303 -5.66342 0.128843 0.954524 0.241482 -0.11844
-8.92063 -3.18208 -5.67732 0.130689 0.951222 0.250052 -0.124996
-9.17951 -3.1851 -5.66702 0.132918 0.948601 0.255768 -0.130891
-9.44433 -3.20155 -5.65869 0.13567 0.945641 0.261867 -0.137244
-9.72846 -3.20142 -5.61154 0.141555 0.943371 0.26394 -0.142864
-10.0016 -3.19085 -5.55176 0.145599 0.941393 0.266035 -0.147851
-10.2492 -3.17959 -5.50757 0.149715 0.939227 0.267341 -0.15501
-10.4902 -3.18233 -5.45247 0.154435 0.937237 0.2678 -0.161476
-10.7254 -3.19323 -5.39063 0.159186 0.935487 0.267382 -0.167608
-10.9985 -3.18119 -5.30347 0.165254 0.934486 0.265619 -0.170083
-11.2485 -3.1797 -5.23553 0.17054 0.93351 0.263754 -0.173122
-11.4858 -3.19242 -5.17222 0.177369 0.931982 0.262228 -0.176751
-11.7028 -3.19908 -5.11342 0.183575 0.930818 0.259782 -0.180153
-11.9126 -3.19944 -5.04968 0.190229 0.929747 0.256115 -0.183969
-12.0905 -3.22099 -5.01896 0.195462 0.928507 0.253103 -0.188869
-12.2802 -3.23967 -4.97359 0.201512 0.927458 0.250332 -0.191322
-12.4394 -3.24471 -4.93911 0.205463 0.926966 0.245928 -0.195196
-12.5898 -3.25077 -4.90563 0.209031 0.926673 0.241659 -0.198093
-12.7135 -3.2638 -4.88038 0.211723 0.926484 0.237585 -0.201042
-12.8264 -3.289 -4.86173 0.214448 0.926135 0.234642 -0.20319
-12.9184 -3.30757 -4.84355 0.215956 0.926415 0.231003 -0.204499
-12.9897 -3.33575 -4.83882 0.216544 0.926655 0.228794 -0.205253
-13.0529 -3.35248 -4.82676 0.216277 0.927587 0.225903 -0.204546
-13.0941 -3.37112 -4.82034 0.214692 0.92888 0.223463 -0.203005
-13.1184 -3.3826 -4.81404 0.212033 0.930612 0.220879 -0.200697
-13.1221 -3.40455 -4.81903 0.208211 0.932372 0.219575 -0.197927
-13.129 -3.40993 -4.80604 0.204379 0.934804 0.21719 -0.193038
-13.1152 -3.42067 -4.79978 0.199538 0.937337 0.215428 -0.187701
-13.095 -3.42032 -4.78587 0.194512 0.940137 0.213293 -0.181321
-13.0425 -3.43184 -4.79193 0.187689 0.942724 0.212265 -0.176192
-13.0123 -3.43633 -4.77528 0.182295 0.945439 0.210761 -0.16899
-12.9548 -3.44126 -4.78376 0.174115 0.947932 0.21055 -0.163812
-12.8913 -3.44806 -4.79788 0.165086 0.950099 0.211332 -0.159563
-12.8646 -3.4532 -4.79688 0.159095 0.95195 0.211905 -0.15373
-12.8541 -3.45645 -4.7887 0.153726 0.95366 0.212909 -0.147089
-12.842 -3.45768 -4.78467 0.148411 0.955004 0.214323 -0.141647
-12.8272 -3.44959 -4.77317 0.142658 0.956362 0.215422 -0.13667
-12.8167 -3.44138 -4.76398 0.137618 0.957324 0.216828 -0.132797
-12.822 -3.43237 -4.75867 0.134014 0.957753 0.218858 -0.13006
-12.8273 -3.42338 -4.75322 0.131049 0.957998 0.22104 -0.12753
-12.8434 -3.41033 -4.74236 0.128568 0.957964 0.223395 -0.126233
-12.8791 -3.38778 -4.72216 0.127589 0.957821 0.225124 -0.125205
-12.9339 -3.35774 -4.69173 0.128239 0.957457 0.226427 -0.125007
-12.9928 -3.32873 -4.66805 0.129522 0.956564 0.228398 -0.12689
-13.0679 -3.29429 -4.63419 0.13181 0.955483 0.230295 -0.129263
-13.1514 -3.2516 -4.60786 0.135236 0.9539 0.232529 -0.133319
-13.2312 -3.2346 -4.59346 0.139271 0.951389 0.236724 -0.139611
-13.3264 -3.18911 -4.56569 0.143916 0.949119 0.239232 -0.145904
-13.4318 -3.15777 -4.53548 0.149704 0.946396 0.242477 -0.152299
-13.5475 -3.10712 -4.49529 0.155763 0.943716 0.244583 -0.159299
-13.6727 -3.0582 -4.44781 0.162377 0.940852 0.246537 -0.166489
-13.7667 -3.03679 -4.42076 0.168092 0.937021 0.250509 -0.176187
-13.8948 -3.00797 -4.36885 0.175689 0.933389 0.253427 -0.183747
-14.0133 -2.9681 -4.31505 0.182553 0.929752 0.255825 -0.191962
-14.1404 -2.94104 -4.25007 0.189873 0.925834 0.258907 -0.199542
-14.2681 -2.89899 -4.1795 0.196838 0.922293 0.2609 -0.206454
-14.3974 -2.86178 -4.09567 0.204311 0.918758 0.262637 -0.212683
-14.5196 -2.81532 -4.01638 0.210298 0.915587 0.264341 -0.218318
-14.6462 -2.77042 -3.9261 0.215953 0.913006 0.265602 -0.222063
-14.7735 -2.71738 -3.83496 0.220808 0.911004 0.26647 -0.22444
-14.8858 -2.66292 -3.74669 0.224252 0.909518 0.267112 -0.226297
-14.9896 -2.60968 -3.66542 0.226385 0.90846 0.267974 -0.227386
-15.0815 -2.56797 -3.59318 0.227473 0.907579 0.269766 -0.227719
-15.1518 -2.54516 -3.53704 0.226723 0.906831 0.273006 -0.227565
-15.2201 -2.52368 -3.4905 0.224865 0.906777 0.276266 -0.225702
-15.2933 -2.51143 -3.4568 0.221615 0.907866 0.27771 -0.222728
-15.3479 -2.50319 -3.42657 0.216752 0.909246 0.279586 -0.219532
-15.4086 -2.49512 -3.39097 0.211453 0.910958 0.281744 -0.214774
-15.4732 -2.48175 -3.35045 0.205794 0.912964 0.283929 -0.20881
-15.5405 -2.46813 -3.31241 0.200011 0.915135 0.286385 -0.201427
-15.5921 -2.45306 -3.27279 0.192486 0.917343 0.289228 -0.194551
-15.6369 -2.44574 -3.24476 0.18513 0.918938 0.292642 -0.188959
-15.6883 -2.43256 -3.20353 0.177394 0.921033 0.295506 -0.1816
-15.7539 -2.42388 -3.16151 0.169899 0.922886 0.29938 -0.172779
-15.8216 -2.40947 -3.10938 0.162042 0.92501 0.30265 -0.163019
-15.8794 -2.39249 -3.05527 0.153193 0.927002 0.306036 -0.153638
-15.9452 -2.37618 -2.99646 0.145374 0.928864 0.309121 -0.143512
-16.0109 -2.36233 -2.93875 0.13811 0.930361 0.31217 -0.134044
-16.0961 -2.35031 -2.87099 0.131513 0.931819 0.31526 -0.122887
-16.174 -2.33375 -2.79978 0.125027 0.933231 0.317423 -0.112942
-16.2558 -2.32201 -2.73925 0.118989 0.93403 0.32053 -0.103736
-16.3078 -2.29837 -2.68619 0.111472 0.934807 0.322932 -0.0974078
-16.3847 -2.27828 -2.61589 0.10609 0.935594 0.324727 -0.0896258
-16.4606 -2.26273 -2.54441 0.0968601 0.937082 0.325642 -0.0807239
-16.5352 -2.23918 -2.46738 0.0874849 0.938741 0.325406 -0.0727702
-16.6336 -2.22463 -2.38985 0.0790778 0.940045 0.325677 -0.0637307
-16.7421 -2.21117 -2.30959 0.071383 0.941228 0.325612 -0.0551701
-16.8463 -2.18342 -2.23052 0.06335 0.942526 0.32479 -0.0469768
-16.9508 -2.16399 -2.14871 0.055532 0.943497 0.324442 -0.039237
-17.0521 -2.13763 -2.06769 0.047485 0.944398 0.323843 -0.0323751
-17.1569 -2.11405 -1.99037 0.0394562 0.945148 0.323343 -0.0257087
-17.2561 -2.09991 -1.9043 0.0313952 0.945753 0.322771 -0.0212144
-17.3304 -2.08629 -1.8276 0.0219112 0.946036 0.322942 -0.017823
-17.4138 -2.05966 -1.73797 0.0140767 0.946668 0.32166 -0.0148966
-17.4977 -2.02525 -1.67339 0.00577121 0.947 0.321098 -0.0113372
-17.5833 -2.00755 -1.59503 -0.00141928 0.947093 0.320905 -0.00987172
-17.6374 -1.98513 -1.51023 -0.0094109 0.947159 0.320556 -0.0109109
-17.6906 -1.94962 -1.43542 -0.0171808 0.947307 0.319763 -0.0114792
-17.7658 -1.91696 -1.36156 -0.023904 0.947375 0.319144 -0.011404
-17.8498 -1.87884 -1.29144 -0.0300644 0.94758 0.318024 -0.0107256
-17.8986 -1.8501 -1.21296 -0.036814 0.947446 0.317626 -0.0133436
-17.9581 -1.81502 -1.14237 -0.0425012 0.947297 0.317253 -0.0154329
-18.0083 -1.78414 -1.07261 -0.0479249 0.946949 0.317334 -0.0191003
-18.0675 -1.75226 -0.998155 -0.05242 0.946642 0.317285 -0.0227695
-18.11 -1.71356 -0.922707 -0.056563 0.946384 0.316981 -0.0275063
-18.1503 -1.68631 -0.84939 -0.0610301 0.945804 0.317389 -0.0325717
-18.2088 -1.6486 -0.779472 -0.064379 0.9455 0.317202 -0.0366665
-18.2653 -1.6211 -0.718133 -0.0680281 0.944788 0.318001 -0.0411175
-18.3071 -1.59461 -0.651915 -0.071901 0.943949 0.318932 -0.0463639
-18.3359 -1.56522 -0.564736 -0.0750195 0.943036 0.319672 -0.0541534
-18.3137 -1.5534 -0.488542 -0.0802917 0.941099 0.322153 -0.0646461
-18.2941 -1.56354 -0.411247 -0.0855451 0.938603 0.325684 -0.0755237
-18.2473 -1.5599 -0.32661 -0.0906786 0.936136 0.328263 -0.0880226
-18.265 -1.54891 -0.220723 -0.0936202 0.934152 0.330278 -0.097876
-18.2712 -1.54864 -0.103985 -0.0967655 0.931759 0.332962 -0.10805
-18.2396 -1.54343 0.0174142 -0.100592 0.929201 0.335 -0.119628
-18.2271 -1.53752 0.139251 -0.103552 0.926308 0.337939 -0.13079
-18.2006 -1.53575 0.26964 -0.107022 0.923071 0.340941 -0.142529
-18.1789 -1.54663 0.395548 -0.109755 0.919217 0.345479 -0.154003
-18.2503 -1.5095 0.51256 -0.11017 0.916993 0.346636 -0.164012
-18.2657 -1.49384 0.656286 -0.113123 0.913726 0.349705 -0.173474
-18.2899 -1.47579 0.780099 -0.11564 0.909912 0.353373 -0.184085
-18.3698 -1.44414 0.916517 -0.116442 0.907349 0.355379 -0.19221
-18.4108 -1.41153 1.04948 -0.11395 0.904942 0.355717 -0.204041
-18.4583 -1.36632 1.20344 -0.111857 0.903221 0.354446 -0.214777
-18.4801 -1.34367 1.34134 -0.112005 0.899715 0.356384 -0.225904
-18.5508 -1.33333 1.52683 -0.109429 0.898676 0.355394 -0.232773
-18.6235 -1.32013 1.72578 -0.107291 0.897992 0.353601 -0.239036
-18.6863 -1.30907 1.91696 -0.106937 0.896323 0.353615 -0.245375
-18.8411 -1.29275 2.07394 -0.10433 0.895804 0.35297 -0.249276
-18.9447 -1.2615 2.27696 -0.103218 0.895546 0.350679 -0.25387
-19.1028 -1.24865 2.44023 -0.0997621 0.895842 0.349502 -0.25581
-19.204 -1.21063 2.61586 -0.100111 0.895678 0.347707 -0.258695
-19.3126 -1.17673 2.78742 -0.0997006 0.896025 0.346022 -0.259892
-19.4202 -1.14004 2.95252 -0.0999092 0.896688 0.344226 -0.259922
-19.5103 -1.09725 3.10084 -0.101288 0.896961 0.343031 -0.260014
-19.6131 -1.07868 3.25221 -0.102169 0.89795 0.342271 -0.257257
-19.7024 -1.04896 3.38067 -0.10477 0.898352 0.342332 -0.254699
-19.7891 -1.03351 3.50119 -0.107307 0.898668 0.34331 -0.251204
-19.8671 -1.00601 3.61685 -0.11073 0.899394 0.343687 -0.246544
-19.9675 -1.00811 3.71938 -0.11271 0.900053 0.347272 -0.238092
-20.0487 -1.00577 3.81899 -0.116276 0.900614 0.350119 -0.229929
-20.1293 -0.997046 3.9124 -0.120374 0.901541 0.352524 -0.220327
-20.2046 -1.00893 4.00397 -0.11465 0.90371 0.353731 -0.2124
-20.2729 -1.01193 4.08723 -0.108914 0.906124 0.354171 -0.204261
-20.3358 -1.0207 4.16128 -0.103045 0.909472 0.352297 -0.195461
-20.3814 -1.03724 4.22086 -0.0966494 0.912193 0.351656 -0.187038
-20.4383 -1.05213 4.26702 -0.089633 0.915052 0.351386 -0.176776
-20.4578 -1.04324 4.30477 -0.0828365 0.917875 0.34925 -0.16956
-20.4855 -1.06353 4.33304 -0.0748872 0.919843 0.35058 -0.15953
-20.5076 -1.07077 4.35792 -0.066261 0.922167 0.35067 -0.149437
-20.5105 -1.06709 4.3835 -0.0578758 0.924502 0.349743 -0.140361
-20.5027 -1.06229 4.40793 -0.0507813 0.926593 0.349086 -0.130649
-20.5365 -1.06685 4.43315 -0.0409776 0.928876 0.349548 -0.115764
-20.5336 -1.06133 4.44518 -0.0322122 0.930438 0.349947 -0.10425
-20.5365 -1.06712 4.46241 -0.0230762 0.93166 0.350891 -0.0918
-20.5224 -1.06938 4.46987 -0.0148213 0.932204 0.352808 -0.0799086
-20.5009 -1.06004 4.48726 -0.00830708 0.93289 0.35366 -0.0681729
-20.4526 -1.04543 4.5022 -0.0038061 0.933305 0.354219 -0.0594959
-20.4366 -1.0474 4.5205 0.00334338 0.933182 0.356209 -0.0484857
-20.4284 -1.0522 4.51315 0.0109406 0.932194 0.359837 -0.0386769
-20.4262 -1.04225 4.53997 0.0166707 0.931957 0.361174 -0.0284138
-20.4262 -1.03975 4.55498 0.0218848 0.931014 0.363937 -0.0192108
-20.4283 -1.0432 4.57069 0.0155033 0.931229 0.364169 -0.00539085
-20.4222 -1.03163 4.59471 0.00914015 0.93195 0.362527 0.00664426
-20.4316 -1.02803 4.62219 0.00351662 0.932306 0.361286 0.0184583
-20.4413 -1.01483 4.65347 -0.00123 0.93277 0.359425 0.0289501
-20.4448 -0.995584 4.68386 -0.00611201 0.933398 0.35694 0.0374328
-20.4602 -0.982728 4.71628 -0.0105356 0.933688 0.355171 0.0453215
-20.4868 -0.977268 4.74994 -0.0130935 0.933813 0.353783 0.0523036
-20.5158 -0.964929 4.78236 -0.0152873 0.933974 0.352349 0.0582621
-20.5465 -0.963639 4.80834 -0.0167622 0.933685 0.352256 0.0627882
-20.5782 -0.966612 4.83274 -0.0178521 0.933395 0.352455 0.0656974
-20.6158 -0.959137 4.86228 -0.0180046 0.933264 0.352416 0.0676294
-20.6521 -0.961537 4.89542 -0.0179019 0.933031 0.353014 0.0678087
-20.6896 -0.968471 4.92844 -0.0175588 0.932791 0.35391 0.0664568
-20.7317 -0.964487 4.96665 -0.0161009 0.932703 0.354737 0.0636594
-20.7773 -0.980173 5.0006 -0.0140476 0.93219 0.356892 0.059406
-20.8185 -0.983716 5.0455 -0.0118953 0.932247 0.357836 0.0530319
-20.8613 -0.995036 5.09085 -0.00916789 0.932092 0.359418 0.0449048
-20.9052 -1.01345 5.13392 -0.00555847 0.931647 0.361747 0.0350521
-20.9589 -1.01891 5.18086 -0.000863832 0.931504 0.36305 0.0238749
-21.0245 -1.02634 5.21896 0.00533118 0.930838 0.365324 0.0116678
-21.0879 -1.04265 5.2596 -0.000973798 0.931531 0.363739 0.00445988
-21.1415 -1.06657 5.31083 -0.0101645 0.932259 0.361734 -0.0049996
-21.2121 -1.07731 5.37125 -0.0186841 0.933248 0.358534 -0.0151246
-21.2732 -1.10123 5.4464 -0.0290289 0.933897 0.355431 -0.0273564
-21.3319 -1.1107 5.52412 -0.0398884 0.934365 0.351758 -0.0414061
-21.3959 -1.133 5.6008 -0.0499418 0.933972 0.349481 -0.0561371
-21.4473 -1.15726 5.6841 -0.060827 0.932783 0.347738 -0.0732882
-21.5026 -1.17726 5.75515 -0.0698167 0.930811 0.346936 -0.0918617
-21.5614 -1.1917 5.84614 -0.0789934 0.928601 0.345637 -0.109878
-21.6201 -1.19838 5.94374 -0.0878117 0.925828 0.344507 -0.128581
-21.6788 -1.22414 6.03844 -0.0961455 0.92185 0.345523 -0.14711
-21.7278 -1.2319 6.14921 -0.10402 0.9177 0.345756 -0.165979
-21.7819 -1.25213 6.24202 -0.109283 0.912259 0.348652 -0.185368
-21.8251 -1.24038 6.36278 -0.114132 0.907844 0.347896 -0.204574
-21.8732 -1.23081 6.48828 -0.115723 0.903552 0.347448 -0.222624
-21.9089 -1.23975 6.61686 -0.115661 0.898558 0.348272 -0.240861
-21.9411 -1.22906 6.75203 -0.113895 0.894078 0.347902 -0.258261
-21.966 -1.22209 6.87485 -0.110812 0.888797 0.348362 -0.276579
-21.9705 -1.22686 7.00736 -0.10444 0.883792 0.348091 -0.29482
-21.9641 -1.23631 7.13181 -0.0952636 0.878518 0.347657 -0.313624
-21.9629 -1.23382 7.2535 -0.0854536 0.874089 0.343559 -0.332743
-21.943 -1.21246 7.38693 -0.0747343 0.870202 0.336756 -0.351927
-21.9226 -1.19892 7.50971 -0.061809 0.865632 0.330684 -0.370937
-21.8873 -1.16778 7.62326 -0.0485392 0.860374 0.323932 -0.390595
-21.8619 -1.13075 7.77102 -0.0339997 0.85706 0.314463 -0.406806
-21.8373 -1.09308 7.91349 -0.0176809 0.853604 0.304929 -0.422094
-21.8075 -1.05512 8.04891 -0.000442677 0.849616 0.295558 -0.436904
-21.7961 -1.02508 8.20328 0.0173132 0.846624 0.286459 -0.448293
-21.7754 -0.992177 8.35906 0.0354536 0.843614 0.27679 -0.45884
-21.7343 -0.946054 8.48573 0.0505523 0.839571 0.265832 -0.471165
-21.7376 -0.93476 8.61029 0.0676305 0.835652 0.258436 -0.480012
-21.7433 -0.912801 8.76002 0.0843098 0.833611 0.249026 -0.48587
-21.6947 -0.871814 8.899 0.0985447 0.831083 0.237838 -0.493065
-21.7081 -0.844707 9.0372 0.113901 0.829332 0.230155 -0.496352
-21.652 -0.829738 9.17426 -0.126311 -0.827258 -0.222803 0.500211
-21.5993 -0.811142 9.32313 -0.136775 -0.826145 -0.216556 0.502062
-21.5425 -0.792105 9.47051 -0.14551 -0.825876 -0.212186 0.501892
-21.4782 -0.762596 9.61785 0.152348 0.826524 0.209261 -0.499961
-21.4041 -0.711338 9.74926 0.156105 0.827698 0.208538 -0.497143
-21.3272 -0.645633 9.87303 0.157175 0.829652 0.210005 -0.492923
-21.2685 -0.599988 9.97421 0.152601 0.833184 0.212556 -0.487267
-21.194 -0.522729 10.1007 0.14602 0.838754 0.211515 -0.480138
-21.1201 -0.440611 10.2386 0.136659 0.846089 0.210417 -0.470395
-21.0476 -0.363828 10.3752 0.125764 0.853655 0.210684 -0.45953
-20.9776 -0.289758 10.505 0.111682 0.86136 0.212563 -0.447763
-20.9193 -0.221295 10.6402 0.096222 0.86957 0.215019 -0.434113
-20.8489 -0.132554 10.7853 0.0793065 0.878471 0.21547 -0.419116
-20.78 -0.0374258 10.9087 0.0622687 0.886613 0.217729 -0.403399
-20.6982 0.0747969 11.0182 0.0446737 0.894454 0.219586 -0.38707
-20.608 0.2098 11.1172 0.0256783 0.902369 0.219818 -0.369927
-20.5145 0.36433 11.1979 0.0066713 0.909848 0.219135 -0.352415
-20.4231 0.508546 11.2561 -0.0121784 0.916103 0.220847 -0.334555
-20.3294 0.662077 11.2954 -0.0307831 0.921584 0.222155 -0.316964
-20.2484 0.816626 11.3394 -0.0491517 0.927339 0.222928 -0.296687
-20.1667 0.968931 11.3828 -0.0669734 0.932503 0.223663 -0.275701
-20.0518 1.14536 11.394 -0.0838143 0.935707 0.221858 -0.261342
-19.9292 1.32711 11.3974 -0.0992482 0.938397 0.21925 -0.24814
-19.8078 1.51246 11.3937 -0.113086 0.941129 0.215026 -0.235254
-19.6624 1.69258 11.3636 -0.129697 0.942522 0.209262 -0.226106
-19.4863 1.80909 11.2885 -0.142612 0.942128 0.209054 -0.220108
-19.3836 1.87016 11.1719 -0.142158 0.945025 0.209363 -0.207291
-19.2701 1.8768 11.0146 -0.143273 0.946863 0.208283 -0.199084
-19.2217 1.84165 10.8721 -0.139212 0.949647 0.205868 -0.191028
-19.0972 1.82787 10.6956 -0.136108 0.95077 0.205419 -0.188169
-18.9746 1.84263 10.5265 -0.129714 0.952742 0.203692 -0.184526
-18.8345 1.8699 10.3518 -0.122326 0.954105 0.20272 -0.183622
-18.6869 1.90992 10.175 -0.11361 0.955432 0.200938 -0.184254
-18.5398 1.95794 9.9995 -0.103948 0.956915 0.198325 -0.185117
-18.3822 1.99808 9.81047 -0.0923751 0.95786 0.196987 -0.187753
-18.2255 2.02697 9.62007 -0.0788136 0.958601 0.197062 -0.190085
-18.0552 2.07719 9.42566 -0.0661586 0.959132 0.194618 -0.194672
-17.8854 2.12069 9.22446 -0.0519194 0.959289 0.19351 -0.199288
-17.7851 2.11857 9.0773 -0.0292798 0.958818 0.19687 -0.202824
-17.6766 2.15236 8.94213 -0.0144627 0.958662 0.195283 -0.206679
-17.5694 2.2067 8.82089 -0.00244565 0.959091 0.19023 -0.209846
-17.4965 2.25934 8.70461 0.0228991 0.959968 0.184143 -0.210054
-17.4913 2.28144 8.69593 0.0340014 0.959902 0.181361 -0.211247
-17.407 2.33247 8.5803 0.0545975 0.959552 0.177541 -0.211785
-17.3202 2.41562 8.47559 0.0676977 0.960058 0.171397 -0.210745
-17.2149 2.46484 8.3684 0.0737288 0.960492 0.166457 -0.210725
-17.106 2.50342 8.26058 0.0802835 0.960593 0.16239 -0.211023
-17.0103 2.51907 8.15891 0.0882082 0.960444 0.16281 -0.208215
-17.0122 2.49586 8.14583 0.0988149 0.9604 0.169137 -0.198358
-17.0161 2.4949 8.16089 0.104116 0.96238 0.171506 -0.18348
-17.0187 2.5121 8.18109 0.10615 0.964924 0.171235 -0.168577
-17.1183 2.49155 8.32069 0.121233 0.970754 0.166154 -0.124205
-17.2183 2.49952 8.44898 0.123012 0.975102 0.166164 -0.0807457
-16.9965 2.51041 8.32208 0.124081 0.975085 0.165279 -0.081181
-16.7765 2.53201 8.20112 0.1243 0.975582 0.162376 -0.0806843
-16.5471 2.5369 8.06833 0.123813 0.975649 0.162369 -0.08069
-16.3286 2.55172 7.94069 0.123061 0.976216 0.160435 -0.0787791
-16.1192 2.55182 7.8079 0.121516 0.976589 0.160859 -0.0756832
-15.899 2.54109 7.68213 0.119711 0.976736 0.162172 -0.0737716
-15.6762 2.53683 7.55643 0.117361 0.97721 0.161998 -0.0716811
-15.4538 2.5281 7.4356 0.114585 0.977788 0.161461 -0.0694102
-15.2448 2.50246 7.30421 0.112216 0.978088 0.163111 -0.0651239
-15.0365 2.46269 7.17377 0.109989 0.978274 0.16522 -0.060598
-14.8273 2.42235 7.04606 0.107237 0.978812 0.165404 -0.0562445
-14.6122 2.37335 6.91648 0.104306 0.979068 0.16699 -0.0524193
-14.401 2.32991 6.79079 0.102023 0.979331 0.168363 -0.0474537
-14.1983 2.29017 6.66166 0.100614 0.979423 0.170331 -0.0410168
-14.0042 2.26026 6.53074 0.0992349 0.979517 0.172326 -0.0331696
-13.8543 2.23807 6.42122 0.0975794 0.979463 0.175038 -0.0240872
-13.7818 2.24678 6.32399 0.105735 0.97802 0.179719 -0.00976592
-13.735 2.26514 6.24738 0.104516 0.977617 0.182833 0.00181601
-13.7345 2.31372 6.19579 0.102717 0.977656 0.183166 0.0136553
-13.7362 2.36888 6.14347 0.101028 0.977533 0.183562 0.0248354
-13.7419 2.45574 6.07974 0.0984751 0.976845 0.186258 0.0384925
-13.7236 2.49718 6.0201 0.121984 0.974951 0.175008 0.0636611
-13.6907 2.53982 5.97144 0.132001 0.973694 0.165168 0.0855213
-13.6774 2.55693 5.9445 0.166723 0.968423 0.147133 0.113151
-13.6439 2.57825 5.92514 0.166029 0.966956 0.141176 0.132663
-13.7366 2.64984 5.95193 0.223796 0.953411 0.103327 0.174179
-13.8199 2.71681 5.97819 0.252208 0.940678 0.076051 0.214089
-13.8371 2.74709 5.93934 0.245716 0.940386 0.0758486 0.222797
-13.8503 2.79742 5.8238 0.240116 0.940755 0.0804868 0.225721
-13.7361 2.87945 5.63174 0.25432 0.933138 0.0704578 0.244347
-13.6197 2.81257 5.48093 0.253502 0.930368 0.0661806 0.256663
-13.4629 2.70966 5.35004 0.252111 0.928237 0.0633293 0.266272
-13.3091 2.59793 5.24538 0.251237 0.925352 0.0600676 0.277669
-13.1387 2.47519 5.18473 0.248163 0.923524 0.0550609 0.287374
-12.9597 2.34787 5.13986 0.245669 0.921655 0.049271 0.29644
-12.7921 2.21428 5.09487 0.244092 0.919314 0.0437774 0.305715
-12.6241 2.0858 5.0583 0.243029 0.917385 0.0367933 0.3132
-12.4566 1.96011 5.01492 0.24261 0.915176 0.0305013 0.320564
-12.2873 1.85117 4.97347 0.242245 0.913149 0.0218671 0.327267
-12.1292 1.74141 4.9203 0.243211 0.91037 0.0161884 0.334531
-11.9588 1.65034 4.88087 0.243682 0.908329 0.00828021 0.339994
-11.8029 1.54835 4.83922 0.245491 0.905521 0.00415601 0.346189
-11.6324 1.48022 4.81936 0.246477 0.903459 -0.0045805 0.350852
-11.4625 1.42176 4.81001 0.24758 0.901539 -0.0141096 0.354729
-11.2996 1.40709 4.79018 0.250091 0.898061 -0.0294651 0.360806
-11.1423 1.34862 4.78991 0.251908 0.895926 -0.0374801 0.36408
-10.9895 1.29098 4.79344 0.254225 0.893861 -0.0450028 0.366697
-10.8448 1.23779 4.79916 0.256407 0.891928 -0.0524315 0.36888
-10.7407 1.20377 4.81629 0.259435 0.890103 -0.058656 0.370242
-10.6608 1.1991 4.84098 0.262448 0.888427 -0.0677365 0.370584
-10.6011 1.20687 4.87248 0.265227 0.886997 -0.0772467 0.370181
-10.5968 1.22565 4.88871 0.268572 0.880958 -0.0839179 0.380582
-10.5938 1.26276 4.90697 0.27406 0.87418 -0.0941021 0.389817
-10.5633 1.26717 4.93295 0.277125 0.873034 -0.0975145 0.389369
-10.5514 1.31789 4.95113 0.281205 0.86663 -0.110564 0.397197
-10.482 1.3097 4.9766 0.283778 0.866278 -0.115425 0.394734
-10.4166 1.29971 4.99801 0.286419 0.866016 -0.119075 0.392321
-10.3542 1.28389 5.0183 0.289062 0.866178 -0.120924 0.389439
-10.2989 1.2863 5.04027 0.290414 0.866226 -0.125458 0.386895
-10.2608 1.30872 5.06587 0.291088 0.866454 -0.131416 0.383877
-10.2196 1.30161 5.08499 0.292624 0.866866 -0.131922 0.381611
-10.1826 1.29682 5.10323 0.294292 0.867217 -0.132073 0.379459
-10.1522 1.2922 5.12036 0.295799 0.867666 -0.131182 0.377578
-10.1219 1.28694 5.13406 0.297224 0.867971 -0.130034 0.37614
-10.088 1.29211 5.14912 0.298168 0.867887 -0.131203 0.375191
-10.0557 1.28096 5.15865 0.299067 0.867858 -0.12874 0.375382
-10.0265 1.27175 5.16978 0.29954 0.867724 -0.126353 0.376141
-9.98647 1.26485 5.1877 0.299345 0.867496 -0.125316 0.377155
-9.92886 1.25393 5.21123 0.298803 0.867112 -0.124627 0.378706
-9.87794 1.24635 5.2319 0.298266 0.866195 -0.123788 0.381479
-9.85301 1.25281 5.24873 0.296795 0.86477 -0.122694 0.386197
-9.81944 1.25537 5.2658 0.294431 0.863053 -0.121856 0.392057
-9.80717 1.2877 5.28689 0.290687 0.860366 -0.123479 0.400178
-9.72098 1.29512 5.29342 0.284772 0.85788 -0.127725 0.408339
-9.61464 1.25671 5.32276 0.275207 0.857309 -0.129932 0.415354
-9.50245 1.21476 5.34592 0.26428 0.856329 -0.132843 0.42346
-9.38694 1.1786 5.37435 0.252604 0.855062 -0.136267 0.431986
-9.27299 1.15712 5.39634 0.240643 0.852957 -0.141047 0.441328
-9.14776 1.12045 5.42021 0.22669 0.850742 -0.145562 0.451422
-9.01361 1.07699 5.44378 0.211398 0.848397 -0.150046 0.46166
-8.87477 1.03844 5.46755 0.195419 0.845405 -0.155124 0.472397
-8.72968 0.992956 5.49211 0.178517 0.842201 -0.159429 0.483242
-8.58225 0.954008 5.50884 0.161238 0.838146 -0.163949 0.49473
-8.43639 0.924604 5.51908 0.143483 0.833462 -0.16882 0.506417
-8.28369 0.896698 5.52248 0.124992 0.828347 -0.173413 0.518036
-8.1294 0.860713 5.51467 0.106557 0.822706 -0.17839 0.529311
-7.9907 0.7924 5.48474 0.0879897 0.81666 -0.183506 0.540234
-7.95303 0.767788 5.47191 0.0693696 0.810052 -0.188772 0.550954
