1 0 0 0 0 1 0 0 0 0 1 0
0.999861 -0.00413483 0.0161696 0.0377969 0.00433555 0.999913 -0.0124001 -0.0338204 -0.0161168 0.0124684 0.999792 -0.119294
0.999368 -0.00614256 0.0350247 0.0407034 0.00694083 0.999718 -0.0227158 -0.086135 -0.0348754 0.0229446 0.999129 -0.247427
0.998372 -0.0107776 0.0560097 0.0074342 0.0128786 0.999222 -0.0372867 -0.108461 -0.0555641 0.0379475 0.997734 -0.341999
0.99715 -0.0129403 0.0743393 -0.0282635 0.0166219 0.998655 -0.049119 -0.143498 -0.073604 0.0502149 0.996023 -0.413948
0.99572 -0.01711 0.0908253 -0.0558256 0.0229251 0.997728 -0.063371 -0.16444 -0.0895346 0.0651822 0.99385 -0.475484
0.993514 -0.0222611 0.111521 -0.092071 0.0311257 0.996438 -0.0783875 -0.177798 -0.109379 0.0813504 0.990666 -0.542029
0.990759 -0.0253838 0.13324 -0.133597 0.0380007 0.99494 -0.0930199 -0.193667 -0.130205 0.0972238 0.98671 -0.603645
0.98768 -0.0281162 0.153946 -0.174622 0.0448045 0.993354 -0.10603 -0.218442 -0.149942 0.111622 0.982375 -0.666285
0.984388 -0.0317955 0.173121 -0.214333 0.0530292 0.991425 -0.119444 -0.237632 -0.167839 0.12676 0.977632 -0.727488
0.980687 -0.0341513 0.192584 -0.262407 0.0603275 0.989448 -0.131741 -0.260939 -0.186053 0.140815 0.972398 -0.791321
0.976506 -0.0355712 0.212537 -0.324194 0.0670949 0.987446 -0.143004 -0.287984 -0.204782 0.153904 0.966634 -0.853937
0.972928 -0.0385537 0.227875 -0.368049 0.0750219 0.985281 -0.153613 -0.312555 -0.218599 0.16655 0.961498 -0.916897
0.968555 -0.0404505 0.245496 -0.437168 0.0825626 0.983041 -0.163756 -0.33449 -0.234709 0.178876 0.955468 -0.979285
0.963585 -0.042882 0.263948 -0.519644 0.0913827 0.980442 -0.174321 -0.345512 -0.25131 0.192094 0.948656 -1.04154
0.959218 -0.0445162 0.279146 -0.594831 0.0984951 0.978272 -0.182446 -0.367864 -0.264958 0.2025 0.94276 -1.10953
0.95469 -0.0473653 0.293818 -0.679333 0.106768 0.976047 -0.189573 -0.384511 -0.2778 0.212354 0.936878 -1.18697
0.950794 -0.0499312 0.305782 -0.764916 0.113869 0.974176 -0.194988 -0.40531 -0.288149 0.220212 0.931925 -1.26845
0.950526 -0.0552073 0.305709 -0.752209 0.120564 0.97251 -0.19924 -0.424024 -0.286305 0.226241 0.931049 -1.29466
0.947215 -0.0571842 0.315467 -0.859432 0.12515 0.971855 -0.199606 -0.460097 -0.295173 0.228552 0.92771 -1.4119
0.944907 -0.0607374 0.321664 -0.955674 0.129908 0.971526 -0.198166 -0.49549 -0.300467 0.229036 0.92589 -1.53374
0.942642 -0.0641566 0.327593 -1.06944 0.133871 0.971645 -0.19492 -0.528924 -0.305798 0.227596 0.9245 -1.65358
0.941306 -0.0673336 0.330781 -1.18316 0.136133 0.972412 -0.18945 -0.568549 -0.308898 0.223361 0.924501 -1.77749
0.940795 -0.0705 0.331579 -1.30069 0.137158 0.973665 -0.182142 -0.613594 -0.310004 0.216838 0.925685 -1.90245
0.940626 -0.0749286 0.331085 -1.42466 0.138725 0.975026 -0.173464 -0.656744 -0.309818 0.209096 0.927526 -2.03795
0.941189 -0.0798523 0.328328 -1.54929 0.140534 0.976162 -0.165443 -0.689707 -0.307288 0.201855 0.929971 -2.17676
0.94192 -0.0848476 0.324956 -1.68698 0.14209 0.977384 -0.156662 -0.720207 -0.304313 0.193737 0.93267 -2.31435
0.942768 -0.0889841 0.321377 -1.8396 0.142727 0.978686 -0.147711 -0.749312 -0.30138 0.185127 0.935371 -2.45337
0.944598 -0.0932521 0.314721 -1.9773 0.14208 0.980487 -0.135916 -0.797074 -0.295903 0.173103 0.939411 -2.61841
0.948515 -0.0984785 0.30106 -2.07033 0.141605 0.98202 -0.124913 -0.843 -0.283343 0.161114 0.9454 -2.80841
0.952693 -0.103465 0.285808 -2.17216 0.141896 0.982932 -0.117154 -0.863412 -0.268806 0.152168 0.951107 -2.95597
0.954411 -0.105216 0.279366 -2.3582 0.140245 0.984168 -0.108461 -0.903683 -0.263528 0.142698 0.954051 -3.13201
0.95601 -0.106145 0.273482 -2.55009 0.13815 0.985307 -0.100506 -0.940665 -0.258793 0.133867 0.956621 -3.316
0.95411 -0.105634 0.280237 -2.63899 0.136556 0.986253 -0.0931614 -0.97793 -0.26654 0.127156 0.955413 -3.32108
0.972269 -0.116934 0.202578 -2.57135 0.136495 0.986963 -0.0853964 -1.01803 -0.189949 0.11068 0.975545 -3.39782
0.98263 -0.120263 0.141398 -2.56112 0.132827 0.987666 -0.0830253 -1.05345 -0.129667 0.100367 0.986479 -3.50307
0.989183 -0.11993 0.0845729 -2.54758 0.127223 0.988074 -0.0868608 -1.07454 -0.073145 0.0966822 0.992634 -3.61146
0.989868 -0.117146 0.0803551 -2.71698 0.123971 0.988565 -0.0859739 -1.10888 -0.0693625 0.0950667 0.993066 -3.83153
0.990339 -0.113796 0.0793598 -2.89019 0.120524 0.989001 -0.0858656 -1.14728 -0.0687137 0.0946022 0.993151 -4.04552
0.990832 -0.110264 0.0781809 -3.05699 0.117008 0.989264 -0.0876789 -1.18634 -0.0676714 0.096025 0.99309 -4.25301
0.991241 -0.106315 0.0784735 -3.21988 0.113486 0.98915 -0.0934134 -1.22221 -0.0676887 0.101502 0.992541 -4.45733
0.991628 -0.100161 0.0816166 -3.38566 0.108341 0.988788 -0.102877 -1.25442 -0.0703948 0.11086 0.991354 -4.65273
0.991909 -0.0935583 0.0859243 -3.54873 0.103216 0.987902 -0.115842 -1.28211 -0.0740446 0.123775 0.989555 -4.83996
0.992199 -0.086028 0.09033 -3.70439 0.097458 0.986609 -0.130871 -1.31066 -0.0778593 0.138656 0.98729 -5.02663
0.992509 -0.0791426 0.0931828 -3.84462 0.0925445 0.984417 -0.14961 -1.33366 -0.0798878 0.157114 0.984355 -5.21266
0.992493 -0.0709044 0.0997516 -3.99265 0.0871079 0.981804 -0.168814 -1.36165 -0.0859641 0.176238 0.980602 -5.38742
0.992511 -0.0637365 0.104308 -4.1268 0.0826681 0.978572 -0.188645 -1.39233 -0.0900472 0.195856 0.976501 -5.56152
0.992377 -0.0545684 0.110601 -4.26251 0.0770019 0.974674 -0.210016 -1.42027 -0.096337 0.216932 0.971438 -5.73035
0.991964 -0.0448826 0.118376 -4.39791 0.0715855 0.970078 -0.232053 -1.45006 -0.104416 0.238663 0.965485 -5.88844
0.991351 -0.0346748 0.12666 -4.53054 0.0663504 0.964613 -0.255236 -1.47752 -0.113325 0.261433 0.958563 -6.03927
0.990598 -0.0244648 0.134677 -4.65647 0.0615515 0.958441 -0.278618 -1.50622 -0.122261 0.284289 0.950924 -6.18668
0.989878 -0.0145483 0.141255 -4.77123 0.0571651 0.951414 -0.302605 -1.53082 -0.129987 0.307617 0.942607 -6.32686
0.988665 -0.00403072 0.150161 -4.89679 0.0535407 0.943458 -0.327179 -1.55178 -0.140349 0.331509 0.932968 -6.463
0.987266 0.00563045 0.159055 -5.02284 0.0513654 0.934638 -0.351912 -1.57049 -0.150637 0.3556 0.922437 -6.59654
0.985998 0.0142747 0.166217 -5.14132 0.0500011 0.92526 -0.376059 -1.5842 -0.159158 0.379103 0.911579 -6.732
0.984675 0.0252074 0.172638 -5.25606 0.045979 0.91705 -0.396149 -1.61296 -0.1683 0.398014 0.901828 -6.87971
0.983347 0.032813 0.178822 -5.37473 0.0455575 0.907743 -0.41708 -1.629 -0.176007 0.418279 0.891119 -7.01739
0.98183 0.0410674 0.185332 -5.48793 0.0444826 0.899375 -0.434943 -1.65185 -0.184542 0.435282 0.881198 -7.158
0.980393 0.0485822 0.191039 -5.59938 0.0439931 0.890799 -0.452297 -1.66576 -0.192147 0.451831 0.871182 -7.28597
0.978952 0.0549461 0.196625 -5.71297 0.0445055 0.882519 -0.4682 -1.67102 -0.199247 0.467093 0.861488 -7.40868
0.977706 0.060959 0.201002 -5.81649 0.0441973 0.875844 -0.480599 -1.68071 -0.20534 0.478765 0.853611 -7.53476
0.976399 0.0623434 0.206849 -5.92126 0.045905 0.87574 -0.48063 -1.68059 -0.211106 0.478778 0.8522 -7.64574
0.97503 0.0631109 0.21298 -6.02747 0.0485011 0.875191 -0.481375 -1.67377 -0.216774 0.479681 0.850264 -7.74485
0.973982 0.0622388 0.217976 -6.12637 0.0521405 0.874297 -0.482617 -1.66316 -0.220609 0.481422 0.848295 -7.8381
0.972719 0.0616647 0.223706 -6.22629 0.0556513 0.873936 -0.482879 -1.65619 -0.225278 0.48215 0.84665 -7.92978
0.97149 0.0602178 0.229375 -6.32169 0.0602775 0.872773 -0.484428 -1.64466 -0.229359 0.484438 0.844249 -8.00953
0.970474 0.0584813 0.234074 -6.40766 0.0643072 0.872402 -0.484576 -1.63406 -0.232542 0.485316 0.842871 -8.09487
0.969477 0.0563022 0.238697 -6.4918 0.0687092 0.871975 -0.484741 -1.62394 -0.235426 0.486341 0.841481 -8.17732
0.967954 0.0538928 0.245342 -6.58215 0.0737559 0.872701 -0.482689 -1.62822 -0.24012 0.48531 0.840747 -8.24896
0.966634 0.0508752 0.251127 -6.66465 0.0797805 0.871627 -0.483672 -1.61421 -0.243492 0.487562 0.838474 -8.30652
0.964709 0.0476991 0.259024 -6.75233 0.0864843 0.871581 -0.4826 -1.61324 -0.248777 0.487964 0.836685 -8.359
0.963019 0.0443792 0.26582 -6.82929 0.0926628 0.871702 -0.481236 -1.60852 -0.253068 0.488064 0.835342 -8.41087
0.960903 0.0410082 0.273892 -6.90481 0.0999349 0.87102 -0.481015 -1.60016 -0.258287 0.489573 0.832855 -8.45143
0.958548 0.037463 0.282523 -6.97796 0.107686 0.870238 -0.480758 -1.59459 -0.263868 0.491245 0.83012 -8.48434
0.95626 0.0339149 0.290607 -7.03803 0.115433 0.868971 -0.481252 -1.58225 -0.268846 0.493741 0.827034 -8.51565
0.953614 0.0307416 0.299521 -7.09644 0.12326 0.867759 -0.481501 -1.57314 -0.274709 0.496076 0.823706 -8.5488
0.950482 0.0276973 0.309601 -7.15374 0.131163 0.867286 -0.480262 -1.57137 -0.28181 0.497081 0.820694 -8.58256
0.947106 0.0244647 0.320046 -7.20717 0.139811 0.866107 -0.479952 -1.56934 -0.288931 0.499303 0.816864 -8.61502
0.94608 0.022763 0.323189 -7.20635 0.143186 0.865467 -0.48011 -1.56698 -0.290634 0.500491 0.815528 -8.64583
0.946313 0.0222072 0.322548 -7.19092 0.142894 0.8662 -0.478875 -1.59263 -0.29002 0.499247 0.816513 -8.67906
0.941621 0.0199914 0.336139 -7.23849 0.152762 0.864261 -0.47933 -1.59137 -0.30009 0.502688 0.810739 -8.71838
0.935847 0.0178057 0.352016 -7.28567 0.163077 0.863539 -0.477231 -1.59728 -0.312471 0.50401 0.805226 -8.75383
0.929305 0.0162089 0.369013 -7.33272 0.173411 0.862965 -0.474617 -1.60959 -0.326134 0.505045 0.799134 -8.79311
0.922781 0.0152243 0.385079 -7.36714 0.183672 0.861076 -0.47419 -1.61406 -0.338795 0.508291 0.791778 -8.83434
0.914833 0.0150407 0.403604 -7.41014 0.195387 0.858125 -0.474856 -1.61904 -0.35348 0.513262 0.782089 -8.8622
0.907449 0.0150328 0.419947 -7.43799 0.20547 0.85589 -0.474636 -1.62684 -0.366557 0.516983 0.773577 -8.90491
0.899386 0.0159412 0.436912 -7.46379 0.215286 0.853651 -0.474316 -1.63765 -0.380526 0.520644 0.764317 -8.94485
0.890849 0.0164721 0.454053 -7.49357 0.225746 0.851235 -0.473799 -1.64751 -0.394302 0.524571 0.754592 -8.98584
0.88286 0.0171237 0.469371 -7.51216 0.235082 0.849063 -0.473154 -1.65649 -0.406621 0.528058 0.745564 -9.03073
0.874077 0.0188174 0.485473 -7.53505 0.244459 0.846522 -0.472957 -1.66477 -0.419855 0.532066 0.735314 -9.0697
0.867491 0.0201067 0.497093 -7.53414 0.251189 0.844789 -0.472529 -1.66994 -0.429432 0.534768 0.727782 -9.12544
0.861153 0.02241 0.507901 -7.51162 0.256031 0.843994 -0.47135 -1.68984 -0.439218 0.53593 0.721059 -9.147
0.854179 0.0256989 0.519389 -7.52246 0.262217 0.841243 -0.472865 -1.68715 -0.449076 0.540092 0.71182 -9.18582
0.848146 0.0278709 0.529077 -7.5269 0.267359 0.839643 -0.47283 -1.69283 -0.457404 0.542469 0.704677 -9.22811
0.843846 0.0294889 0.53582 -7.51381 0.270447 0.839064 -0.472101 -1.70283 -0.4635 0.543279 0.700053 -9.27658
0.839015 0.0355921 0.54299 -7.51826 0.270285 0.838821 -0.472626 -1.7071 -0.472283 0.543288 0.694152 -9.31083
0.836075 0.0408116 0.54714 -7.49578 0.267545 0.840323 -0.471516 -1.72028 -0.479008 0.540595 0.691641 -9.3434
0.834256 0.0447065 0.549609 -7.4766 0.265466 0.841063 -0.471371 -1.72678 -0.483319 0.539133 0.689782 -9.36699
0.833125 0.0469366 0.551134 -7.47038 0.264306 0.841518 -0.47121 -1.73077 -0.485897 0.538233 0.688671 -9.38092
0.833749 0.046251 0.55025 -7.47052 0.263897 0.841967 -0.470638 -1.73492 -0.485049 0.53759 0.689772 -9.39424
0.834557 0.0440417 0.549204 -7.48284 0.26513 0.841719 -0.470389 -1.73832 -0.482982 0.538164 0.690773 -9.39141
0.836988 0.0458558 0.545344 -7.49305 0.25926 0.844366 -0.468913 -1.73252 -0.481962 0.533847 0.694824 -9.39113
0.839786 0.0481842 0.540823 -7.51808 0.252284 0.847398 -0.467247 -1.72423 -0.480796 0.528816 0.699463 -9.37957
0.844347 0.0496532 0.53354 -7.53868 0.243382 0.851548 -0.464414 -1.7141 -0.477384 0.521968 0.706905 -9.37578
0.847919 0.0520841 0.52761 -7.58318 0.234766 0.855413 -0.461739 -1.70704 -0.475364 0.515369 0.71308 -9.35211
0.853866 0.0532538 0.517812 -7.62853 0.224402 0.859936 -0.45848 -1.69536 -0.46969 0.507666 0.722307 -9.34395
0.860069 0.0540246 0.507361 -7.66779 0.213658 0.864883 -0.454288 -1.68212 -0.46334 0.499108 0.732302 -9.33617
0.866855 0.0541326 0.495666 -7.70913 0.201544 0.871239 -0.44763 -1.68478 -0.456065 0.487916 0.744314 -9.31979
0.87379 0.0550269 0.483236 -7.7552 0.188483 0.877642 -0.44076 -1.68515 -0.448352 0.476201 0.756488 -9.30077
0.882898 0.0556796 0.466309 -7.7823 0.173057 0.884516 -0.433283 -1.68059 -0.436572 0.463231 0.771286 -9.29873
0.891032 0.0561186 0.450519 -7.81718 0.158193 0.891786 -0.423963 -1.6866 -0.425549 0.449021 0.785716 -9.2883
0.90035 0.0564263 0.431556 -7.84459 0.142016 0.899222 -0.413865 -1.68843 -0.411407 0.4339 0.801585 -9.29736
0.90834 0.0574773 0.414332 -7.88244 0.126883 0.90601 -0.403856 -1.69099 -0.398592 0.419398 0.815655 -9.29169
0.916962 0.0588343 0.394682 -7.91184 0.110674 0.912796 -0.393204 -1.69014 -0.383387 0.404224 0.83047 -9.3035
0.926383 0.0604453 0.371778 -7.9279 0.0930457 0.919748 -0.381394 -1.68591 -0.364986 0.387897 0.846397 -9.3391
0.933187 0.0620657 0.354071 -7.96822 0.0786559 0.925882 -0.369611 -1.6921 -0.350758 0.372756 0.859119 -9.34257
0.940002 0.0637798 0.335242 -8.00138 0.0637368 0.932303 -0.356096 -1.70083 -0.33525 0.356086 0.872283 -9.36137
0.94646 0.0658953 0.316118 -8.02842 0.0494588 0.937848 -0.343585 -1.70211 -0.319102 0.340814 0.884356 -9.38361
0.951922 0.0678906 0.298824 -8.06324 0.0366293 0.942973 -0.330933 -1.7082 -0.304242 0.325957 0.895129 -9.40467
0.956385 0.0702084 0.283654 -8.10186 0.0241826 0.948386 -0.316284 -1.72568 -0.29121 0.309339 0.905303 -9.43384
0.961064 0.0727492 0.266693 -8.12925 0.0121861 0.952686 -0.303804 -1.7275 -0.276168 0.295215 0.914685 -9.48536
0.964079 0.0746528 0.255029 -8.17313 0.00235626 0.957312 -0.289146 -1.75136 -0.265719 0.279351 0.922727 -9.51521
0.966461 0.0770349 0.245112 -8.22123 -0.00624289 0.960776 -0.277357 -1.7613 -0.256856 0.266515 0.929013 -9.55734
0.968589 0.0795367 0.235736 -8.26506 -0.0145887 0.964072 -0.265347 -1.77446 -0.248363 0.253563 0.934928 -9.61338
0.970778 0.0817287 0.225772 -8.29878 -0.0222409 0.966875 -0.254391 -1.78404 -0.239076 0.241926 0.940417 -9.68356
0.972169 0.0835571 0.219014 -8.33727 -0.0285447 0.969582 -0.243217 -1.80181 -0.232667 0.230188 0.94496 -9.73473
0.973572 0.0854885 0.211924 -8.3728 -0.034856 0.972113 -0.232033 -1.82025 -0.225842 0.218505 0.94938 -9.80306
0.974875 0.0871596 0.205145 -8.40214 -0.0406993 0.974533 -0.220653 -1.84319 -0.219144 0.206752 0.953572 -9.88008
0.97591 0.0898233 0.198982 -8.43046 -0.0471881 0.976703 -0.209482 -1.86991 -0.213155 0.195037 0.957391 -9.96318
0.976526 0.0920972 0.194882 -8.46864 -0.0523264 0.97839 -0.200182 -1.89198 -0.209099 0.185277 0.960219 -10.0459
0.977012 0.0941109 0.191453 -8.50578 -0.0566909 0.979725 -0.192313 -1.90489 -0.205662 0.17703 0.962516 -10.1404
0.97724 0.0952866 0.189701 -8.55036 -0.059747 0.980958 -0.184964 -1.91914 -0.203706 0.169412 0.9643 -10.2342
0.977266 0.0964833 0.188954 -8.59927 -0.0624667 0.982008 -0.178373 -1.93559 -0.202757 0.162507 0.965689 -10.3252
0.977148 0.0967062 0.189457 -8.65271 -0.0639236 0.983034 -0.1721 -1.95314 -0.202878 0.15605 0.966727 -10.4211
0.9769 0.0993398 0.189367 -8.69974 -0.0679334 0.983866 -0.165691 -1.96862 -0.202764 0.148991 0.967865 -10.5305
0.976614 0.100436 0.190266 -8.75068 -0.0702714 0.98478 -0.159158 -1.99048 -0.203347 0.142059 0.968783 -10.6347
0.976431 0.102049 0.190345 -8.7987 -0.0728382 0.985315 -0.154628 -2.00716 -0.203321 0.137112 0.969503 -10.7523
0.976002 0.10362 0.191694 -8.85354 -0.0754272 0.985994 -0.148958 -2.03081 -0.204436 0.130918 0.970123 -10.869
0.975401 0.106032 0.193423 -8.91291 -0.0786596 0.986461 -0.144114 -2.05259 -0.206076 0.125348 0.970513 -10.987
0.975177 0.10775 0.193606 -8.96694 -0.0811136 0.986765 -0.140629 -2.07121 -0.206188 0.121428 0.970986 -11.1142
0.975145 0.108744 0.193213 -9.02038 -0.0828548 0.987076 -0.137396 -2.08948 -0.205649 0.117966 0.971529 -11.2414
0.974928 0.110374 0.193382 -9.0773 -0.085348 0.987424 -0.133312 -2.11226 -0.205656 0.113459 0.972063 -11.3617
0.974527 0.11172 0.194626 -9.14183 -0.0879441 0.988049 -0.126832 -2.14201 -0.206461 0.106479 0.972683 -11.4762
0.974083 0.114937 0.194977 -9.20148 -0.0926551 0.988495 -0.119824 -2.17301 -0.206497 0.0986477 0.973499 -11.594
0.973766 0.117399 0.195093 -9.25874 -0.0960176 0.988664 -0.115702 -2.19666 -0.206456 0.0939291 0.973976 -11.7138
0.973566 0.119444 0.19485 -9.31531 -0.0984845 0.988623 -0.113968 -2.21699 -0.206237 0.0917606 0.974228 -11.8335
0.973239 0.121844 0.194998 -9.37134 -0.100921 0.988384 -0.113908 -2.23388 -0.206603 0.0911749 0.974207 -11.9529
0.972773 0.123442 0.196314 -9.43437 -0.102095 0.988089 -0.115417 -2.24939 -0.208215 0.0922269 0.973764 -12.067
0.972401 0.125162 0.19707 -9.48786 -0.103485 0.987788 -0.116751 -2.26679 -0.209267 0.0931297 0.973453 -12.1862
0.971968 0.12689 0.198097 -9.54253 -0.104829 0.987475 -0.118191 -2.28501 -0.210605 0.0941069 0.97307 -12.3022
0.970822 0.129275 0.202132 -9.60752 -0.106542 0.987119 -0.119623 -2.30639 -0.214983 0.0945916 0.972066 -12.4097
0.969526 0.131964 0.206572 -9.66594 -0.107857 0.986441 -0.123964 -2.32153 -0.22012 0.0979012 0.970587 -12.5215
0.967545 0.133914 0.214448 -9.7353 -0.108166 0.985934 -0.127666 -2.3421 -0.228518 0.100321 0.968397 -12.6252
0.96599 0.136489 0.219774 -9.7905 -0.108926 0.985139 -0.133051 -2.36049 -0.234658 0.104581 0.966476 -12.7347
0.963532 0.13995 0.228224 -9.85107 -0.11003 0.984194 -0.139 -2.38216 -0.24406 0.108813 0.963676 -12.8413
0.960685 0.143613 0.237753 -9.91221 -0.110973 0.983153 -0.145468 -2.40541 -0.254629 0.113359 0.960412 -12.9484
0.95748 0.146823 0.248479 -9.97021 -0.111013 0.982077 -0.152533 -2.4308 -0.26641 0.118457 0.956594 -13.0536
0.953567 0.151 0.260725 -10.0267 -0.110556 0.980371 -0.163451 -2.44812 -0.280278 0.127031 0.951518 -13.1587
0.948415 0.15623 0.275985 -10.0903 -0.10969 0.978153 -0.176781 -2.4611 -0.297562 0.137383 0.944808 -13.2605
0.942223 0.161687 0.2935 -10.1544 -0.108394 0.975887 -0.189638 -2.48039 -0.317073 0.146862 0.937003 -13.3617
0.936155 0.166421 0.309813 -10.2003 -0.105059 0.973086 -0.205262 -2.49439 -0.335622 0.159602 0.92842 -13.4636
0.927026 0.172761 0.332936 -10.272 -0.102189 0.970392 -0.219009 -2.52272 -0.360902 0.168997 0.917207 -13.5563
0.916334 0.180913 0.357308 -10.3407 -0.0976089 0.966166 -0.238876 -2.52992 -0.388421 0.184007 0.902968 -13.6403
0.903946 0.189671 0.383376 -10.4111 -0.0919966 0.961571 -0.258816 -2.54115 -0.417718 0.198679 0.886633 -13.7211
0.88958 0.197 0.412199 -10.4949 -0.085281 0.958027 -0.273824 -2.57532 -0.448825 0.208427 0.86902 -13.8053
0.87413 0.205954 0.439945 -10.573 -0.0779083 0.953418 -0.291536 -2.59891 -0.479479 0.220556 0.849434 -13.8889
0.858076 0.216369 0.46579 -10.6388 -0.0698744 0.947706 -0.311513 -2.61282 -0.508816 0.234746 0.828301 -13.9685
0.841064 0.226634 0.491246 -10.706 -0.061477 0.942212 -0.329433 -2.63235 -0.5375 0.246864 0.806372 -14.0506
0.823893 0.237504 0.514648 -10.7668 -0.0532394 0.936419 -0.346922 -2.65102 -0.564302 0.258417 0.784134 -14.1355
0.806241 0.247678 0.537312 -10.828 -0.044772 0.931127 -0.362033 -2.67512 -0.589953 0.267819 0.761783 -14.2179
0.788949 0.257612 0.557912 -10.8895 -0.0363804 0.925906 -0.37609 -2.69794 -0.613438 0.276409 0.739848 -14.305
0.771091 0.269717 0.576841 -10.9519 -0.0288239 0.919753 -0.391528 -2.7063 -0.636132 0.285266 0.716969 -14.385
0.753232 0.282494 0.594062 -11.018 -0.0215116 0.913217 -0.406991 -2.70691 -0.657458 0.293769 0.693925 -14.4597
0.736498 0.29276 0.609864 -11.0887 -0.0142901 0.90807 -0.418658 -2.71698 -0.676344 0.299615 0.67296 -14.5383
0.720926 0.305447 0.622124 -11.1652 -0.00984186 0.902096 -0.431506 -2.70575 -0.692994 0.30495 0.653335 -14.6164
0.707224 0.314318 0.633334 -11.2439 -0.00561276 0.89825 -0.439529 -2.7105 -0.707021 0.307279 0.637013 -14.6974
0.692147 0.321357 0.646324 -11.3436 -0.00156642 0.896121 -0.443886 -2.72313 -0.721807 0.306211 0.620737 -14.7539
0.678859 0.323822 0.659064 -11.4581 0.000930979 0.897167 -0.441772 -2.74453 -0.734321 0.300503 0.608733 -14.8075
0.678898 0.327631 0.65714 -11.434 -0.00535479 0.897155 -0.441768 -2.7626 -0.734267 0.296385 0.610816 -14.9071
0.678928 0.327714 0.657066 -11.431 -0.00938377 0.898705 -0.438537 -2.80935 -0.734197 0.291559 0.613215 -14.9856
0.681358 0.333961 0.651384 -11.4253 -0.0219984 0.898836 -0.43782 -2.8041 -0.731675 0.283972 0.619758 -15.0598
0.683751 0.345538 0.642782 -11.4201 -0.0407708 0.897544 -0.439123 -2.75447 -0.72863 0.274033 0.627767 -15.1106
0.680678 0.358351 0.639017 -11.4365 -0.0608488 0.896885 -0.438147 -2.69841 -0.730107 0.259343 0.632277 -15.0969
0.678698 0.374552 0.631793 -11.4609 -0.0865013 0.895007 -0.437674 -2.60531 -0.729361 0.242388 0.63982 -15.0735
0.676002 0.389791 0.625434 -11.498 -0.113932 0.893777 -0.433891 -2.50649 -0.728096 0.222046 0.648584 -15.0308
0.692101 0.39221 0.606012 -11.5381 -0.136245 0.895434 -0.423926 -2.4427 -0.708882 0.210826 0.673148 -15.111
0.690203 0.409696 0.596534 -11.5896 -0.167882 0.892506 -0.418726 -2.30037 -0.703931 0.188852 0.684767 -15.0527
0.704379 0.419396 0.572749 -11.6285 -0.196704 0.890569 -0.410212 -2.16656 -0.682084 0.176275 0.709774 -15.1162
0.712847 0.431224 0.553157 -11.6765 -0.229841 0.888769 -0.396667 -2.02177 -0.662651 0.155619 0.732645 -15.1433
0.726514 0.435742 0.531405 -11.7289 -0.257485 0.889573 -0.377413 -1.90989 -0.63715 0.137362 0.75846 -15.2038
0.740215 0.439844 0.508632 -11.7777 -0.287776 0.890871 -0.351592 -1.80099 -0.607743 0.113878 0.785986 -15.28
0.754516 0.441585 0.485586 -11.8345 -0.31464 0.892655 -0.322875 -1.69555 -0.576011 0.0908256 0.812436 -15.3663
0.770461 0.44371 0.45782 -11.8802 -0.342479 0.893745 -0.289849 -1.5922 -0.537757 0.0665208 0.840527 -15.494
0.78433 0.446175 0.431091 -11.9166 -0.370161 0.89418 -0.252 -1.49491 -0.497886 0.0380757 0.86646 -15.62
0.794682 0.450029 0.407484 -11.9452 -0.396704 0.893032 -0.212618 -1.38977 -0.459556 0.00731231 0.888172 -15.7274
0.803482 0.4544 0.384738 -11.9607 -0.420644 0.890557 -0.173342 -1.27944 -0.421377 -0.0225601 0.906657 -15.8355
0.811848 0.449894 0.372274 -12.007 -0.437366 0.8909 -0.122862 -1.24855 -0.386912 -0.0630727 0.92001 -15.8989
0.818854 0.444551 0.363236 -12.0637 -0.451674 0.889451 -0.0703477 -1.2243 -0.354336 -0.106457 0.929089 -15.9559
0.82524 0.439058 0.355382 -12.1205 -0.463816 0.88581 -0.0173456 -1.2034 -0.322397 -0.150512 0.934614 -16.0152
0.831271 0.432754 0.349001 -12.1894 -0.473535 0.88006 0.0366347 -1.18651 -0.29127 -0.195711 0.936459 -16.1036
0.836916 0.425529 0.344364 -12.257 -0.480432 0.872508 0.089447 -1.16974 -0.26238 -0.240294 0.934619 -16.2101
0.844722 0.410771 0.343225 -12.3361 -0.478722 0.866614 0.141033 -1.15304 -0.239496 -0.283432 0.928658 -16.3195
0.850737 0.395585 0.346193 -12.4291 -0.476572 0.858336 0.19033 -1.13048 -0.221841 -0.326893 0.918709 -16.4324
0.856451 0.378535 0.351135 -12.526 -0.47249 0.848812 0.237397 -1.11126 -0.20817 -0.369213 0.905785 -16.5615
0.860979 0.361115 0.358332 -12.6295 -0.468415 0.837537 0.281437 -1.0841 -0.198468 -0.410143 0.890221 -16.6912
0.865073 0.341475 0.36761 -12.7394 -0.46302 0.825558 0.322729 -1.05634 -0.193265 -0.449377 0.872245 -16.8274
0.869151 0.320072 0.377125 -12.8549 -0.455873 0.814224 0.359595 -1.02159 -0.19195 -0.484443 0.853565 -16.981
0.872515 0.297796 0.387467 -12.9728 -0.448949 0.801647 0.394836 -0.988615 -0.193016 -0.518432 0.833112 -17.1326
0.874761 0.274409 0.399484 -13.0968 -0.442228 0.7892 0.426248 -0.94242 -0.198289 -0.549505 0.811683 -17.3035
0.877076 0.250324 0.410086 -13.1834 -0.434557 0.777387 0.454883 -0.875206 -0.204913 -0.57715 0.790578 -17.5086
0.878304 0.226475 0.421173 -13.2709 -0.42806 0.764976 0.481318 -0.807011 -0.213163 -0.603006 0.768798 -17.7176
0.879951 0.201467 0.43034 -13.3522 -0.419403 0.755019 0.504119 -0.730381 -0.223336 -0.624061 0.748848 -17.946
0.87986 0.179161 0.440277 -13.4319 -0.413882 0.744291 0.524237 -0.65125 -0.233753 -0.643452 0.728997 -18.1809
0.880275 0.158042 0.447478 -13.4774 -0.407257 0.735659 0.541329 -0.561825 -0.243623 -0.658731 0.711919 -18.434
0.881213 0.13829 0.452148 -13.4046 -0.40008 0.72774 0.557156 -0.460918 -0.251977 -0.67184 0.696595 -18.6872
0.882029 0.122639 0.455062 -13.2216 -0.392967 0.724443 0.566436 -0.335819 -0.260183 -0.678411 0.687147 -18.914
0.881602 0.11106 0.45885 -13.0333 -0.388814 0.722104 0.572261 -0.210292 -0.267762 -0.682884 0.679765 -19.1158
0.881979 0.103518 0.459887 -12.8288 -0.386467 0.717426 0.579686 -0.101629 -0.269909 -0.688974 0.672735 -19.2888
0.883329 0.102385 0.457544 -12.6134 -0.384489 0.716684 0.581915 0.0153241 -0.268314 -0.689914 0.672409 -19.465
0.885061 0.107324 0.453044 -12.401 -0.384882 0.716213 0.582234 0.122352 -0.261971 -0.689653 0.675174 -19.6338
0.888639 0.116334 0.443722 -12.1773 -0.384356 0.716845 0.581805 0.237798 -0.250376 -0.687532 0.681704 -19.8056
0.89545 0.102276 0.433371 -11.9584 -0.362434 0.732832 0.575929 0.349451 -0.258667 -0.672756 0.693255 -19.9592
0.902963 0.088176 0.420696 -11.7338 -0.337544 0.751457 0.566985 0.459253 -0.266119 -0.653941 0.708273 -20.1135
0.910199 0.0740669 0.40762 -11.5095 -0.311276 0.77157 0.554871 0.566818 -0.273391 -0.631899 0.725309 -20.2618
0.917346 0.0609794 0.393525 -11.2869 -0.283745 0.793489 0.538478 0.672072 -0.279401 -0.605604 0.745177 -20.4077
0.923528 0.0474804 0.380715 -11.0826 -0.255486 0.816436 0.517932 0.769862 -0.286219 -0.575569 0.766101 -20.5502
0.930813 0.0336776 0.364083 -10.8518 -0.223743 0.840054 0.494311 0.847661 -0.289181 -0.541548 0.789437 -20.6951
0.936415 0.0194441 0.350502 -10.6373 -0.193427 0.861836 0.468957 0.901143 -0.292937 -0.506915 0.810764 -20.819
0.942435 0.00553817 0.334501 -10.4085 -0.160944 0.884104 0.438807 0.936513 -0.293281 -0.467363 0.834068 -20.9654
0.948254 -0.00900522 0.31755 -10.1781 -0.127105 0.905388 0.405231 0.950852 -0.291136 -0.424607 0.857357 -21.1175
0.953087 -0.0246291 0.301869 -9.95044 -0.092873 0.924954 0.368688 0.955165 -0.288273 -0.379411 0.879238 -21.2692
0.957118 -0.0398807 0.287124 -9.72697 -0.0590688 0.942924 0.327876 0.954901 -0.283792 -0.330763 0.900096 -21.4292
0.960292 -0.0553875 0.273638 -9.50301 -0.0258643 0.958307 0.284734 0.950914 -0.277979 -0.280494 0.918784 -21.5904
0.961852 -0.0699263 0.264682 -9.29224 0.0047845 0.971021 0.23915 0.945199 -0.273715 -0.228753 0.934274 -21.7571
0.962443 -0.085366 0.257919 -9.07863 0.0357266 0.980922 0.191343 0.943571 -0.269312 -0.174935 0.947091 -21.9166
0.962081 -0.0994209 0.254212 -8.8684 0.0641102 0.987604 0.143622 0.934229 -0.26532 -0.121875 0.956487 -22.0783
0.960618 -0.112093 0.25447 -8.66144 0.0906156 0.991427 0.094642 0.92851 -0.262877 -0.0678538 0.9625 -22.2356
0.958256 -0.124159 0.257758 -8.45012 0.116061 0.992205 0.0464622 0.922141 -0.261498 -0.0146086 0.965154 -22.3883
0.955003 -0.133902 0.264853 -8.2441 0.139053 0.990334 -0.000714753 0.914552 -0.262177 0.0375083 0.964351 -22.5564
0.95117 -0.140795 0.274885 -8.03624 0.159102 0.98627 -0.0453656 0.905391 -0.264704 0.086879 0.960469 -22.7104
0.948434 -0.151375 0.278688 -7.72603 0.180139 0.980388 -0.080538 0.849465 -0.261011 0.126581 0.957062 -22.8623
0.943486 -0.177881 0.279832 -7.335 0.208212 0.974655 -0.0824472 0.567463 -0.258054 0.136043 0.956568 -23.0034
0.940243 -0.192598 0.281002 -6.92916 0.225568 0.970127 -0.0898427 0.354501 -0.255284 0.14785 0.955558 -23.1575
0.937681 -0.201902 0.283024 -6.48518 0.236341 0.967263 -0.0929881 0.123222 -0.254965 0.154073 0.95466 -23.3155
0.934632 -0.206369 0.289808 -6.07508 0.243042 0.96526 -0.0964622 -0.0799979 -0.259812 0.160583 0.952277 -23.4608
0.933161 -0.209448 0.29233 -5.62054 0.246931 0.964177 -0.0974214 -0.291991 -0.261433 0.163084 0.95141 -23.6232
0.93132 -0.21057 0.297354 -5.17206 0.249964 0.963034 -0.100928 -0.459719 -0.265088 0.168314 0.949485 -23.7803
0.929966 -0.211709 0.300764 -4.70882 0.252497 0.962102 -0.10349 -0.611074 -0.267435 0.172173 0.948136 -23.9428
0.928167 -0.213582 0.304968 -4.24546 0.255909 0.96094 -0.105871 -0.738979 -0.270422 0.176299 0.946529 -24.104
0.927705 -0.211394 0.307887 -3.76814 0.254695 0.961078 -0.107555 -0.850046 -0.273145 0.178185 0.945394 -24.2712
0.927899 -0.20725 0.310109 -3.2848 0.250937 0.962024 -0.107917 -0.973623 -0.275944 0.177943 0.944626 -24.4418
0.927507 -0.200304 0.315796 -2.83243 0.245509 0.963173 -0.110144 -1.0563 -0.282082 0.179678 0.942483 -24.598
0.927177 -0.195832 0.319549 -2.38838 0.242235 0.963761 -0.112223 -1.12664 -0.285969 0.181446 0.940973 -24.7531
0.927413 -0.190601 0.322018 -1.94695 0.237465 0.964883 -0.112783 -1.1887 -0.289191 0.181052 0.940063 -24.9102
0.927605 -0.185347 0.324524 -1.52336 0.232776 0.965918 -0.113691 -1.23354 -0.292367 0.180991 0.939093 -25.0586
0.927032 -0.182796 0.327595 -1.11751 0.230875 0.966324 -0.114127 -1.26737 -0.295678 0.18142 0.937973 -25.2016
0.926916 -0.179914 0.329512 -0.727952 0.228243 0.966952 -0.114094 -1.29149 -0.298071 0.180953 0.937306 -25.3379
0.926893 -0.175798 0.331793 -0.357891 0.224171 0.967993 -0.113353 -1.30518 -0.301222 0.179432 0.936592 -25.4662
0.926643 -0.173522 0.333682 -0.0133001 0.221851 0.968641 -0.112374 -1.30146 -0.303694 0.178148 0.936037 -25.5843
0.926055 -0.173494 0.335328 0.302942 0.22176 0.968801 -0.111174 -1.28296 -0.305554 0.177304 0.935594 -25.6925
0.924986 -0.175896 0.337024 0.58557 0.22438 0.968277 -0.110478 -1.22936 -0.306875 0.177801 0.935066 -25.7835
0.9261 -0.167615 0.338183 0.836863 0.215225 0.970597 -0.10832 -1.16745 -0.310059 0.173089 0.934902 -25.8642
0.927105 -0.159603 0.339303 1.06992 0.206572 0.97263 -0.106926 -1.08401 -0.312925 0.169212 0.934655 -25.9331
0.927817 -0.152914 0.34044 1.28706 0.198584 0.974671 -0.103421 -1.00719 -0.315978 0.16355 0.934639 -25.9991
0.928276 -0.146635 0.341944 1.49937 0.191388 0.976376 -0.100871 -0.915137 -0.319049 0.15907 0.934366 -26.0638
0.928736 -0.142005 0.342653 1.65047 0.18586 0.977678 -0.0985799 -0.78897 -0.32098 0.155229 0.934354 -26.1048
0.929385 -0.137378 0.342778 1.8109 0.180336 0.978905 -0.0966327 -0.660363 -0.322246 0.151615 0.93451 -26.146
0.930268 -0.134957 0.341345 1.96636 0.17664 0.979836 -0.0939976 -0.521631 -0.321752 0.147727 0.935305 -26.1788
0.932594 -0.134234 0.335223 2.14119 0.17388 0.980605 -0.0910781 -0.379714 -0.31647 0.143219 0.937803 -26.1953
0.933244 -0.13197 0.334322 2.25855 0.170483 0.98144 -0.0884779 -0.236638 -0.316416 0.139557 0.938377 -26.2181
0.93335 -0.131426 0.334232 2.35752 0.168762 0.982033 -0.0851229 -0.0886 -0.317014 0.135846 0.938716 -26.2391
0.933505 -0.132201 0.3335 2.45083 0.168762 0.982214 -0.083025 0.0700705 -0.316568 0.133776 0.939167 -26.2545
0.93334 -0.133466 0.333454 2.53439 0.168991 0.982442 -0.079789 0.214786 -0.316924 0.130812 0.939462 -26.2737
0.933735 -0.133603 0.332295 2.6216 0.167913 0.982878 -0.0766466 0.346465 -0.316341 0.127354 0.940137 -26.2904
0.933817 -0.134855 0.331555 2.69874 0.168071 0.98309 -0.0735183 0.472314 -0.316008 0.124369 0.940646 -26.3046
0.934445 -0.136345 0.329174 2.78543 0.168329 0.983263 -0.0705711 0.586461 -0.314018 0.121344 0.94171 -26.3197
0.934555 -0.138308 0.328037 2.8577 0.169141 0.983354 -0.0672755 0.685346 -0.313246 0.118349 0.942345 -26.3348
0.934821 -0.140625 0.326294 2.93125 0.170532 0.983281 -0.0647939 0.775237 -0.311702 0.116205 0.943128 -26.3499
0.934592 -0.143566 0.325664 2.9981 0.173056 0.982935 -0.0633275 0.856662 -0.310989 0.115535 0.943442 -26.3667
0.934723 -0.148339 0.323142 3.07383 0.177651 0.982136 -0.0630172 0.929419 -0.307997 0.1163 0.944333 -26.3826
0.934743 -0.152849 0.320973 3.15426 0.181922 0.981389 -0.0624605 0.974828 -0.305426 0.116768 0.945107 -26.3987
0.934484 -0.157805 0.319328 3.23765 0.186918 0.980449 -0.0624761 1.00017 -0.303202 0.118061 0.945665 -26.4201
0.934146 -0.162766 0.31782 3.3282 0.19204 0.979435 -0.0628568 1.00322 -0.301028 0.119743 0.946145 -26.4457
0.933977 -0.168069 0.315554 3.42752 0.198293 0.97798 -0.0660137 1.00295 -0.297487 0.124217 0.946692 -26.465
0.933704 -0.17334 0.313498 3.53538 0.204355 0.976546 -0.0686952 0.979009 -0.294213 0.128196 0.94718 -26.4909
0.933369 -0.179027 0.311297 3.64979 0.210745 0.975011 -0.0711476 0.935458 -0.290757 0.132 0.947729 -26.5194
0.932595 -0.184621 0.310343 3.76031 0.217424 0.973303 -0.0743685 0.879989 -0.288303 0.136822 0.947791 -26.5511
0.931794 -0.190715 0.309067 3.87743 0.224817 0.971303 -0.0784268 0.817343 -0.285218 0.142549 0.947885 -26.584
0.930753 -0.196909 0.308314 3.99402 0.232963 0.96887 -0.0845083 0.759332 -0.282052 0.150472 0.947603 -26.6186
0.929599 -0.203727 0.30737 4.11417 0.241541 0.966266 -0.0900564 0.687047 -0.278632 0.157946 0.947403 -26.6533
0.92809 -0.210121 0.307621 4.23041 0.249563 0.963789 -0.0946186 0.596444 -0.276577 0.164574 0.946873 -26.6937
0.926431 -0.21732 0.307628 4.34892 0.258595 0.960863 -0.0999724 0.508381 -0.27384 0.172155 0.946325 -26.735
0.92526 -0.222783 0.307238 4.47574 0.26758 0.957087 -0.111841 0.454228 -0.269113 0.18568 0.945119 -26.7602
0.923727 -0.228116 0.307942 4.59434 0.276074 0.953448 -0.121836 0.382259 -0.265792 0.197543 0.943657 -26.7923
0.922403 -0.232719 0.308461 4.71467 0.284743 0.949047 -0.135476 0.330761 -0.261193 0.212781 0.941622 -26.8131
0.921216 -0.237949 0.308025 4.84245 0.291237 0.946436 -0.139881 0.213295 -0.25822 0.218552 0.941124 -26.8641
0.920154 -0.240665 0.309082 4.96079 0.295876 0.944112 -0.145721 0.100153 -0.256715 0.22552 0.939888 -26.9117
0.920049 -0.241729 0.30857 5.09236 0.298214 0.942585 -0.15076 -0.0197485 -0.254389 0.230709 0.939265 -26.9649
0.919982 -0.241586 0.308874 5.21838 0.299014 0.941808 -0.153989 -0.152487 -0.253675 0.234009 0.938637 -27.0241
0.919576 -0.240032 0.31129 5.31835 0.299708 0.94057 -0.160095 -0.262058 -0.25434 0.240498 0.93682 -27.0709
0.919574 -0.238366 0.312571 5.4209 0.299687 0.939719 -0.165054 -0.374716 -0.254363 0.245437 0.935528 -27.12
0.920983 -0.231197 0.313808 5.52017 0.294334 0.940342 -0.171031 -0.476966 -0.255523 0.249862 0.934043 -27.1659
0.922558 -0.223824 0.314522 5.61815 0.288563 0.941077 -0.176725 -0.577567 -0.256411 0.253782 0.932738 -27.2105
0.923887 -0.217265 0.315225 5.70687 0.283606 0.941526 -0.182274 -0.672698 -0.257169 0.257781 0.931435 -27.2494
0.924822 -0.211169 0.316616 5.78547 0.27881 0.942234 -0.185974 -0.772521 -0.259031 0.260252 0.930228 -27.2958
0.925599 -0.203106 0.319615 5.84391 0.27315 0.942688 -0.191981 -0.858872 -0.262282 0.26498 0.927983 -27.3324
0.926405 -0.198348 0.32026 5.91394 0.269428 0.943077 -0.195298 -0.94888 -0.263269 0.267195 0.927065 -27.3729
0.927632 -0.19139 0.32095 5.9804 0.263806 0.943748 -0.199685 -1.03265 -0.264656 0.269883 0.925894 -27.4113
0.928599 -0.184555 0.322147 6.04269 0.258437 0.944315 -0.203976 -1.11221 -0.266539 0.27265 0.924539 -27.4473
0.92933 -0.178941 0.323213 6.10354 0.254203 0.944601 -0.207939 -1.18459 -0.268075 0.275386 0.923287 -27.4831
0.930313 -0.17142 0.324451 6.16351 0.248182 0.945249 -0.212222 -1.25194 -0.270284 0.277939 0.921873 -27.5173
0.931387 -0.163245 0.325593 6.22521 0.241098 0.946417 -0.215164 -1.32316 -0.272999 0.27888 0.920792 -27.5556
0.932231 -0.154685 0.327344 6.28513 0.234402 0.946971 -0.220067 -1.37499 -0.275919 0.281866 0.919007 -27.5896
0.933183 -0.147102 0.328136 6.35571 0.227638 0.948088 -0.222349 -1.4406 -0.27837 0.282168 0.918179 -27.6306
0.933797 -0.140578 0.32924 6.42487 0.222083 0.948838 -0.224754 -1.4982 -0.280775 0.282976 0.917194 -27.6699
0.934412 -0.133986 0.33025 6.49897 0.216525 0.949489 -0.227412 -1.55027 -0.283075 0.283983 0.916178 -27.7096
0.934035 -0.128628 0.33342 6.56141 0.213089 0.949483 -0.230656 -1.58823 -0.286883 0.286472 0.914214 -27.7502
0.934084 -0.124006 0.335045 6.63983 0.209833 0.949497 -0.233568 -1.62488 -0.289136 0.288454 0.912884 -27.7904
0.934382 -0.119637 0.335788 6.73084 0.206145 0.949903 -0.235202 -1.67162 -0.290802 0.288973 0.912187 -27.8344
0.93425 -0.115547 0.337598 6.81838 0.203518 0.949737 -0.238139 -1.70442 -0.293089 0.291167 0.91076 -27.8778
0.933648 -0.113707 0.339868 6.90947 0.20325 0.94912 -0.240816 -1.72834 -0.295167 0.293899 0.909207 -27.9232
0.9337 -0.107022 0.341903 7.00828 0.197818 0.949728 -0.242929 -1.75144 -0.298692 0.294436 0.907886 -27.9714
0.932585 -0.0976749 0.347683 7.07629 0.190948 0.950566 -0.245143 -1.77864 -0.306525 0.294989 0.905086 -28.0109
0.932546 -0.0923234 0.349259 7.18467 0.18657 0.951017 -0.246757 -1.79353 -0.309345 0.295251 0.904045 -28.0599
0.931992 -0.0851995 0.352521 7.27706 0.180992 0.951639 -0.248515 -1.80848 -0.314272 0.2954 0.902291 -28.1015
0.930958 -0.0791694 0.356647 7.36723 0.1766 0.952176 -0.249608 -1.8184 -0.319804 0.295336 0.900372 -28.152
0.929727 -0.0729472 0.361145 7.44891 0.172097 0.952739 -0.250609 -1.82679 -0.325767 0.295133 0.898293 -28.2021
0.928497 -0.0666622 0.365511 7.52808 0.16747 0.953315 -0.251549 -1.83507 -0.331651 0.294752 0.896269 -28.2501
0.927123 -0.0596313 0.370171 7.59301 0.16231 0.95386 -0.252867 -1.84353 -0.337984 0.294505 0.893975 -28.2844
0.926012 -0.0556976 0.373562 7.67103 0.159471 0.954297 -0.253021 -1.84787 -0.342368 0.293851 0.892528 -28.3282
0.924685 -0.0516757 0.377397 7.73257 0.156799 0.95462 -0.253477 -1.84995 -0.347143 0.293545 0.890776 -28.3681
0.923866 -0.0481891 0.379867 7.79668 0.153839 0.955236 -0.252965 -1.85921 -0.350644 0.292122 0.889879 -28.4055
0.922951 -0.0434081 0.382646 7.84032 0.150401 0.955405 -0.254396 -1.86091 -0.354509 0.292328 0.888272 -28.4314
0.921497 -0.0407955 0.38643 7.86433 0.148771 0.955802 -0.253859 -1.86752 -0.358965 0.291399 0.886793 -28.4561
0.921276 -0.0382629 0.387205 7.90151 0.146294 0.956257 -0.253589 -1.87825 -0.360534 0.290255 0.886526 -28.4744
0.92145 -0.0368332 0.386941 7.93558 0.144656 0.956549 -0.253422 -1.88684 -0.360765 0.289468 0.886696 -28.4885
0.921777 -0.0363145 0.386198 7.96092 0.143747 0.956763 -0.253137 -1.89833 -0.360278 0.288834 0.887094 -28.4961
0.922561 -0.0379587 0.384175 7.98209 0.1446 0.956746 -0.252709 -1.90765 -0.357937 0.28867 0.888101 -28.4972
0.924273 -0.0409117 0.37972 8.00472 0.146317 0.956379 -0.253116 -1.91146 -0.35277 0.289492 0.889892 -28.4875
0.926832 -0.044944 0.372976 8.02894 0.148408 0.955929 -0.253595 -1.91753 -0.345112 0.290371 0.892611 -28.4711
0.928768 -0.04835 0.367686 8.01851 0.14977 0.955977 -0.252616 -1.93928 -0.339256 0.289673 0.895074 -28.4504
0.931804 -0.0273942 0.362133 7.98953 0.126461 0.959281 -0.252828 -1.94969 -0.340434 0.281362 0.897281 -28.4202
0.934401 -0.00432933 0.356395 7.94339 0.100831 0.962354 -0.25268 -1.9567 -0.341854 0.272025 0.899612 -28.3812
0.936859 0.0209185 0.349296 7.89138 0.0723762 0.965108 -0.251918 -1.96487 -0.34235 0.261273 0.90261 -28.3384
0.93856 0.0477298 0.342007 7.83264 0.0425638 0.966927 -0.251757 -1.95973 -0.342682 0.250832 0.905437 -28.2916
0.938984 0.0771357 0.335425 7.75547 0.010332 0.967872 -0.251498 -1.95242 -0.34402 0.239601 0.907973 -28.2386
0.938171 0.107036 0.329425 7.66742 -0.0224451 0.967909 -0.250576 -1.94468 -0.345644 0.227677 0.910416 -28.1846
0.935978 0.136633 0.324699 7.57459 -0.0549331 0.967113 -0.248611 -1.93334 -0.347962 0.214843 0.912655 -28.1343
0.934023 0.166415 0.316306 7.50533 -0.0889534 0.965438 -0.245271 -1.93313 -0.346159 0.200942 0.916494 -28.0859
0.931095 0.195359 0.308301 7.44175 -0.122084 0.962789 -0.241384 -1.92248 -0.343958 0.1871 0.92025 -28.045
0.92764 0.222765 0.300006 7.38121 -0.153708 0.95933 -0.237066 -1.90954 -0.340584 0.17379 0.924103 -28.0087
0.923502 0.248462 0.292515 7.32702 -0.183437 0.955267 -0.232274 -1.89233 -0.337114 0.160837 0.927718 -27.9775
0.917214 0.276144 0.287416 7.2655 -0.213869 0.949527 -0.229784 -1.86411 -0.336333 0.149284 0.929926 -27.9386
0.910405 0.301912 0.283137 7.22049 -0.242129 0.943311 -0.227317 -1.82792 -0.335689 0.138386 0.931847 -27.9063
0.904577 0.324704 0.276502 7.21163 -0.267411 0.93692 -0.22542 -1.78384 -0.332225 0.129965 0.934292 -27.8876
0.897152 0.347573 0.272886 7.20287 -0.292275 0.929915 -0.223538 -1.74903 -0.331429 0.120783 0.935812 -27.868
0.889868 0.367829 0.270154 7.20257 -0.314063 0.923081 -0.222324 -1.71507 -0.331121 0.11299 0.936888 -27.8576
0.882908 0.386397 0.26707 7.22621 -0.333883 0.91622 -0.221808 -1.68591 -0.330374 0.10666 0.937899 -27.8539
0.876383 0.401801 0.265809 7.26499 -0.350053 0.910191 -0.221718 -1.66426 -0.330994 0.10126 0.938274 -27.8579
0.870928 0.414897 0.263633 7.33971 -0.364181 0.904827 -0.220902 -1.66446 -0.330166 0.0963745 0.939085 -27.8738
0.866615 0.424769 0.262101 7.44116 -0.374308 0.900484 -0.221733 -1.66907 -0.330174 0.0940483 0.939312 -27.9009
0.866997 0.424211 0.261761 7.57089 -0.373328 0.900583 -0.222966 -1.68932 -0.330294 0.0955839 0.939121 -27.9418
0.86622 0.425297 0.26255 7.72494 -0.373547 0.899911 -0.225314 -1.72049 -0.332067 0.0970945 0.938335 -27.9965
0.86392 0.429191 0.263807 7.90506 -0.376229 0.897919 -0.228761 -1.76363 -0.335032 0.098375 0.937152 -28.0625
0.860535 0.434455 0.266229 8.10417 -0.380013 0.895309 -0.232716 -1.81638 -0.339431 0.0990872 0.935487 -28.1397
0.8592 0.435809 0.268334 8.33567 -0.38018 0.894512 -0.235482 -1.88413 -0.342625 0.100306 0.934198 -28.2308
0.860176 0.432877 0.269935 8.59488 -0.375651 0.895496 -0.238996 -1.96507 -0.345151 0.104174 0.932839 -28.3324
0.862504 0.427438 0.271185 8.8814 -0.369281 0.897736 -0.240504 -2.06608 -0.346224 0.107287 0.932093 -28.4452
0.864176 0.4226 0.273422 9.17701 -0.362675 0.899491 -0.243983 -2.16448 -0.349017 0.111677 0.93053 -28.5651
0.866342 0.41523 0.277838 9.47802 -0.353197 0.90236 -0.247262 -2.25795 -0.353351 0.116076 0.928359 -28.6965
0.867403 0.409829 0.282495 9.78897 -0.344817 0.904066 -0.252808 -2.34637 -0.35897 0.121873 0.92545 -28.837
0.868789 0.403972 0.286654 10.1126 -0.336061 0.905868 -0.258082 -2.43774 -0.363898 0.127879 0.922717 -28.9854
0.871841 0.394581 0.290434 10.4546 -0.324374 0.909159 -0.261452 -2.52499 -0.367182 0.133731 0.920578 -29.1347
0.874563 0.386582 0.293007 10.8207 -0.314725 0.911887 -0.263727 -2.60193 -0.369111 0.138421 0.919119 -29.2842
0.877102 0.378397 0.296072 11.1956 -0.305416 0.914843 -0.264441 -2.66758 -0.370891 0.141511 0.917925 -29.4355
0.880916 0.364153 0.302557 11.5201 -0.288266 0.919526 -0.267426 -2.69885 -0.375562 0.148354 0.914947 -29.5881
0.883608 0.354267 0.306403 11.8463 -0.275741 0.922272 -0.27116 -2.72262 -0.378618 0.155105 0.912559 -29.7256
0.885581 0.347222 0.308781 12.2033 -0.267148 0.924222 -0.273108 -2.76336 -0.38018 0.159358 0.911182 -29.8743
0.888372 0.339614 0.309206 12.569 -0.258913 0.926409 -0.273637 -2.79994 -0.379349 0.163027 0.910873 -30.0095
0.890576 0.333604 0.309428 12.9108 -0.252578 0.928134 -0.273703 -2.83552 -0.378468 0.165588 0.910784 -30.1323
0.891944 0.329758 0.309595 13.2128 -0.248583 0.929246 -0.273598 -2.86598 -0.377878 0.167067 0.910753 -30.2383
0.893626 0.325746 0.309009 13.5338 -0.247427 0.931603 -0.26653 -2.86972 -0.374664 0.16171 0.913052 -30.3231
0.895337 0.322466 0.307474 13.841 -0.248168 0.934086 -0.25699 -2.86625 -0.370045 0.153781 0.916293 -30.3955
0.896802 0.32087 0.304882 14.1366 -0.251811 0.936381 -0.244795 -2.85811 -0.364002 0.142751 0.920495 -30.4603
0.898109 0.319788 0.302141 14.3786 -0.256829 0.938733 -0.230145 -2.85847 -0.357195 0.129092 0.925161 -30.5095
0.898831 0.320845 0.298874 14.6047 -0.26502 0.940568 -0.212697 -2.85948 -0.349324 0.111964 0.930388 -30.5498
0.899396 0.323024 0.294781 14.8131 -0.275143 0.941965 -0.192737 -2.86569 -0.3399 0.0922359 0.936022 -30.5787
0.899602 0.326345 0.290482 14.996 -0.286868 0.942715 -0.170697 -2.8747 -0.329519 0.0702253 0.941633 -30.602
0.898579 0.33168 0.287578 15.1494 -0.299035 0.942105 -0.152205 -2.83652 -0.32138 0.0507713 0.945683 -30.6179
0.89848 0.338241 0.280163 15.336 -0.310968 0.940411 -0.138093 -2.73327 -0.31015 0.0369508 0.950067 -30.5911
0.897011 0.346673 0.274495 15.4777 -0.322661 0.937655 -0.129797 -2.55291 -0.302348 0.0278606 0.952885 -30.555
0.893562 0.355819 0.274057 15.5556 -0.333819 0.934419 -0.124783 -2.33743 -0.300457 0.0200153 0.953683 -30.5424
0.891248 0.362736 0.272501 15.636 -0.343807 0.931924 -0.116055 -2.12249 -0.296017 0.00974699 0.955227 -30.533
0.889997 0.365756 0.272572 15.7216 -0.350698 0.930785 -0.103904 -1.93174 -0.291683 -0.00311409 0.956608 -30.5486
0.888439 0.366689 0.27636 15.8204 -0.355379 0.93028 -0.0918722 -1.741 -0.290751 -0.0165871 0.956749 -30.5287
0.88395 0.380129 0.272588 15.9444 -0.373892 0.924383 -0.0766148 -1.63996 -0.281073 -0.0341903 0.959177 -30.53
0.880407 0.39042 0.269472 16.0662 -0.39029 0.919047 -0.0564084 -1.57589 -0.269652 -0.0555043 0.961451 -30.5287
0.877135 0.399678 0.266572 16.186 -0.406006 0.913339 -0.0334624 -1.5349 -0.25682 -0.078871 0.963335 -30.5283
0.874261 0.407358 0.264361 16.3115 -0.419758 0.907662 -0.010457 -1.50357 -0.244183 -0.101817 0.964463 -30.5277
0.872666 0.413584 0.259947 16.4606 -0.431981 0.901836 0.0153476 -1.50261 -0.228059 -0.125674 0.965603 -30.5433
0.872979 0.417626 0.252302 16.6335 -0.440607 0.896899 0.0399245 -1.51247 -0.209591 -0.146008 0.966921 -30.5811
0.876642 0.414181 0.245201 16.8011 -0.440913 0.895353 0.0639628 -1.53366 -0.193029 -0.16417 0.967462 -30.6208
0.879811 0.411226 0.23872 16.972 -0.440853 0.893589 0.0854571 -1.5499 -0.178152 -0.180413 0.967418 -30.6499
0.882833 0.40869 0.231837 17.1372 -0.440483 0.891616 0.105584 -1.56613 -0.163539 -0.195316 0.96711 -30.6868
0.884947 0.407289 0.226155 17.2932 -0.441044 0.888808 0.12513 -1.5822 -0.150023 -0.210463 0.966118 -30.7112
0.888095 0.404911 0.217955 17.4649 -0.439385 0.887014 0.142476 -1.60074 -0.135622 -0.22228 0.965605 -30.7494
0.890117 0.403651 0.21194 17.6189 -0.438698 0.884868 0.157192 -1.60843 -0.124068 -0.232881 0.964655 -30.7811
0.892121 0.402913 0.204823 17.7738 -0.438058 0.88238 0.172233 -1.62463 -0.111321 -0.243357 0.963628 -30.8096
0.893723 0.402476 0.19858 17.9183 -0.437419 0.880165 0.184745 -1.62882 -0.100409 -0.251956 0.962612 -30.8391
0.893894 0.402734 0.197307 18.0603 -0.438653 0.8767 0.197824 -1.65217 -0.093294 -0.263361 0.960278 -30.8412
0.896006 0.402771 0.187376 18.2076 -0.436979 0.875015 0.2087 -1.65317 -0.0798805 -0.268857 0.95996 -30.8938
0.896753 0.403398 0.182416 18.3238 -0.437214 0.87172 0.221592 -1.6639 -0.0696131 -0.278445 0.958028 -30.9071
0.898639 0.403299 0.173087 18.4584 -0.435226 0.869669 0.233262 -1.67449 -0.0564386 -0.284931 0.956983 -30.9378
0.899896 0.40403 0.164681 18.5808 -0.434083 0.867096 0.244688 -1.67999 -0.0439212 -0.291654 0.955618 -30.9619
0.900267 0.405965 0.157717 18.6834 -0.434324 0.863712 0.255973 -1.68175 -0.0322913 -0.298924 0.953829 -30.9789
0.901226 0.407025 0.149316 18.783 -0.433096 0.860897 0.26728 -1.68317 -0.0197458 -0.305522 0.952084 -30.9989
0.901993 0.408336 0.14083 18.8692 -0.431889 0.857482 0.279917 -1.68853 -0.00644617 -0.313285 0.949737 -31.0204
0.903421 0.408641 0.130443 18.9604 -0.42887 0.854467 0.293449 -1.69765 0.00846457 -0.321024 0.947137 -31.0362
0.903519 0.41173 0.119556 19.0466 -0.427997 0.849819 0.307871 -1.69907 0.0251695 -0.329314 0.943985 -31.052
0.903116 0.41562 0.108699 19.1168 -0.427518 0.844625 0.32248 -1.70052 0.0422251 -0.337679 0.940419 -31.0713
0.902204 0.420377 0.0973279 19.1836 -0.427123 0.838014 0.339789 -1.70595 0.061286 -0.348107 0.935551 -31.0835
0.90162 0.424338 0.0848023 19.2509 -0.425047 0.831676 0.357501 -1.70734 0.0811764 -0.358344 0.93016 -31.0993
0.900168 0.429544 0.0731574 19.3005 -0.423699 0.82371 0.377014 -1.70894 0.101689 -0.370348 0.923413 -31.1127
0.899087 0.433888 0.059638 19.3557 -0.420378 0.81673 0.395465 -1.7061 0.12288 -0.380596 0.916649 -31.129
0.89663 0.440385 0.0477196 19.3978 -0.418586 0.807111 0.416552 -1.70577 0.144931 -0.393442 0.907959 -31.1374
0.89399 0.447142 0.0319368 19.4514 -0.414667 0.79778 0.437899 -1.70748 0.170322 -0.404686 0.898563 -31.1495
0.890563 0.454725 0.0168689 19.4893 -0.410997 0.787907 0.45874 -1.70829 0.195309 -0.415442 0.888512 -31.1688
0.886808 0.462314 0.00353948 19.517 -0.407355 0.777713 0.478939 -1.70769 0.218661 -0.426132 0.877949 -31.1862
0.882176 0.471014 -0.00859874 19.5382 -0.404887 0.767405 0.497305 -1.69804 0.240833 -0.4352 0.867636 -31.2047
0.877173 0.479906 -0.0208095 19.546 -0.401974 0.757063 0.5152 -1.69346 0.262993 -0.443516 0.856927 -31.2271
0.871757 0.489135 -0.0308216 19.5452 -0.399978 0.746385 0.532057 -1.68537 0.283246 -0.451465 0.846252 -31.2451
0.866451 0.497665 -0.0420508 19.5461 -0.396891 0.73721 0.546954 -1.67734 0.303188 -0.457179 0.836218 -31.2642
0.86147 0.505246 -0.0525354 19.5442 -0.39316 0.728681 0.560897 -1.67044 0.321663 -0.462509 0.826323 -31.2724
0.856254 0.51296 -0.0622669 19.5373 -0.389316 0.71966 0.57505 -1.67222 0.339775 -0.468107 0.815859 -31.2766
0.851771 0.519256 -0.0708733 19.5264 -0.386092 0.713206 0.585173 -1.66892 0.35439 -0.471037 0.807914 -31.2845
0.847696 0.525112 -0.0764379 19.513 -0.384894 0.70761 0.592709 -1.66353 0.365311 -0.472976 0.801896 -31.2954
0.844603 0.529347 -0.0812533 19.5123 -0.383781 0.704077 0.597616 -1.65879 0.373542 -0.473531 0.797764 -31.3085
0.841914 0.532892 -0.0859171 19.5265 -0.383072 0.702022 0.600485 -1.65936 0.380292 -0.472602 0.795123 -31.3216
0.840741 0.53409 -0.0898134 19.5523 -0.382027 0.702388 0.600718 -1.66352 0.383908 -0.470704 0.794509 -31.3305
0.840448 0.534367 -0.0909651 19.582 -0.383126 0.704326 0.597745 -1.66782 0.383467 -0.467482 0.796624 -31.3381
0.841202 0.533242 -0.0905292 19.6248 -0.38407 0.706767 0.594246 -1.68291 0.380847 -0.465078 0.799282 -31.3367
0.846977 0.524256 -0.0892312 19.6854 -0.381011 0.715283 0.58597 -1.69579 0.371007 -0.462264 0.80552 -31.3403
0.854278 0.513008 -0.0848327 19.7468 -0.379264 0.726371 0.573325 -1.7098 0.355729 -0.457572 0.815033 -31.3487
0.86164 0.500605 -0.0845438 19.8421 -0.375687 0.740711 0.557106 -1.72398 0.341498 -0.448223 0.82624 -31.3639
0.871299 0.484878 -0.076786 19.9277 -0.373481 0.756226 0.537394 -1.73696 0.31863 -0.439521 0.839934 -31.3778
0.880582 0.469225 -0.0676809 20.0178 -0.372186 0.772666 0.514418 -1.75078 0.293662 -0.427759 0.854976 -31.4039
0.890038 0.451697 -0.0629792 20.1383 -0.366695 0.790881 0.490103 -1.77194 0.271182 -0.413086 0.86949 -31.4312
0.899562 0.433617 -0.0542366 20.261 -0.361714 0.808478 0.464421 -1.79536 0.245223 -0.398122 0.884061 -31.4562
0.909691 0.413526 -0.040293 20.3814 -0.35658 0.826819 0.435179 -1.8145 0.213272 -0.381483 0.899544 -31.487
0.919704 0.392022 -0.0253195 20.5158 -0.349495 0.845953 0.402961 -1.82909 0.179386 -0.361724 0.914973 -31.523
0.929648 0.368614 -0.00665064 20.6524 -0.339897 0.863929 0.37183 -1.85324 0.142812 -0.343385 0.928377 -31.5555
0.938184 0.346129 0.0135843 20.7961 -0.329795 0.880538 0.340658 -1.87759 0.105953 -0.324051 0.940194 -31.5869
0.945511 0.323797 0.0364662 20.9442 -0.318797 0.896097 0.309096 -1.90251 0.0674166 -0.303857 0.95043 -31.6225
0.951098 0.303456 0.0592056 21.1039 -0.307544 0.90891 0.281887 -1.94717 0.0317358 -0.286285 0.957724 -31.6584
0.955112 0.28404 0.0851424 21.2578 -0.296453 0.921066 0.252813 -1.97889 -0.00659855 -0.266686 0.963861 -31.6895
0.958246 0.263836 0.111062 21.421 -0.282706 0.933144 0.222442 -2.00306 -0.0449352 -0.244531 0.968705 -31.7341
0.959424 0.248838 0.133242 21.5962 -0.271549 0.942538 0.195053 -2.03197 -0.0770298 -0.223304 0.971799 -31.7907
0.959541 0.234949 0.155755 21.7735 -0.260221 0.950734 0.168974 -2.06053 -0.108363 -0.20265 0.973342 -31.843
0.958532 0.2243 0.176281 21.9511 -0.250658 0.95725 0.144935 -2.08775 -0.136213 -0.183097 0.973711 -31.9031
0.957419 0.216284 0.191709 22.1473 -0.242442 0.962121 0.125328 -2.12504 -0.157319 -0.166454 0.973525 -31.9682
0.9578 0.209093 0.197657 22.4105 -0.235196 0.964698 0.119181 -2.20909 -0.165734 -0.160628 0.9731 -31.9845
0.956285 0.206276 0.207732 22.6111 -0.231399 0.967292 0.104723 -2.2438 -0.179312 -0.1482 0.972673 -32.0563
0.955608 0.203972 0.213021 22.8235 -0.227803 0.969262 0.0938194 -2.28433 -0.18731 -0.138171 0.972634 -32.1229
0.955629 0.20221 0.214635 23.0493 -0.225511 0.970155 0.0900584 -2.34682 -0.189994 -0.134452 0.972643 -32.1763
0.95542 0.202683 0.215085 23.2634 -0.225389 0.970493 0.0866482 -2.39932 -0.191149 -0.131253 0.972845 -32.2278
0.954768 0.205583 0.215266 23.466 -0.227991 0.97005 0.0847913 -2.44396 -0.191362 -0.130022 0.972977 -32.2747
0.953816 0.210097 0.215089 23.6543 -0.232435 0.969049 0.084166 -2.48321 -0.190722 -0.130263 0.973062 -32.3241
0.953093 0.216024 0.212447 23.8503 -0.23809 0.967676 0.0841657 -2.51624 -0.187373 -0.130786 0.973651 -32.3743
0.952513 0.222256 0.208545 24.0419 -0.244305 0.965927 0.0864023 -2.55218 -0.182209 -0.133238 0.97429 -32.4277
0.95207 0.22962 0.202543 24.2382 -0.251352 0.963907 0.088731 -2.58199 -0.174834 -0.135374 0.975355 -32.4855
0.950921 0.238331 0.197787 24.4285 -0.259793 0.96151 0.0904113 -2.60179 -0.1686 -0.137347 0.976168 -32.5376
0.951038 0.244212 0.189931 24.6268 -0.26526 0.959639 0.0943319 -2.63084 -0.159206 -0.14008 0.977365 -32.5963
0.950656 0.251444 0.18221 24.8281 -0.272017 0.95737 0.0980636 -2.65 -0.14976 -0.142777 0.978459 -32.65
0.950678 0.256845 0.174441 25.026 -0.277064 0.955374 0.103271 -2.67515 -0.14011 -0.146494 0.979347 -32.7115
0.951193 0.260173 0.166472 25.2308 -0.280711 0.95303 0.114464 -2.72958 -0.128849 -0.155596 0.979482 -32.7606
0.950333 0.264908 0.163951 25.4253 -0.285834 0.950746 0.120623 -2.76709 -0.123902 -0.161479 0.979176 -32.7976
0.951797 0.264384 0.156068 25.6335 -0.284891 0.950067 0.127977 -2.79799 -0.114418 -0.166257 0.979523 -32.8607
0.952603 0.263983 0.151823 25.8215 -0.284645 0.949053 0.135814 -2.83576 -0.108216 -0.172575 0.979142 -32.9183
0.953696 0.262495 0.147422 26.0191 -0.283087 0.948561 0.14234 -2.87407 -0.102454 -0.177468 0.97888 -32.9884
0.955818 0.255114 0.14669 26.2156 -0.276328 0.949499 0.149214 -2.91079 -0.101197 -0.183138 0.977974 -33.0591
0.957957 0.246948 0.146654 26.4166 -0.268629 0.951071 0.153199 -2.94364 -0.101624 -0.186139 0.977355 -33.1331
0.960865 0.233332 0.149948 26.6147 -0.256266 0.95367 0.158153 -2.97877 -0.10608 -0.190372 0.976073 -33.206
0.964283 0.218109 0.150864 26.8239 -0.2416 0.957093 0.160526 -3.00893 -0.109356 -0.191227 0.975536 -33.2809
0.967557 0.199123 0.15612 27.0297 -0.223857 0.961269 0.161311 -3.03512 -0.117932 -0.191009 0.974588 -33.3538
0.970677 0.178571 0.161468 27.2393 -0.204509 0.965518 0.161611 -3.06056 -0.127018 -0.189879 0.973658 -33.4262
0.974137 0.149652 0.169855 27.4467 -0.177585 0.970539 0.16337 -3.08978 -0.14038 -0.189292 0.971944 -33.4976
0.977696 0.122001 0.171468 27.6686 -0.149562 0.976089 0.158276 -3.10589 -0.148033 -0.180378 0.972496 -33.5714
0.978204 0.096417 0.184422 27.877 -0.125292 0.980501 0.151962 -3.12059 -0.16615 -0.171742 0.971141 -33.6422
0.978605 0.066506 0.195155 28.0917 -0.0973386 0.98352 0.152916 -3.14918 -0.181741 -0.168629 0.968883 -33.7137
0.977094 0.0378855 0.20986 28.3033 -0.0703374 0.986355 0.149429 -3.17225 -0.201308 -0.160755 0.966359 -33.7832
0.974927 0.00918642 0.222731 28.5203 -0.0428039 0.988358 0.146577 -3.1977 -0.218762 -0.152426 0.963904 -33.8542
0.970948 -0.0176383 0.239035 28.7346 -0.0163174 0.990196 0.139354 -3.21809 -0.23912 -0.139196 0.961074 -33.9238
0.965547 -0.0446502 0.256717 28.9488 0.0108836 0.991345 0.131471 -3.23999 -0.260333 -0.12414 0.95761 -33.9943
0.960862 -0.0700552 0.268376 29.1739 0.0379084 0.991749 0.123164 -3.26473 -0.274758 -0.108164 0.955524 -34.067
0.955228 -0.0934313 0.281048 29.3999 0.0644873 0.991863 0.110537 -3.28666 -0.289054 -0.0874603 0.953414 -34.138
0.948548 -0.11527 0.295224 29.6243 0.0890166 0.99099 0.10093 -3.3191 -0.304164 -0.0694542 0.950198 -34.2053
0.937281 -0.13719 0.320724 29.8233 0.116094 0.989758 0.0840841 -3.34122 -0.328938 -0.0415756 0.943543 -34.2703
0.930428 -0.154482 0.332603 30.0494 0.138964 0.9879 0.0701089 -3.37476 -0.339372 -0.0190127 0.940576 -34.3402
0.922267 -0.166661 0.349037 30.2686 0.157107 0.986094 0.0557088 -3.41451 -0.35343 0.00345467 0.935562 -34.4011
0.916417 -0.177168 0.359136 30.4982 0.173814 0.983975 0.0418925 -3.46219 -0.360764 0.0240268 0.932464 -34.4671
0.909324 -0.18186 0.374482 30.7179 0.188829 0.981924 0.0183238 -3.49945 -0.371006 0.0540441 0.927165 -34.5246
0.90705 -0.173272 0.383959 30.945 0.188063 0.982244 -0.00100204 -3.54786 -0.376928 0.0731084 0.923471 -34.5839
0.905834 -0.161507 0.391869 31.1724 0.186311 0.982236 -0.0258591 -3.59022 -0.380692 0.0964246 0.919771 -34.641
0.904814 -0.149704 0.398859 31.3982 0.184352 0.981689 -0.0497414 -3.639 -0.384068 0.118525 0.915785 -34.698
0.904446 -0.137801 0.403943 31.6237 0.183542 0.980107 -0.0766157 -3.68527 -0.38531 0.143424 0.911685 -34.7548
0.903852 -0.124631 0.40952 31.8474 0.181252 0.978185 -0.102342 -3.73687 -0.387791 0.166712 0.906666 -34.8112
0.903815 -0.109473 0.413904 32.0714 0.179192 0.974804 -0.133477 -3.7808 -0.388824 0.194792 0.900598 -34.8672
0.904687 -0.0959814 0.415353 32.2969 0.177644 0.970652 -0.162624 -3.83062 -0.387514 0.220889 0.895132 -34.9251
0.905192 -0.0814251 0.417348 32.5211 0.175043 0.965901 -0.191216 -3.88159 -0.387507 0.246124 0.888519 -34.9848
0.907156 -0.0645147 0.416046 32.7479 0.169472 0.960626 -0.220559 -3.92927 -0.385395 0.270566 0.882317 -35.0515
0.908144 -0.0473676 0.416188 32.9699 0.164885 0.953866 -0.251237 -3.9701 -0.385048 0.296762 0.874 -35.1243
0.908795 -0.0313351 0.416293 33.1904 0.160601 0.946757 -0.279336 -4.00369 -0.385334 0.32069 0.865387 -35.2059
0.908428 -0.0150451 0.417988 33.4076 0.156835 0.938763 -0.307075 -4.02526 -0.387732 0.344487 0.855101 -35.2872
0.908481 0.000886912 0.418153 33.6295 0.152758 0.930256 -0.333854 -4.03982 -0.389245 0.367147 0.844933 -35.3666
0.908746 0.0162608 0.417252 33.8574 0.148222 0.921683 -0.358747 -4.04862 -0.390367 0.387829 0.83511 -35.4409
0.908029 0.0318212 0.417926 34.0872 0.143674 0.91315 -0.38169 -4.04541 -0.393733 0.406598 0.824544 -35.5015
0.904862 0.0484874 0.423151 34.1299 0.140623 0.903851 -0.404287 -3.95713 -0.402027 0.4253 0.810989 -35.4212
0.901055 0.0653339 0.428981 33.9519 0.137316 0.894944 -0.424725 -3.88118 -0.411621 0.441572 0.797373 -35.2846
0.896312 0.0826086 0.435872 33.7678 0.133966 0.886315 -0.443472 -3.8134 -0.422913 0.455852 0.783297 -35.1539
0.875351 -0.00482451 0.483664 33.7129 0.245723 0.865811 -0.436082 -3.95891 -0.416614 0.50053 0.759029 -35.0453
0.86636 0.0109202 0.499484 33.5134 0.246136 0.86075 -0.445753 -3.92206 -0.434756 0.50909 0.742984 -34.9149
0.854999 0.0261456 0.518156 33.3227 0.244042 0.861148 -0.446144 -3.88792 -0.457827 0.507864 0.729858 -34.7808
0.843682 0.0425114 0.535329 33.1365 0.241431 0.86048 -0.448837 -3.85 -0.479675 0.507887 0.715664 -34.6473
0.829032 0.0584675 0.55631 32.9447 0.240491 0.86074 -0.448853 -3.81908 -0.505031 0.50586 0.69948 -34.5148
0.814954 0.0742098 0.574914 32.7514 0.239923 0.85973 -0.451078 -3.78852 -0.527696 0.50551 0.682794 -34.3903
0.798322 0.0903731 0.595574 32.5509 0.238711 0.86036 -0.450528 -3.76619 -0.55307 0.501797 0.665234 -34.2747
0.778618 0.102291 0.619251 32.3458 0.239521 0.863608 -0.443825 -3.74935 -0.580138 0.493862 0.647882 -34.1677
0.757823 0.112873 0.642775 32.1406 0.241381 0.866684 -0.436778 -3.73326 -0.606326 0.486114 0.629512 -34.0684
0.734597 0.121962 0.667589 31.9332 0.241068 0.872741 -0.424712 -3.72432 -0.634376 0.472897 0.611676 -33.9764
0.708243 0.129462 0.694137 31.7227 0.242591 0.878679 -0.411403 -3.71585 -0.663124 0.459728 0.59088 -33.8854
0.680316 0.13487 0.72053 31.5129 0.242144 0.886485 -0.394569 -3.70983 -0.691894 0.442876 0.570399 -33.7988
0.651101 0.139051 0.746275 31.3038 0.242491 0.89356 -0.378061 -3.70241 -0.719347 0.427087 0.548051 -33.715
0.619104 0.140869 0.77269 31.0927 0.243827 0.900787 -0.35959 -3.69406 -0.746621 0.411002 0.523305 -33.6313
0.560665 0.145686 0.815247 31.0856 0.260703 0.903393 -0.340731 -3.69987 -0.786059 0.403541 0.468498 -33.5656
0.524833 0.142045 0.839379 30.8792 0.261211 0.911632 -0.317602 -3.69486 -0.810251 0.385921 0.441329 -33.4801
0.489001 0.136412 0.861665 30.6765 0.262243 0.919119 -0.294334 -3.68893 -0.832052 0.369865 0.41366 -33.4007
0.450571 0.129919 0.88334 30.4747 0.262361 0.926494 -0.270095 -3.68315 -0.85343 0.353431 0.383349 -33.3239
0.411814 0.12221 0.903145 30.2732 0.262869 0.933012 -0.246116 -3.67459 -0.872649 0.338735 0.35209 -33.2534
0.371056 0.111441 0.921999 30.0712 0.263629 0.93938 -0.219642 -3.67242 -0.890513 0.324547 0.319172 -33.1909
0.330383 0.0992855 0.938716 29.8743 0.265117 0.944753 -0.193234 -3.67522 -0.905965 0.312684 0.285802 -33.1365
0.289395 0.0868376 0.953359 29.6808 0.266654 0.949236 -0.167409 -3.68118 -0.919427 0.302647 0.251542 -33.0917
0.247256 0.0721737 0.966362 29.4863 0.265132 0.954222 -0.139106 -3.69034 -0.932088 0.290583 0.2168 -33.0543
0.206582 0.0571881 0.976851 29.2919 0.264521 0.957944 -0.112025 -3.69718 -0.942101 0.281525 0.182766 -33.0297
0.167567 0.0413623 0.985095 29.0957 0.263333 0.961037 -0.0851475 -3.70805 -0.950157 0.273651 0.15015 -33.0163
0.127887 0.025906 0.991544 28.9094 0.261017 0.963631 -0.0588452 -3.71648 -0.956933 0.266321 0.116478 -33.0083
0.0901262 0.010542 0.995976 28.7369 0.260891 0.964872 -0.0338229 -3.72735 -0.961269 0.262865 0.0842199 -33.0106
0.0523612 -0.00534386 0.998707 28.559 0.260936 0.965411 -0.008518 -3.73841 -0.964043 0.26103 0.0519542 -33.0129
0.0159022 -0.0214889 0.999745 28.3801 0.260424 0.965448 0.0166074 -3.75023 -0.965482 0.260069 0.020964 -33.0188
-0.0198806 -0.0377793 0.999181 28.2033 0.258798 0.965126 0.0416379 -3.76184 -0.965836 0.259399 -0.00939558 -33.0222
-0.0552632 -0.0552226 0.997046 28.0372 0.255725 0.964481 0.067591 -3.7809 -0.965288 0.258679 -0.0391587 -33.0228
-0.0883797 -0.069798 0.993732 27.8664 0.256073 0.962516 0.0903767 -3.78493 -0.96272 0.26244 -0.0671747 -33.0183
-0.120321 -0.0849296 0.989199 27.6983 0.255291 0.960277 0.113497 -3.78974 -0.95947 0.266164 -0.0938355 -33.0105
-0.152271 -0.0976842 0.983594 27.5343 0.254545 0.957753 0.134521 -3.78684 -0.955111 0.270836 -0.12095 -32.9881
-0.182397 -0.111244 0.977017 27.3754 0.253971 0.954631 0.156106 -3.77761 -0.949982 0.276579 -0.145841 -32.9484
-0.213198 -0.124814 0.9691 27.2238 0.251127 0.951579 0.177801 -3.77227 -0.944299 0.281256 -0.171504 -32.903
-0.242561 -0.133994 0.960946 27.0736 0.25183 0.947871 0.195735 -3.7561 -0.937008 0.289443 -0.196141 -32.8546
-0.268423 -0.143286 0.952683 26.9232 0.253034 0.943761 0.213234 -3.73988 -0.929592 0.298279 -0.217041 -32.8125
-0.293701 -0.154099 0.943505 26.7796 0.250885 0.94 0.231621 -3.73061 -0.922516 0.304707 -0.237382 -32.766
-0.317841 -0.160572 0.934549 26.644 0.251976 0.935909 0.246499 -3.71164 -0.914169 0.31381 -0.256977 -32.7177
-0.338827 -0.16926 0.925611 26.5049 0.252473 0.931356 0.262728 -3.70124 -0.906474 0.322678 -0.272797 -32.6779
-0.360133 -0.173009 0.916821 26.3774 0.252009 0.92818 0.274141 -3.67906 -0.898341 0.329752 -0.290633 -32.6293
-0.378509 -0.17868 0.908303 26.2492 0.249864 0.925149 0.286114 -3.66263 -0.89137 0.335215 -0.305491 -32.5877
-0.394841 -0.183825 0.900276 26.1276 0.249766 0.921505 0.297698 -3.6485 -0.884273 0.342378 -0.317898 -32.5516
-0.407577 -0.186955 0.893946 25.9937 0.249314 0.918961 0.305854 -3.62764 -0.878616 0.347497 -0.327895 -32.5169
-0.421169 -0.190573 0.886841 25.8849 0.248794 0.916003 0.314992 -3.61091 -0.872318 0.353281 -0.338341 -32.484
-0.433582 -0.195381 0.879798 25.7781 0.24692 0.9132 0.324484 -3.59851 -0.866764 0.357894 -0.34766 -32.452
-0.444093 -0.195448 0.874511 25.6625 0.24784 0.911148 0.329491 -3.57419 -0.86115 0.363038 -0.356156 -32.4123
-0.454692 -0.197583 0.868578 25.5519 0.246897 0.909022 0.336029 -3.56507 -0.855885 0.367202 -0.364498 -32.3691
-0.463487 -0.199141 0.863546 25.446 0.246339 0.907158 0.341411 -3.55226 -0.851304 0.370938 -0.37136 -32.3301
-0.469008 -0.199638 0.860458 25.3388 0.247745 0.905387 0.345096 -3.53926 -0.847878 0.374989 -0.375129 -32.2936
-0.47453 -0.199953 0.857339 25.2395 0.247985 0.904153 0.348126 -3.52649 -0.844717 0.377776 -0.379422 -32.2552
-0.479456 -0.200282 0.854531 25.1473 0.246385 0.903844 0.350079 -3.51974 -0.842412 0.378353 -0.383961 -32.2168
-0.483076 -0.200249 0.852483 25.0652 0.244868 0.903862 0.351075 -3.51371 -0.840773 0.378315 -0.387558 -32.1775
-0.485048 -0.195571 0.852462 24.985 0.247379 0.904293 0.348217 -3.50134 -0.838912 0.379746 -0.390198 -32.1431
-0.485547 -0.201198 0.850855 24.9218 0.243522 0.903617 0.352639 -3.51098 -0.83974 0.378398 -0.389711 -32.1168
-0.484359 -0.1977 0.852363 24.8596 0.243729 0.905194 0.348452 -3.50482 -0.840376 0.376485 -0.390207 -32.0885
-0.480436 -0.197086 0.85471 24.8055 0.243832 0.9061 0.345991 -3.50801 -0.842585 0.374606 -0.387225 -32.0689
-0.476282 -0.196945 0.857077 24.76 0.244176 0.906757 0.344047 -3.51446 -0.844852 0.373104 -0.383736 -32.049
-0.468826 -0.190275 0.862664 24.7187 0.247508 0.909211 0.33505 -3.50652 -0.848036 0.37057 -0.379125 -32.0341
-0.460701 -0.185544 0.868067 24.6857 0.248909 0.91177 0.326984 -3.50511 -0.85208 0.366676 -0.373823 -32.0227
-0.451319 -0.181128 0.873897 24.6601 0.249979 0.914425 0.318626 -3.50776 -0.856764 0.362233 -0.367378 -32.0141
-0.44113 -0.178554 0.879623 24.6404 0.237661 0.921892 0.306318 -3.50557 -0.865542 0.344145 -0.364193 -31.9965
-0.425665 -0.173261 0.888247 24.6257 0.227757 0.929489 0.290448 -3.49487 -0.875877 0.325916 -0.356149 -31.9907
-0.410815 -0.176592 0.894573 24.6227 0.210522 0.936288 0.281503 -3.50704 -0.887217 0.303943 -0.34742 -31.9872
-0.392406 -0.170472 0.903963 24.6129 0.196481 0.94456 0.263416 -3.49652 -0.898686 0.280958 -0.337117 -31.9838
-0.370394 -0.163919 0.914414 24.6005 0.181276 0.952732 0.244213 -3.48548 -0.911148 0.256191 -0.323128 -31.9846
-0.349037 -0.159098 0.923609 24.5905 0.162182 0.960456 0.226732 -3.48094 -0.92309 0.228916 -0.309394 -31.9796
-0.329649 -0.14995 0.932234 24.572 0.141453 0.968423 0.205788 -3.47067 -0.933577 0.199685 -0.297988 -31.9644
-0.304961 -0.148893 0.940757 24.5548 0.117678 0.974341 0.192352 -3.48072 -0.945186 0.169356 -0.279579 -31.9607
-0.285145 -0.139627 0.948373 24.5296 0.0942826 0.980551 0.17271 -3.47647 -0.953964 0.138648 -0.266397 -31.941
-0.258222 -0.126087 0.957923 24.5057 0.0735127 0.986104 0.149609 -3.46118 -0.963402 0.109047 -0.245332 -31.9364
-0.233033 -0.120759 0.965053 24.4815 0.0461802 0.989868 0.135013 -3.47279 -0.971498 0.0760199 -0.22506 -31.9264
-0.213815 -0.107525 0.971038 24.4505 0.019999 0.993329 0.114393 -3.46816 -0.976785 0.0438787 -0.210208 -31.8981
-0.192012 -0.0920895 0.977173 24.4207 -0.00440959 0.995759 0.0929729 -3.46021 -0.981507 0.0135401 -0.191571 -31.873
-0.168269 -0.0763372 0.982879 24.386 -0.0316664 0.996996 0.072009 -3.45471 -0.985347 -0.0190022 -0.170154 -31.8562
-0.137783 -0.0550413 0.989041 24.3556 -0.0559889 0.997391 0.0477045 -3.43878 -0.989002 -0.048799 -0.140477 -31.8562
-0.118864 -0.0361839 0.992349 24.3116 -0.0829649 0.996298 0.0263872 -3.43295 -0.989552 -0.0791832 -0.121402 -31.8207
-0.0935774 -0.0130824 0.995635 24.2741 -0.107459 0.994305 0.00296339 -3.41943 -0.989919 -0.106703 -0.0944264 -31.8073
-0.0718474 0.00659526 0.997492 24.2385 -0.132999 0.991081 -0.0161356 -3.41998 -0.988621 -0.133809 -0.0703104 -31.7833
-0.0552423 0.031885 0.998073 24.1876 -0.156648 0.986937 -0.0402015 -3.40646 -0.986231 -0.158552 -0.0495059 -31.7486
-0.0376907 0.061355 0.997502 24.1304 -0.178716 0.981705 -0.0671389 -3.38336 -0.983291 -0.18078 -0.0260207 -31.7237
-0.0204342 0.0878278 0.996036 24.0793 -0.199647 0.975814 -0.0901428 -3.37322 -0.979778 -0.200677 -0.00238967 -31.6982
-0.000391742 0.104451 0.994629 24.0443 -0.220154 0.970218 -0.101977 -3.39896 -0.975578 -0.218988 0.0226264 -31.6751
0.00896477 0.132326 0.991276 23.9857 -0.23841 0.963007 -0.126399 -3.383 -0.971247 -0.235173 0.0401929 -31.6279
0.0222527 0.154872 0.987784 23.9533 -0.255837 0.956015 -0.14413 -3.39142 -0.966578 -0.249478 0.0609039 -31.5949
0.0294346 0.182476 0.982881 23.9094 -0.272203 0.947605 -0.167778 -3.37604 -0.961915 -0.262578 0.0775711 -31.558
0.0378305 0.206963 0.977718 23.8799 -0.286534 0.939584 -0.187807 -3.37371 -0.957438 -0.273016 0.0948518 -31.5288
0.0463635 0.228591 0.972531 23.8638 -0.299859 0.931861 -0.20474 -3.38468 -0.952982 -0.2821 0.111754 -31.504
0.0507959 0.248742 0.967339 23.8497 -0.31149 0.924225 -0.221301 -3.39428 -0.949007 -0.290044 0.124429 -31.4714
0.0552776 0.269063 0.96165 23.8424 -0.322788 0.916219 -0.237801 -3.40325 -0.944983 -0.297232 0.137499 -31.444
0.0585667 0.286472 0.956401 23.8315 -0.331748 0.909188 -0.252017 -3.41709 -0.941665 -0.302491 0.148284 -31.4233
0.0600153 0.30592 0.95028 23.8227 -0.340251 0.901252 -0.268652 -3.41873 -0.938545 -0.307177 0.158179 -31.3944
0.0624725 0.325535 0.943569 23.8106 -0.348762 0.892941 -0.284979 -3.4182 -0.935245 -0.311244 0.169316 -31.3751
0.0642984 0.342206 0.93754 23.7954 -0.356034 0.885524 -0.298807 -3.42605 -0.932387 -0.314549 0.178774 -31.3505
0.0650108 0.356453 0.932156 23.7747 -0.361945 0.878949 -0.310866 -3.43769 -0.930048 -0.317145 0.186153 -31.3177
0.0657069 0.369826 0.926894 23.753 -0.36728 0.872653 -0.322153 -3.44902 -0.927916 -0.319226 0.193166 -31.2843
0.0657435 0.380629 0.922496 23.7243 -0.372587 0.867002 -0.33118 -3.46696 -0.925784 -0.321902 0.198812 -31.2439
0.0651592 0.39045 0.918436 23.6961 -0.376927 0.861838 -0.339651 -3.48145 -0.924078 -0.324016 0.203324 -31.2003
0.06508 0.397447 0.915424 23.665 -0.380633 0.857905 -0.345415 -3.50365 -0.922552 -0.325925 0.207108 -31.1551
0.0634847 0.405653 0.911942 23.6296 -0.384512 0.853181 -0.352752 -3.51126 -0.921064 -0.328221 0.210137 -31.1056
0.0620068 0.411058 0.909609 23.5959 -0.38819 0.849547 -0.357454 -3.52544 -0.919611 -0.3309 0.21224 -31.0528
0.0618447 0.413904 0.90834 23.5594 -0.387188 0.848764 -0.3604 -3.54131 -0.920055 -0.329372 0.212745 -30.9929
0.0620372 0.414965 0.907831 23.5237 -0.38603 0.848778 -0.361594 -3.55987 -0.920518 -0.327982 0.212838 -30.9305
0.061821 0.415013 0.907836 23.4887 -0.385469 0.848933 -0.361841 -3.57778 -0.920779 -0.327537 0.212451 -30.8641
0.0597962 0.414277 0.908296 23.437 -0.385264 0.849008 -0.361874 -3.5889 -0.920987 -0.328259 0.210367 -30.7897
0.0591153 0.41221 0.909292 23.3886 -0.384919 0.84986 -0.360248 -3.60455 -0.921187 -0.32867 0.208902 -30.7154
0.0581554 0.409111 0.910742 23.3357 -0.384837 0.850973 -0.35769 -3.62029 -0.921271 -0.329649 0.206924 -30.6328
0.0571095 0.405691 0.912347 23.2788 -0.384595 0.852253 -0.3549 -3.63311 -0.921449 -0.330578 0.204694 -30.5439
0.0577259 0.40312 0.913437 23.2395 -0.385008 0.853183 -0.3522 -3.64535 -0.921227 -0.331313 0.20445 -30.4567
0.0580764 0.403026 0.913467 23.2073 -0.386432 0.852758 -0.351678 -3.64277 -0.92062 -0.332531 0.205263 -30.3652
0.0592502 0.401818 0.913915 23.173 -0.387087 0.853145 -0.350006 -3.64578 -0.920259 -0.33299 0.206082 -30.2651
0.0612834 0.401714 0.913836 23.1388 -0.388077 0.85311 -0.349 -3.64508 -0.919719 -0.333213 0.208173 -30.1658
0.0636098 0.400199 0.914333 23.0929 -0.388331 0.853914 -0.34674 -3.64739 -0.919443 -0.332971 0.209721 -30.0471
0.0645558 0.39862 0.914967 23.0504 -0.387988 0.854766 -0.345025 -3.65003 -0.919533 -0.332684 0.209836 -29.9048
0.0669383 0.398773 0.914719 23.0106 -0.387592 0.855174 -0.344454 -3.64868 -0.919519 -0.331444 0.211799 -29.7625
0.0729325 0.398575 0.914357 22.9544 -0.387392 0.856131 -0.342301 -3.65029 -0.919159 -0.329212 0.216839 -29.6154
0.080854 0.398839 0.913565 22.8839 -0.386189 0.857512 -0.340192 -3.65239 -0.918991 -0.325266 0.223353 -29.4585
0.0872852 0.403342 0.911004 22.828 -0.384981 0.8571 -0.342598 -3.63556 -0.918921 -0.320777 0.230085 -29.289
0.0932742 0.406897 0.908816 22.7639 -0.383082 0.857197 -0.344472 -3.62605 -0.919115 -0.315985 0.235821 -29.093
0.101735 0.412357 0.905452 22.6876 -0.38058 0.857064 -0.347568 -3.61442 -0.919269 -0.309199 0.24412 -28.8836
0.11179 0.419424 0.901 22.6022 -0.377402 0.856672 -0.351966 -3.59932 -0.919399 -0.300658 0.254048 -28.6535
0.124652 0.424597 0.89689 22.4988 -0.367317 0.859456 -0.355833 -3.59756 -0.921839 -0.285052 0.263085 -28.3839
0.143669 0.432068 0.890444 22.3799 -0.358049 0.861516 -0.360265 -3.5991 -0.922705 -0.267031 0.278462 -28.1256
0.157252 0.435937 0.886263 22.2339 -0.347087 0.864561 -0.363686 -3.62201 -0.924689 -0.250387 0.28725 -27.7808
0.173937 0.440171 0.881028 22.0684 -0.334813 0.867797 -0.367463 -3.65505 -0.926213 -0.231034 0.298302 -27.4299
0.200647 0.448462 0.871123 21.8817 -0.324731 0.869365 -0.372771 -3.68117 -0.924413 -0.208056 0.320049 -27.1395
0.222817 0.450917 0.864432 21.6621 -0.304536 0.874534 -0.377691 -3.75066 -0.926194 -0.179069 0.332162 -26.7649
0.247521 0.457288 0.854315 21.4272 -0.290927 0.876121 -0.384679 -3.80266 -0.924307 -0.153304 0.349877 -26.4018
0.270781 0.463862 0.843639 21.1578 -0.277868 0.876724 -0.39287 -3.85092 -0.921787 -0.128017 0.366271 -26.0095
0.296594 0.471069 0.83088 20.8559 -0.268143 0.876079 -0.400987 -3.89477 -0.916722 -0.103846 0.386131 -25.6249
0.318213 0.475383 0.820347 20.5188 -0.25954 0.875932 -0.406921 -3.96578 -0.911923 -0.0834069 0.402088 -25.1851
0.339845 0.476274 0.811114 20.1752 -0.245837 0.877412 -0.412212 -4.02421 -0.907919 -0.0592989 0.415243 -24.7459
0.357529 0.474598 0.804455 19.8378 -0.231587 0.879516 -0.41596 -4.08805 -0.904856 -0.0375687 0.424335 -24.3071
0.371612 0.47407 0.798374 19.4704 -0.218418 0.880423 -0.421136 -4.15554 -0.902467 -0.0178702 0.430693 -23.8193
0.379904 0.469076 0.797408 19.1315 -0.201939 0.883274 -0.423381 -4.24377 -0.902838 -0.00017224 0.430255 -23.2959
0.391238 0.462943 0.795522 18.811 -0.18093 0.886206 -0.426745 -4.32774 -0.902467 0.0230307 0.430449 -22.8126
0.398553 0.458233 0.794605 18.4758 -0.16436 0.888018 -0.429668 -4.43011 -0.902422 0.0406522 0.429208 -22.289
0.409574 0.458783 0.788673 18.1806 -0.15451 0.886864 -0.435671 -4.50508 -0.899236 0.0565834 0.434094 -21.8383
0.419044 0.459473 0.783267 17.8909 -0.147067 0.885583 -0.440817 -4.58354 -0.896101 0.0695348 0.438641 -21.3982
0.424912 0.462084 0.778567 17.6059 -0.145204 0.883682 -0.445233 -4.66381 -0.893652 0.0761342 0.442553 -20.9602
0.431051 0.463091 0.774573 17.3456 -0.143619 0.882648 -0.447786 -4.73766 -0.890951 0.08178 0.446944 -20.5561
0.44448 0.460228 0.76868 17.1371 -0.140827 0.883284 -0.447423 -4.8228 -0.88479 0.0906182 0.457383 -20.2226
0.454728 0.456832 0.764688 16.9369 -0.137632 0.884282 -0.44644 -4.89508 -0.880059 0.0977655 0.464949 -19.8805
0.464716 0.455314 0.759585 16.7624 -0.137109 0.884445 -0.446284 -4.94197 -0.874922 0.103247 0.47341 -19.5782
0.478332 0.451684 0.753261 16.6177 -0.136653 0.885543 -0.444235 -4.98454 -0.867611 0.109558 0.485273 -19.2999
0.485521 0.448559 0.750537 16.4635 -0.137234 0.886922 -0.441303 -5.02403 -0.863532 0.111259 0.49214 -19.0371
0.495427 0.4439 0.746811 16.3376 -0.138011 0.888993 -0.436863 -5.06591 -0.857747 0.113367 0.501658 -18.8097
0.504868 0.439084 0.743341 16.2236 -0.139012 0.891205 -0.43202 -5.09913 -0.852076 0.114776 0.51094 -18.597
0.512151 0.432744 0.742063 16.0972 -0.13907 0.894301 -0.425549 -5.13837 -0.847694 0.114747 0.518161 -18.3972
0.515341 0.42962 0.741682 15.9575 -0.137341 0.895608 -0.423363 -5.13183 -0.846057 0.116308 0.520508 -18.1801
0.518169 0.425856 0.74187 15.8279 -0.136826 0.897452 -0.419603 -5.13491 -0.844395 0.115918 0.523261 -17.9787
0.518933 0.422002 0.743549 15.7089 -0.136922 0.899576 -0.415004 -5.14037 -0.843926 0.113547 0.524561 -17.7684
0.520259 0.418801 0.744419 15.5911 -0.137248 0.901294 -0.411144 -5.13959 -0.843041 0.111732 0.526347 -17.5865
0.52135 0.416824 0.744779 15.4886 -0.137403 0.902328 -0.408824 -5.12679 -0.842357 0.110802 0.527661 -17.4209
0.521748 0.414853 0.745587 15.3892 -0.13763 0.903403 -0.40636 -5.11717 -0.842058 0.109403 0.528405 -17.2626
0.521869 0.412284 0.74694 15.2928 -0.137931 0.904832 -0.403074 -5.11878 -0.841951 0.107322 0.529029 -17.113
0.52174 0.410468 0.748017 15.2035 -0.13825 0.905854 -0.400657 -5.11706 -0.841962 0.105626 0.529327 -16.976
0.521533 0.408628 0.749181 15.1173 -0.138842 0.906926 -0.398024 -5.11999 -0.842009 0.103562 0.529686 -16.8448
0.520655 0.407444 0.750423 15.03 -0.140399 0.907794 -0.395485 -5.13123 -0.842279 0.100554 0.529812 -16.7209
0.519804 0.407393 0.751054 14.9491 -0.140646 0.907907 -0.395144 -5.1332 -0.842779 0.0997618 0.529192 -16.6047
0.518057 0.407831 0.75201 14.8639 -0.14105 0.907829 -0.395174 -5.14377 -0.843771 0.0986536 0.527792 -16.4838
0.519398 0.404047 0.753141 14.7746 -0.134554 0.908956 -0.394855 -5.16686 -0.844023 0.103745 0.526436 -16.3674
0.520969 0.40054 0.753917 14.6888 -0.127587 0.909807 -0.395204 -5.19517 -0.844123 0.109699 0.525045 -16.2568
0.521853 0.396991 0.755194 14.5908 -0.119301 0.910499 -0.396203 -5.22871 -0.844803 0.116659 0.522468 -16.1448
0.52301 0.393774 0.756065 14.4984 -0.109896 0.910754 -0.398326 -5.26046 -0.845348 0.125239 0.519569 -16.0389
0.523945 0.391398 0.756664 14.4084 -0.0997422 0.910376 -0.401852 -5.29233 -0.846043 0.135069 0.515987 -15.935
0.523403 0.388728 0.758401 14.3109 -0.0882712 0.909945 -0.405491 -5.32581 -0.847637 0.145287 0.510543 -15.8298
0.521677 0.386425 0.760777 14.2118 -0.0756358 0.909105 -0.40991 -5.36006 -0.849935 0.156288 0.503448 -15.7231
0.519385 0.382714 0.7642 14.1097 -0.0642919 0.909195 -0.411639 -5.41124 -0.852254 0.164662 0.496791 -15.6306
0.516468 0.380169 0.767455 14.012 -0.0499872 0.908031 -0.416175 -5.44761 -0.854998 0.176565 0.487935 -15.5377
0.511898 0.378164 0.771484 13.9135 -0.0346138 0.906368 -0.421323 -5.4801 -0.858485 0.188963 0.477023 -15.4442
0.507041 0.376051 0.775726 13.8193 -0.0192083 0.904642 -0.426 -5.51554 -0.861858 0.201083 0.46588 -15.359
0.501658 0.373939 0.780221 13.7306 -0.00394694 0.902852 -0.430184 -5.55539 -0.865193 0.212716 0.454366 -15.2815
0.494349 0.371624 0.785984 13.6392 0.0117456 0.901201 -0.433498 -5.59845 -0.869335 0.223512 0.441111 -15.2057
0.484744 0.369351 0.792993 13.5435 0.0277288 0.899647 -0.435986 -5.6431 -0.874352 0.233318 0.425827 -15.1338
0.473275 0.367662 0.800682 13.45 0.0448476 0.897638 -0.4387 -5.68225 -0.879922 0.243513 0.408312 -15.0639
0.458794 0.36989 0.808038 13.3621 0.0692045 0.891724 -0.4475 -5.67979 -0.885978 0.261216 0.383494 -14.9751
0.442048 0.371343 0.816673 13.2742 0.0907649 0.887228 -0.452562 -5.69687 -0.892535 0.274155 0.35847 -14.8943
0.422648 0.37359 0.825855 13.1865 0.113798 0.882128 -0.457293 -5.70696 -0.899255 0.287238 0.330296 -14.8116
0.401245 0.376563 0.835141 13.102 0.138904 0.876165 -0.461807 -5.70781 -0.905524 0.301274 0.299234 -14.7323
0.375535 0.37934 0.845762 13.0134 0.163712 0.871034 -0.463374 -5.71845 -0.912367 0.312456 0.264988 -14.6481
0.346227 0.379247 0.858228 12.9286 0.189784 0.86756 -0.459943 -5.72509 -0.9189 0.322093 0.228389 -14.5571
0.313396 0.380902 0.87002 12.8443 0.21602 0.863549 -0.455889 -5.73387 -0.924858 0.330795 0.188344 -14.4619
0.279724 0.38316 0.880454 12.7625 0.241397 0.859521 -0.450752 -5.74464 -0.929382 0.338593 0.147935 -14.3765
0.241405 0.389043 0.889162 12.6831 0.265765 0.854721 -0.446136 -5.75929 -0.933455 0.343987 0.102942 -14.2773
0.205183 0.39373 0.896178 12.5991 0.289174 0.850386 -0.439829 -5.77486 -0.935174 0.349363 0.0606379 -14.1919
0.167635 0.401611 0.900471 12.5261 0.312105 0.844796 -0.434888 -5.78602 -0.935274 0.353922 0.0162832 -14.1035
0.12967 0.408363 0.903705 12.4497 0.332139 0.840858 -0.427631 -5.79858 -0.934421 0.355574 -0.0265811 -14.0191
0.0915964 0.411473 0.90694 12.3808 0.352809 0.838283 -0.415962 -5.80944 -0.931336 0.358055 -0.0683687 -13.9372
0.0526786 0.414626 0.908608 12.3094 0.370675 0.836749 -0.403336 -5.82367 -0.927417 0.358011 -0.109586 -13.8545
0.0131762 0.417423 0.908749 12.2326 0.387538 0.835666 -0.389479 -5.83548 -0.921897 0.357284 -0.150729 -13.7704
-0.0232515 0.419529 0.907587 12.163 0.40213 0.835078 -0.37572 -5.84567 -0.915439 0.356198 -0.188087 -13.6944
-0.0592282 0.418973 0.906198 12.0887 0.413608 0.836507 -0.359725 -5.86682 -0.908667 0.353483 -0.222801 -13.6217
-0.0923664 0.41846 0.90367 12.023 0.424948 0.837317 -0.34431 -5.88092 -0.900648 0.352177 -0.255122 -13.5451
-0.124275 0.417298 0.900366 11.954 0.432367 0.8395 -0.329416 -5.89777 -0.893237 0.348329 -0.284715 -13.4721
-0.155395 0.413449 0.897314 11.8815 0.432191 0.845252 -0.314626 -5.91581 -0.888451 0.338888 -0.30999 -13.4055
-0.183903 0.409865 0.89355 11.8192 0.431525 0.850432 -0.301279 -5.93187 -0.883303 0.330163 -0.333219 -13.3307
-0.207049 0.404279 0.891039 11.7595 0.431086 0.855284 -0.287897 -5.95164 -0.878395 0.324475 -0.351314 -13.2616
-0.225706 0.398978 0.888884 11.6998 0.43077 0.859252 -0.276301 -5.97291 -0.87393 0.320523 -0.365758 -13.1944
-0.237659 0.393195 0.888356 11.6407 0.430354 0.862514 -0.266637 -5.99025 -0.870975 0.318909 -0.374144 -13.1365
-0.24741 0.387908 0.888008 11.5837 0.43051 0.865069 -0.257947 -6.0112 -0.868165 0.318458 -0.380975 -13.063
-0.25357 0.38004 0.889682 11.532 0.421855 0.871106 -0.251882 -6.02934 -0.870647 0.311418 -0.381154 -12.9991
-0.253144 0.371293 0.893477 11.4846 0.410716 0.877438 -0.248266 -6.0446 -0.876067 0.3041 -0.374564 -12.945
-0.25115 0.361078 0.898226 11.4261 0.397714 0.8845 -0.244367 -6.0647 -0.882629 0.295837 -0.365694 -12.8822
-0.24687 0.351005 0.903379 11.3649 0.384148 0.891295 -0.241338 -6.08331 -0.889804 0.287435 -0.354823 -12.8081
-0.236462 0.34276 0.909322 11.3055 0.369958 0.897115 -0.241964 -6.08907 -0.898613 0.279169 -0.338889 -12.7387
-0.221918 0.332431 0.916779 11.2463 0.352553 0.903961 -0.242449 -6.10403 -0.909244 0.269394 -0.317761 -12.6747
-0.202159 0.31764 0.926555 11.1841 0.331683 0.912369 -0.240419 -6.1345 -0.921635 0.258694 -0.289753 -12.6239
-0.180353 0.30786 0.934312 11.1281 0.313297 0.918386 -0.242142 -6.14847 -0.932516 0.249032 -0.262046 -12.557
-0.154835 0.296157 0.942648 11.0653 0.292181 0.925184 -0.242688 -6.17224 -0.943901 0.237824 -0.229742 -12.4927
-0.124173 0.286194 0.950221 11.0039 0.27245 0.930653 -0.244703 -6.18728 -0.954265 0.228489 -0.193502 -12.4267
-0.090375 0.276898 0.95678 10.9388 0.25052 0.936126 -0.247267 -6.20349 -0.964036 0.217325 -0.153938 -12.3614
-0.0527321 0.266479 0.962524 10.872 0.22785 0.941644 -0.248222 -6.2251 -0.972405 0.20621 -0.110347 -12.2958
-0.0128369 0.257189 0.966416 10.8026 0.2058 0.946468 -0.249156 -6.24655 -0.97866 0.195671 -0.0650551 -12.2257
0.0318155 0.250698 0.967669 10.7343 0.185386 0.949872 -0.25219 -6.26093 -0.982287 0.187405 -0.0162391 -12.1566
0.0811684 0.244335 0.966428 10.666 0.16411 0.953101 -0.254758 -6.27864 -0.983245 0.179262 0.0372772 -12.0932
0.132053 0.239768 0.961935 10.5971 0.145888 0.955155 -0.258113 -6.29437 -0.980582 0.17441 0.0911569 -12.0244
0.188381 0.235757 0.953522 10.5326 0.126021 0.957054 -0.261536 -6.31377 -0.974124 0.169416 0.150582 -11.9695
0.242294 0.233041 0.94193 10.4577 0.105153 0.958817 -0.264275 -6.33378 -0.964622 0.163071 0.207804 -11.9014
0.297042 0.231943 0.926413 10.3791 0.0853055 0.959848 -0.267675 -6.35162 -0.951196 0.158525 0.265318 -11.8309
0.351221 0.229985 0.907744 10.296 0.067174 0.960796 -0.269424 -6.37336 -0.934016 0.155598 0.321983 -11.757
0.404123 0.230452 0.885353 10.2093 0.0510323 0.960679 -0.273362 -6.39164 -0.913433 0.15564 0.376448 -11.6786
0.457352 0.230242 0.859107 10.1215 0.0359635 0.960445 -0.276555 -6.41039 -0.888699 0.157373 0.43095 -11.5999
0.5098 0.22893 0.829439 10.0325 0.0228707 0.960123 -0.279066 -6.43209 -0.860149 0.161224 0.484198 -11.5206
0.56079 0.228181 0.79605 9.94326 0.0108417 0.959292 -0.28262 -6.45093 -0.828036 0.167113 0.535443 -11.441
0.611379 0.227268 0.758181 9.85318 -0.00209326 0.958463 -0.285625 -6.47275 -0.791507 0.173023 0.586411 -11.364
0.655911 0.226929 0.720092 9.75655 -0.0136464 0.957276 -0.289255 -6.49515 -0.754875 0.179889 0.63093 -11.2766
0.699705 0.226138 0.677901 9.6616 -0.0253815 0.955987 -0.292717 -6.51975 -0.71417 0.187592 0.674588 -11.1936
0.739153 0.22502 0.635034 9.56093 -0.0352764 0.954314 -0.297107 -6.54277 -0.672793 0.197194 0.713256 -11.107
0.776299 0.226097 0.588654 9.46572 -0.04651 0.951604 -0.304179 -6.56104 -0.628859 0.208737 0.749176 -11.0208
0.810708 0.225485 0.540516 9.36996 -0.0581699 0.949454 -0.308847 -6.58524 -0.582759 0.218929 0.782772 -10.9383
0.839264 0.224685 0.495406 9.26586 -0.0674172 0.946757 -0.315193 -6.60605 -0.539775 0.23111 0.809648 -10.8455
0.865282 0.222813 0.449322 9.16372 -0.0767457 0.944267 -0.320474 -6.63171 -0.495618 0.2428 0.834075 -10.7546
0.887902 0.220027 0.404343 9.05993 -0.0857113 0.942132 -0.324471 -6.66012 -0.452272 0.253418 0.855295 -10.6647
0.906569 0.218321 0.361551 8.95433 -0.0942973 0.939146 -0.330677 -6.68317 -0.411682 0.265669 0.871899 -10.5695
0.922278 0.21583 0.321086 8.84778 -0.101796 0.936152 -0.336896 -6.70617 -0.37324 0.277999 0.885273 -10.4741
0.935238 0.213151 0.283101 8.74148 -0.109009 0.933267 -0.342585 -6.73284 -0.337178 0.289515 0.895971 -10.3777
0.945839 0.210663 0.247562 8.63496 -0.115785 0.930043 -0.349075 -6.75676 -0.303731 0.301475 0.903969 -10.2808
0.954028 0.208911 0.215494 8.52873 -0.122532 0.926596 -0.355863 -6.78114 -0.273973 0.313074 0.909503 -10.181
0.960278 0.20616 0.188789 8.41765 -0.127722 0.924374 -0.359806 -6.81621 -0.248645 0.321369 0.913891 -10.0797
0.964736 0.205186 0.165633 8.30861 -0.13307 0.921144 -0.366088 -6.84398 -0.227646 0.331111 0.915869 -9.97622
0.967777 0.204761 0.147508 8.19504 -0.137504 0.918023 -0.372246 -6.87369 -0.211598 0.339934 0.9165 -9.87005
0.969602 0.204986 0.134556 8.07798 -0.140978 0.915055 -0.378198 -6.9045 -0.200612 0.347703 0.916041 -9.76076
0.97053 0.206666 0.125056 7.96144 -0.144405 0.911434 -0.385586 -6.93039 -0.193629 0.356128 0.91432 -9.64954
0.97097 0.207792 0.119547 7.84247 -0.146222 0.908552 -0.391645 -6.96139 -0.189957 0.362765 0.912465 -9.53655
0.970843 0.209617 0.117489 7.72154 -0.147475 0.905802 -0.397513 -6.99263 -0.18971 0.368559 0.910206 -9.42251
0.970231 0.212249 0.117703 7.6011 -0.14869 0.903156 -0.403033 -7.02522 -0.191809 0.373502 0.907734 -9.30477
0.969337 0.21432 0.121381 7.47603 -0.148242 0.901229 -0.407496 -7.05967 -0.196688 0.376968 0.905268 -9.18834
0.967964 0.217863 0.125836 7.35159 -0.148661 0.898807 -0.412649 -7.09065 -0.202964 0.38069 0.902306 -9.06841
0.966477 0.221003 0.131758 7.22506 -0.148359 0.89708 -0.41651 -7.12339 -0.210207 0.38296 0.899698 -8.94917
0.965095 0.223076 0.138137 7.10059 -0.147363 0.896459 -0.418186 -7.16067 -0.21708 0.3832 0.897947 -8.82922
0.96345 0.225451 0.14566 6.97137 -0.14612 0.895791 -0.420059 -7.19438 -0.225142 0.383383 0.895896 -8.70701
0.961823 0.227377 0.153126 6.84005 -0.144824 0.895781 -0.420518 -7.22927 -0.232741 0.382255 0.89442 -8.58356
0.960322 0.22837 0.160968 6.70529 -0.142943 0.896637 -0.419346 -7.26581 -0.240053 0.379658 0.893609 -8.45826
0.959281 0.227574 0.168051 6.56519 -0.140324 0.898625 -0.415954 -7.30751 -0.245631 0.375404 0.893875 -8.32899
0.958598 0.227321 0.172329 6.42352 -0.139129 0.900017 -0.413346 -7.34241 -0.249017 0.372218 0.894286 -8.19429
0.958394 0.224566 0.176924 6.27114 -0.136334 0.903012 -0.407698 -7.38354 -0.251274 0.366584 0.895964 -8.05446
0.959081 0.221903 0.176648 6.11975 -0.135402 0.905526 -0.402407 -7.41861 -0.24921 0.361984 0.898424 -7.91161
0.960254 0.218293 0.17468 5.96123 -0.134831 0.908967 -0.394758 -7.45622 -0.244906 0.355485 0.902178 -7.7618
0.962435 0.212071 0.17037 5.7956 -0.133274 0.913623 -0.384414 -7.49769 -0.237134 0.347231 0.90747 -7.60847
0.965424 0.205781 0.160817 5.62731 -0.133535 0.918177 -0.373302 -7.53488 -0.224434 0.338892 0.913814 -7.4513
0.969437 0.196197 0.148256 5.45281 -0.132408 0.924523 -0.357725 -7.58167 -0.207211 0.327127 0.922148 -7.29046
0.97392 0.185574 0.131511 5.27295 -0.131389 0.93103 -0.340814 -7.62742 -0.185648 0.314619 0.931034 -7.12616
0.984197 0.128033 0.123482 5.14466 -0.0742627 0.92662 -0.368922 -7.57417 -0.161619 0.353882 0.921385 -7.01507
0.98845 0.113965 0.101144 4.95118 -0.0719736 0.934312 -0.349451 -7.64448 -0.134291 0.338104 0.931626 -6.84377
0.992314 0.100189 0.074567 4.75661 -0.0704314 0.942007 -0.32849 -7.71762 -0.103124 0.320677 0.94172 -6.66968
0.995315 0.0854076 0.0480136 4.55134 -0.066856 0.950255 -0.304599 -7.80064 -0.0716126 0.299934 0.951412 -6.48872
0.997318 0.0735822 0.0151167 4.35299 -0.0662066 0.956047 -0.286067 -7.86157 -0.0354795 0.284266 0.958248 -6.30513
0.998037 0.0613099 -0.0204013 4.15373 -0.0645343 0.962255 -0.264831 -7.93067 0.00341428 0.265601 0.964219 -6.11798
0.998668 0.0300824 -0.0452169 4.15087 -0.0411028 0.962926 -0.267075 -7.90132 0.0355206 0.268546 0.962772 -6.15989
0.996589 0.0174693 -0.0822149 4.19083 -0.0372446 0.968799 -0.245509 -7.88554 0.0753729 0.247707 0.966041 -6.24603
0.990307 -0.0564972 -0.128011 4.20701 0.0147179 0.951964 -0.306262 -7.7861 0.139168 0.301371 0.943459 -6.26489
0.994652 -0.102992 -0.0177968 3.90154 0.0916459 0.941356 -0.325093 -7.84077 0.0502501 0.321688 0.945658 -6.10922
0.989209 -0.145381 0.0248633 3.76424 0.145849 0.939135 -0.311455 -7.82929 0.0219452 0.311679 0.950097 -5.8444
0.987519 -0.157677 -0.0142144 3.62528 0.146212 0.942818 -0.29992 -7.96163 0.0607063 0.294065 0.954001 -5.62961
0.978918 -0.201764 0.0360449 3.44779 0.20185 0.918554 -0.340249 -7.9205 0.0355552 0.340304 0.939809 -5.54081
0.977244 -0.212698 0.00335389 3.32235 0.201542 0.92077 -0.334367 -8.06678 0.0680442 0.327396 0.942581 -5.32444
0.97471 -0.222155 -0.0296198 3.21177 0.200536 0.923508 -0.327372 -8.22465 0.100088 0.313109 0.944595 -5.10801
0.971788 -0.229014 -0.0586471 3.10069 0.198999 0.926414 -0.319991 -8.38761 0.127621 0.299257 0.945746 -4.89042
0.968457 -0.235502 -0.0831872 2.98875 0.198616 0.92813 -0.31525 -8.54089 0.151451 0.288742 0.945519 -4.68246
0.963906 -0.244464 -0.106686 2.90121 0.201066 0.928825 -0.311602 -8.69111 0.17527 0.27887 0.944347 -4.47103
0.960075 -0.250412 -0.125861 2.83208 0.201135 0.928397 -0.312858 -8.82682 0.195188 0.275012 0.941587 -4.24048
0.957276 -0.25418 -0.138837 2.76541 0.200926 0.928134 -0.313745 -8.96987 0.208604 0.272411 0.939445 -4.02819
0.95508 -0.256301 -0.149746 2.73536 0.199634 0.927983 -0.31504 -9.11032 0.219699 0.270954 0.937355 -3.82271
0.953943 -0.257496 -0.154751 2.72063 0.199149 0.92775 -0.316008 -9.25928 0.224937 0.270602 0.936194 -3.61234
0.953486 -0.257978 -0.156858 2.74443 0.199051 0.927799 -0.31595 -9.41115 0.227033 0.269991 0.935884 -3.40966
0.955106 -0.256333 -0.14942 2.76231 0.200655 0.929067 -0.311151 -9.59356 0.218576 0.267168 0.938684 -3.19611
0.957621 -0.252827 -0.139044 2.81872 0.199866 0.928827 -0.312396 -9.72276 0.208123 0.271327 0.939886 -2.97935
0.959499 -0.250881 -0.129153 2.92966 0.20032 0.928039 -0.314419 -9.83468 0.198739 0.275779 0.940601 -2.78703
0.961767 -0.246581 -0.120396 3.02926 0.196511 0.92519 -0.325063 -9.8575 0.191538 0.288933 0.938164 -2.7033
0.965792 -0.242265 -0.0938939 3.08124 0.200263 0.92438 -0.325056 -9.98037 0.165545 0.295097 0.941169 -2.50094
0.967879 -0.238986 -0.0799495 3.21947 0.200401 0.922297 -0.330859 -10.041 0.152808 0.304164 0.940456 -2.386
0.969384 -0.236711 -0.0672996 3.38699 0.201826 0.921231 -0.332935 -10.1274 0.140813 0.309121 0.940694 -2.2605
0.970946 -0.234663 -0.0499243 3.55121 0.204821 0.919141 -0.336879 -10.2061 0.124944 0.316819 0.940392 -2.10625
0.97234 -0.231767 -0.0332774 3.72272 0.206906 0.917077 -0.341184 -10.2752 0.109602 0.324822 0.939557 -1.95857
0.973528 -0.228341 -0.0199793 3.91163 0.207471 0.914885 -0.346702 -10.3308 0.097452 0.33333 0.937933 -1.81835
0.974223 -0.226097 -0.00608646 4.09913 0.209576 0.912553 -0.351528 -10.391 0.0850446 0.34115 0.936309 -1.68282
0.974955 -0.22296 0.00699371 4.28522 0.210607 0.909698 -0.358266 -10.4367 0.0735267 0.350715 0.933765 -1.55005
0.975682 -0.219008 0.0186594 4.46504 0.210711 0.907861 -0.362818 -10.4873 0.0625336 0.357885 0.931826 -1.43205
0.97617 -0.215705 0.0293361 4.64355 0.211265 0.906221 -0.366595 -10.5388 0.0525036 0.364004 0.93009 -1.31584
0.976602 -0.21222 0.0384827 4.81712 0.211096 0.904015 -0.37208 -10.5832 0.0441896 0.371455 0.927556 -1.20196
0.976829 -0.209443 0.0472768 4.98498 0.211694 0.902687 -0.37497 -10.6364 0.0358731 0.376236 0.926004 -1.08914
0.976763 -0.208449 0.0524906 5.15346 0.212657 0.901587 -0.377049 -10.6964 0.031288 0.379406 0.924859 -0.984271
0.976523 -0.20966 0.0523712 5.32888 0.213651 0.900303 -0.379565 -10.7507 0.0324445 0.381788 0.923855 -0.888585
0.976388 -0.21022 0.0524055 5.49574 0.214126 0.899655 -0.380815 -10.8143 0.0329251 0.383 0.92332 -0.790712
0.976251 -0.211022 0.0519727 5.65362 0.214699 0.899401 -0.381109 -10.8859 0.0336928 0.383161 0.923242 -0.695954
0.976034 -0.212502 0.0497413 5.80839 0.215213 0.899407 -0.38079 -10.9616 0.0361977 0.382323 0.923479 -0.602966
0.975778 -0.214113 0.0480706 5.95348 0.216118 0.899685 -0.379637 -11.0424 0.0380508 0.380775 0.92406 -0.512009
0.97533 -0.217161 0.0429682 6.10088 0.217085 0.900353 -0.377476 -11.1294 0.0433027 0.377446 0.925178 -0.426597
0.974699 -0.221001 0.0376428 6.23912 0.218769 0.900989 -0.374996 -11.2208 0.0489713 0.37369 0.926435 -0.346918
0.974128 -0.224471 0.0309756 6.37625 0.219496 0.900862 -0.374859 -11.3061 0.0562547 0.371915 0.92672 -0.265955
0.973413 -0.228452 0.0239489 6.50832 0.220697 0.901249 -0.373238 -11.3962 0.0636939 0.368547 0.927599 -0.192488
0.972613 -0.232459 0.0161378 6.63598 0.221721 0.901993 -0.370809 -11.4908 0.0716546 0.364188 0.928725 -0.116809
0.97175 -0.236528 0.00736787 6.76144 0.222483 0.902557 -0.368994 -11.582 0.0806365 0.360157 0.929574 -0.0451608
0.970539 -0.241506 -0.0013314 6.88322 0.224205 0.903082 -0.366643 -11.6729 0.0897596 0.3555 0.930516 0.0247614
0.96866 -0.248794 -0.00987407 7.0053 0.228391 0.903621 -0.362728 -11.7615 0.0991737 0.349055 0.932014 0.0839619
0.967427 -0.253029 -0.0182876 7.12204 0.229571 0.903896 -0.361277 -11.8441 0.107952 0.345268 0.932434 0.152302
