0 0 0 0 0 0 1
-0.0222606 0.0464756 -0.0971249 -0.00124745 -0.00711632 -0.0099219 0.999925
-0.0257163 0.0995368 -0.166796 -0.00280689 -0.013903 -0.0197351 0.999705
-0.0141645 0.154534 -0.266074 -0.00459784 -0.0215447 -0.0302036 0.999301
0.0137151 0.218872 -0.387174 -0.0065811 -0.0305282 -0.0416158 0.998646
0.0478912 0.283401 -0.510191 -0.00888423 -0.0396153 -0.0529736 0.997771
0.0980213 0.350991 -0.644212 -0.0111089 -0.0493638 -0.0645075 0.996634
0.154964 0.409303 -0.800275 -0.0131854 -0.0601432 -0.075608 0.995235
0.215578 0.464564 -0.956437 -0.0151571 -0.0710647 -0.0864157 0.993606
0.267132 0.51416 -1.11322 -0.0170819 -0.0816136 -0.0972476 0.991762
0.314028 0.561537 -1.27066 -0.0188485 -0.0920306 -0.107942 0.989709
0.344177 0.60765 -1.41139 -0.0203834 -0.101434 -0.118248 0.98758
0.350912 0.648524 -1.54683 -0.0219231 -0.109857 -0.128421 0.985373
0.353541 0.688526 -1.67671 -0.0231373 -0.117796 -0.137958 0.983137
0.337077 0.733314 -1.79908 -0.0235051 -0.12474 -0.146833 0.980984
0.314962 0.779429 -1.92113 -0.0234245 -0.131214 -0.155362 0.978825
0.270487 0.812782 -2.01525 -0.0235216 -0.136373 -0.16279 0.976909
0.206674 0.836269 -2.09429 -0.0233721 -0.14038 -0.169427 0.975215
0.0960833 0.870076 -2.16205 -0.0224922 -0.142225 -0.175449 0.973902
-0.0213928 0.892841 -2.21685 -0.0215752 -0.14349 -0.180833 0.972752
-0.138566 0.888272 -2.25783 -0.0207235 -0.144139 -0.184797 0.97193
-0.225344 0.882543 -2.27884 -0.0190072 -0.145752 -0.186415 0.971415
-0.302256 0.86224 -2.28729 -0.0170373 -0.146719 -0.186831 0.971226
-0.363912 0.829126 -2.28934 -0.0146184 -0.147646 -0.188485 0.970806
-0.411543 0.785358 -2.29151 -0.0116102 -0.147888 -0.188418 0.970822
-0.448243 0.73943 -2.30436 -0.00815417 -0.147908 -0.188396 0.970859
-0.484403 0.698838 -2.30805 -0.00428259 -0.147181 -0.188504 0.970973
-0.516679 0.661246 -2.31142 8.27378e-05 -0.146122 -0.188355 0.971172
-0.541634 0.624561 -2.31452 0.00511746 -0.144669 -0.18782 0.971479
-0.558118 0.589722 -2.32174 0.0105432 -0.142819 -0.18663 0.971939
-0.579021 0.556125 -2.32476 0.0159573 -0.140644 -0.184191 0.972647
-0.582393 0.519161 -2.32135 0.0208801 -0.138755 -0.180705 0.973479
-0.559985 0.482097 -2.32757 0.0256836 -0.137446 -0.177323 0.974171
-0.548225 0.447503 -2.33637 0.0304263 -0.135498 -0.174037 0.9749
-0.531809 0.415802 -2.34827 0.03477 -0.133539 -0.171005 0.975561
-0.514156 0.387577 -2.3571 0.0390805 -0.131525 -0.167976 0.976198
-0.493255 0.362042 -2.36326 0.0430208 -0.129561 -0.165125 0.976781
-0.463182 0.338526 -2.38064 0.0462648 -0.127344 -0.162536 0.977358
-0.451523 0.319996 -2.40468 0.049183 -0.124545 -0.160682 0.977883
-0.436098 0.304398 -2.43398 0.0511352 -0.121657 -0.159165 0.978394
-0.432813 0.299065 -2.46719 0.0528428 -0.118467 -0.158212 0.97885
-0.424892 0.293329 -2.50602 0.0532976 -0.115323 -0.158561 0.979144
-0.425831 0.276282 -2.55734 0.0522256 -0.111861 -0.159593 0.979436
-0.441353 0.273821 -2.60794 0.0511682 -0.107857 -0.160712 0.979757
-0.449036 0.277779 -2.66576 0.0495245 -0.104045 -0.162846 0.979902
-0.462552 0.282551 -2.72479 0.0474454 -0.0999598 -0.164842 0.980096
-0.473334 0.286753 -2.79327 0.0450976 -0.0956767 -0.167042 0.980262
-0.487891 0.29173 -2.86268 0.0425063 -0.0911781 -0.169421 0.980398
-0.503201 0.300738 -2.93493 0.0397769 -0.086536 -0.172018 0.980482
-0.510885 0.308002 -3.01938 0.0371173 -0.0817023 -0.17423 0.98061
-0.522139 0.310466 -3.0976 0.0343621 -0.076435 -0.176595 0.980712
-0.529981 0.318727 -3.17296 0.0322211 -0.071115 -0.178878 0.980771
-0.534655 0.327402 -3.24477 0.0303583 -0.0653809 -0.180149 0.980997
-0.537 0.337457 -3.31536 0.0289714 -0.0593606 -0.180962 0.981272
-0.533039 0.35024 -3.38418 0.0284772 -0.0528955 -0.18121 0.981611
-0.515176 0.357142 -3.4352 0.028134 -0.0464472 -0.180344 0.982106
-0.471547 0.377009 -3.50404 0.0295423 -0.0403633 -0.178538 0.982664
-0.442136 0.395649 -3.56943 0.0322245 -0.0331058 -0.175532 0.983391
-0.390791 0.431694 -3.63199 0.0367044 -0.0258075 -0.172201 0.984043
-0.343515 0.466195 -3.6879 0.0419278 -0.0177473 -0.166798 0.984942
-0.268075 0.510883 -3.7239 0.0490316 -0.0100591 -0.159527 0.985927
-0.150122 0.572119 -3.74687 0.0581205 -0.00301621 -0.150939 0.986831
-0.00108944 0.637759 -3.78822 0.0688837 0.00412683 -0.140366 0.987695
0.131924 0.693807 -3.82666 0.0799906 0.0118089 -0.12883 0.988368
0.257897 0.743066 -3.84242 0.0919782 0.019999 -0.116082 0.988773
0.378434 0.790584 -3.86368 0.104457 0.0285931 -0.102705 0.988802
0.490699 0.831803 -3.88542 0.117436 0.0373412 -0.0884749 0.98843
0.589894 0.8654 -3.91486 0.130572 0.0465421 -0.0734301 0.987623
0.623012 0.865402 -3.9554 0.14248 0.0574919 -0.0581279 0.98642
0.654865 0.86766 -4.00702 0.154806 0.068184 -0.0423915 0.98468
0.673377 0.866564 -4.05103 0.167221 0.0791987 -0.0263163 0.982385
0.695572 0.8704 -4.08534 0.179675 0.0897104 -0.0106805 0.979572
0.715976 0.877448 -4.12643 0.191959 0.0997472 0.00514667 0.976311
0.726683 0.883609 -4.18725 0.20422 0.109553 0.0217261 0.972536
0.732129 0.891318 -4.25643 0.215858 0.118725 0.0375231 0.968458
0.736308 0.902986 -4.3328 0.226924 0.127386 0.0516829 0.964165
0.738533 0.916494 -4.4103 0.237316 0.13517 0.0654779 0.959756
0.740701 0.928488 -4.47656 0.24655 0.141811 0.0776529 0.955552
0.736767 0.938195 -4.55818 0.254854 0.147412 0.0885245 0.951573
0.732268 0.94944 -4.63951 0.262392 0.15207 0.0980806 0.947846
0.731843 0.963091 -4.73661 0.268931 0.155761 0.107242 0.944417
0.742595 0.978342 -4.80969 0.273023 0.160607 0.105525 0.942621
0.75305 0.994269 -4.88246 0.275671 0.163523 0.103931 0.941527
0.774375 1.01362 -4.9446 0.277784 0.164823 0.101902 0.9409
0.796263 1.02586 -4.98963 0.279333 0.164608 0.101033 0.940574
0.821795 1.03637 -5.01235 0.280685 0.16401 0.10223 0.940145
0.845159 1.04395 -5.03599 0.28152 0.162429 0.103999 0.939977
0.868529 1.05181 -5.05963 0.281873 0.159453 0.105237 0.940242
0.894103 1.05944 -5.06735 0.28171 0.155724 0.104807 0.940965
0.921591 1.06737 -5.07727 0.28134 0.15204 0.105051 0.941649
0.94799 1.07495 -5.09105 0.280739 0.147434 0.105948 0.942461
0.979875 1.08605 -5.09217 0.280309 0.143284 0.108452 0.942943
1.01885 1.10103 -5.0816 0.279623 0.138977 0.111462 0.943442
1.0549 1.11767 -5.08869 0.278143 0.135114 0.109432 0.944676
1.09928 1.13715 -5.07328 0.27631 0.133025 0.105936 0.945909
1.14211 1.15567 -5.06112 0.274451 0.130452 0.100697 0.947379
1.17548 1.16856 -5.02997 0.272376 0.129988 0.0975266 0.948374
1.2016 1.18465 -5.0535 0.271089 0.128827 0.0924836 0.949405
1.22323 1.19698 -5.08268 0.269845 0.128404 0.0871207 0.950324
1.23428 1.20874 -5.10397 0.269841 0.129808 0.0827565 0.950524
1.24443 1.21992 -5.1347 0.269423 0.131633 0.0781725 0.95078
1.24909 1.23421 -5.19042 0.269604 0.13475 0.0747024 0.950571
1.25821 1.24455 -5.25259 0.270907 0.138324 0.070281 0.950025
1.27136 1.25269 -5.33095 0.272787 0.14196 0.0645689 0.949355
1.29422 1.26834 -5.4492 0.274187 0.146515 0.061226 0.948482
1.31858 1.28222 -5.60223 0.2755 0.152358 0.0592744 0.947303
1.33904 1.29158 -5.78669 0.2771 0.159111 0.0576413 0.945828
1.35694 1.30154 -5.97119 0.279006 0.166482 0.0564403 0.944068
1.38941 1.31503 -6.13196 0.281674 0.174041 0.0548372 0.942006
1.41389 1.33928 -6.32701 0.284378 0.181666 0.0542557 0.939783
1.43742 1.36552 -6.52925 0.286892 0.189316 0.053307 0.937563
1.45757 1.39297 -6.73162 0.289912 0.197197 0.0528688 0.935029
1.47568 1.4219 -6.93075 0.292419 0.205377 0.0528201 0.932489
1.49968 1.4533 -7.11388 0.296754 0.212346 0.0502828 0.929693
1.52229 1.4863 -7.29324 0.299897 0.2198 0.0509039 0.926916
1.54181 1.52299 -7.48431 0.302632 0.227482 0.0518504 0.924115
1.55915 1.56108 -7.67703 0.305546 0.233987 0.0533284 0.921446
1.57351 1.60074 -7.8712 0.307769 0.240091 0.0546443 0.919054
1.58646 1.63546 -8.03443 0.310274 0.245798 0.0576846 0.916515
1.59674 1.67151 -8.19388 0.313028 0.249376 0.0567992 0.914664
1.6076 1.70685 -8.35623 0.314378 0.251101 0.0546113 0.913864
1.618 1.74214 -8.517 0.315178 0.253037 0.0525949 0.91317
1.62683 1.77843 -8.67463 0.31673 0.254656 0.0502199 0.912319
1.69977 1.77724 -8.82489 0.312557 0.256522 0.060053 0.912639
1.67768 1.73506 -9.04062 0.30928 0.262642 0.0685832 0.911415
1.62923 1.74242 -9.25638 0.310511 0.265894 0.0737612 0.909645
1.61047 1.76523 -9.46097 0.311625 0.266878 0.0754848 0.908837
1.59811 1.79405 -9.68385 0.31075 0.265094 0.0751829 0.909681
1.57505 1.81974 -9.89901 0.309672 0.263326 0.0753443 0.91055
1.5458 1.83391 -10.0894 0.310284 0.264171 0.0760021 0.91004
1.52171 1.86302 -10.2882 0.309645 0.262425 0.0748618 0.91086
1.49427 1.87308 -10.4809 0.30725 0.261684 0.0747444 0.911891
1.47557 1.90507 -10.6573 0.307322 0.260987 0.0714059 0.912336
1.45356 1.91488 -10.8351 0.306198 0.260483 0.0722996 0.912785
1.42035 1.91067 -10.9941 0.304415 0.263575 0.073912 0.912368
1.40215 1.95332 -11.1389 0.306792 0.265233 0.07037 0.911368
1.38798 1.97153 -11.2773 0.307176 0.268587 0.0696767 0.910312
1.36018 1.95439 -11.408 0.303963 0.275286 0.0730993 0.909117
1.33896 1.97732 -11.5348 0.303549 0.281215 0.0731341 0.907439
1.32217 1.97791 -11.6528 0.301426 0.289558 0.0751527 0.905353
1.31739 2.00025 -11.7604 0.300171 0.298326 0.0753662 0.902905
1.30552 2.00459 -11.8575 0.296951 0.311428 0.073954 0.899654
1.27965 2.03004 -11.949 0.293593 0.326909 0.0719719 0.895417
1.27132 2.03626 -12.0275 0.288559 0.343616 0.0722074 0.890765
1.25181 2.07067 -12.1066 0.285194 0.360705 0.0700762 0.885249
1.26623 2.08335 -12.1838 0.279103 0.376691 0.071332 0.880416
1.26588 2.00565 -12.2296 0.267935 0.397706 0.0704595 0.874698
1.25462 1.97659 -12.2748 0.260351 0.418294 0.0756601 0.866913
1.26003 1.99098 -12.3246 0.254936 0.435654 0.0794372 0.859607
1.31139 2.01728 -12.4064 0.249875 0.446035 0.0820473 0.855512
1.30941 1.97722 -12.4187 0.239926 0.466686 0.0830682 0.847208
1.28479 1.96072 -12.4236 0.232427 0.487593 0.0831741 0.837455
1.25142 1.99069 -12.4238 0.230485 0.507639 0.08643 0.825671
1.26242 2.04155 -12.4714 0.228819 0.519076 0.0895265 0.81866
1.30057 2.08897 -12.5274 0.227065 0.526263 0.0894293 0.814564
1.30747 2.06949 -12.5629 0.218193 0.536932 0.089407 0.810013
1.28786 2.04026 -12.5694 0.21107 0.549958 0.0896412 0.80311
1.26185 2.04271 -12.5733 0.207679 0.560746 0.0913104 0.796314
1.27755 2.0865 -12.6063 0.208743 0.563466 0.101222 0.792913
1.3124 2.07193 -12.6575 0.202351 0.563053 0.103595 0.794553
1.29493 2.0309 -12.6005 0.200647 0.569723 0.104572 0.790093
1.27737 2.0516 -12.6003 0.196861 0.571461 0.100074 0.79037
1.28946 2.09077 -12.6055 0.193079 0.56882 0.0963529 0.793666
1.31413 2.10639 -12.6232 0.18622 0.562914 0.0914532 0.800067
1.33623 2.0753 -12.6489 0.17519 0.555648 0.0799679 0.808822
1.30107 2.05748 -12.6056 0.168847 0.554561 0.0676354 0.812034
1.27998 2.10124 -12.6109 0.166765 0.546322 0.0603906 0.818596
1.31028 2.12231 -12.6907 0.159244 0.529462 0.051293 0.831686
1.30401 2.04543 -12.6593 0.146155 0.522794 0.04152 0.838824
1.27769 2.01995 -12.635 0.137857 0.515972 0.032572 0.844824
1.24673 2.02661 -12.636 0.1313 0.507257 0.022877 0.851441
1.24699 2.07671 -12.6507 0.12883 0.4952 0.0137496 0.859076
1.26002 2.1317 -12.6585 0.128372 0.482673 0.00309132 0.86635
1.27765 2.13207 -12.6728 0.123226 0.470896 -0.0055111 0.873535
1.27732 2.11057 -12.6922 0.117287 0.460979 -0.0124998 0.879551
1.2809 2.09785 -12.7153 0.111251 0.451868 -0.0183153 0.884944
1.28087 2.09634 -12.7451 0.106469 0.444295 -0.022042 0.889272
1.28343 2.09853 -12.7731 0.102255 0.438601 -0.0255947 0.892491
1.27585 2.1084 -12.8214 0.0992977 0.434306 -0.0275876 0.894864
1.28107 2.10712 -12.8625 0.0965337 0.432053 -0.0284056 0.896229
1.27992 2.08986 -12.9014 0.0932386 0.433207 -0.0262388 0.896088
1.27186 2.11756 -12.9474 0.0935202 0.437416 -0.0208594 0.894153
1.24721 2.16582 -13.0076 0.0942046 0.444823 -0.0149574 0.890539
1.2747 2.13479 -13.0447 0.0922692 0.452522 -0.00789607 0.886945
1.22046 2.11868 -13.0642 0.0908356 0.469795 -0.000523127 0.878105
1.18862 2.15341 -13.1011 0.0954913 0.485274 0.0103831 0.869084
1.21574 2.24585 -13.2 0.104159 0.494034 0.0235655 0.862875
1.2306 2.24578 -13.3026 0.104319 0.506129 0.0363001 0.855371
1.22451 2.21609 -13.384 0.102962 0.521908 0.0488528 0.845372
1.19299 2.19195 -13.4463 0.102551 0.540962 0.0630434 0.832404
1.20672 2.16958 -13.5324 0.101946 0.556092 0.0790525 0.821066
1.19734 2.18529 -13.6221 0.104467 0.572774 0.0923821 0.807781
1.18816 2.19021 -13.7169 0.107 0.589243 0.108781 0.793436
1.17642 2.20305 -13.8086 0.109953 0.605087 0.123026 0.778893
1.16524 2.21421 -13.9004 0.111748 0.620011 0.135784 0.764653
1.15805 2.21151 -13.9843 0.112027 0.635449 0.15178 0.748765
1.14426 2.2253 -14.0757 0.113271 0.647192 0.16142 0.736404
1.13442 2.23821 -14.1568 0.114984 0.659564 0.170086 0.723089
1.12443 2.25054 -14.2376 0.116387 0.670539 0.17854 0.710628
1.11375 2.25916 -14.3147 0.118118 0.680183 0.186218 0.699111
1.10241 2.26811 -14.3888 0.1182 0.688562 0.191964 0.689274
1.0915 2.28584 -14.457 0.11745 0.696029 0.192769 0.681634
1.07963 2.29326 -14.5241 0.117709 0.701746 0.194328 0.675258
1.07077 2.3023 -14.59 0.117242 0.706208 0.195231 0.670407
1.06061 2.30986 -14.6526 0.11781 0.708995 0.194998 0.66743
1.05278 2.32388 -14.7154 0.11851 0.71046 0.193873 0.666071
1.04195 2.3367 -14.771 0.120195 0.711082 0.19213 0.665615
1.03177 2.34446 -14.8262 0.119051 0.710965 0.188402 0.667006
1.0207 2.35633 -14.8782 0.117635 0.709843 0.183843 0.669722
1.00932 2.36952 -14.9251 0.117352 0.708011 0.178392 0.673173
0.996683 2.37847 -14.9693 0.115969 0.705511 0.172177 0.677644
0.985957 2.38371 -15.0102 0.11453 0.702621 0.166805 0.682216
0.976366 2.38805 -15.0522 0.112152 0.698494 0.160893 0.688245
0.967164 2.39711 -15.0855 0.110387 0.694677 0.154439 0.693846
0.959394 2.3969 -15.1219 0.106637 0.689871 0.148594 0.700475
0.95257 2.40158 -15.1458 0.103898 0.685488 0.14238 0.706451
0.943841 2.40299 -15.1705 0.100685 0.68063 0.137359 0.712584
0.936009 2.41615 -15.1929 0.100019 0.67512 0.131739 0.718949
0.928764 2.40282 -15.2093 0.0939916 0.67077 0.129328 0.724254
0.921323 2.41074 -15.225 0.0918083 0.665678 0.125358 0.729906
0.917331 2.41637 -15.2412 0.0887514 0.660137 0.123062 0.735687
0.914379 2.41349 -15.2493 0.083405 0.654747 0.12223 0.741244
0.910298 2.41215 -15.2417 0.0805544 0.651118 0.121715 0.744835
0.908317 2.40304 -15.2487 0.0761228 0.646714 0.124594 0.748649
0.901013 2.40904 -15.2633 0.0730668 0.642657 0.12673 0.752084
0.899986 2.40672 -15.2864 0.0686118 0.638484 0.129715 0.755537
0.892869 2.40838 -15.3156 0.0641125 0.634825 0.134451 0.758186
0.883852 2.41901 -15.3424 0.061457 0.632807 0.139309 0.759212
0.876403 2.41868 -15.384 0.056068 0.630103 0.146392 0.760548
0.869503 2.42488 -15.4345 0.0516019 0.627825 0.153779 0.761287
0.857988 2.43062 -15.4837 0.0478628 0.627342 0.162454 0.760129
0.84595 2.43638 -15.5418 0.0431728 0.626663 0.171402 0.759001
0.831721 2.44551 -15.6089 0.0391409 0.626376 0.18119 0.757185
0.820902 2.45635 -15.6777 0.0350653 0.627013 0.191953 0.754196
0.805685 2.46442 -15.7539 0.030659 0.628696 0.203423 0.749972
0.791622 2.479 -15.8391 0.0265698 0.630456 0.214924 0.745426
0.770809 2.48858 -15.9282 0.0225945 0.633218 0.227264 0.739536
0.747329 2.50374 -16.024 0.0187695 0.636747 0.240228 0.73248
0.724532 2.51888 -16.1233 0.0152793 0.641173 0.253661 0.724127
0.701621 2.53019 -16.2295 0.0109576 0.64632 0.267741 0.714494
0.67388 2.54419 -16.3409 0.00774437 0.652493 0.28252 0.703148
0.647936 2.56183 -16.4627 -0.00136818 0.65871 0.291902 0.693491
0.616236 2.58107 -16.5929 -0.00981257 0.665514 0.301586 0.682703
0.582807 2.59902 -16.7201 -0.0185028 0.67316 0.311628 0.670403
0.551356 2.61146 -16.8545 -0.027405 0.680578 0.322556 0.657317
0.518012 2.62557 -16.9841 -0.0360205 0.688304 0.333891 0.643039
0.473996 2.63955 -17.1172 -0.0438001 0.696017 0.345121 0.628158
0.434296 2.66368 -17.2561 -0.0506444 0.703448 0.356382 0.612889
0.387903 2.69641 -17.4095 -0.0564784 0.709927 0.367317 0.598285
0.342619 2.73214 -17.5597 -0.0612139 0.716581 0.378286 0.582849
0.280261 2.76188 -17.7079 -0.0656768 0.722995 0.388878 0.567271
0.217714 2.79404 -17.8482 -0.0695046 0.72973 0.398882 0.551008
0.161863 2.82208 -17.998 -0.0728812 0.73574 0.408812 0.535081
0.091778 2.84352 -18.1559 -0.0747801 0.741226 0.418537 0.519499
-0.000420995 2.87323 -18.2924 -0.0758772 0.746629 0.427245 0.504301
-0.100653 2.913 -18.4317 -0.0756825 0.751441 0.434901 0.490412
-0.229959 2.94966 -18.524 -0.0741934 0.756758 0.440457 0.477334
-0.400621 2.96583 -18.535 -0.0725823 0.760746 0.446156 0.465808
-0.536825 2.98053 -18.4514 -0.0732545 0.765459 0.447029 0.457067
-0.652638 2.97794 -18.3375 -0.0811076 0.768206 0.442203 0.455821
-0.778941 2.97693 -18.2181 -0.0899257 0.769505 0.436424 0.457546
-0.869736 2.96576 -18.0552 -0.0998857 0.77129 0.426731 0.461596
-0.982042 2.95288 -17.8937 -0.109069 0.772375 0.414388 0.468895
-1.03664 2.94386 -17.7187 -0.120868 0.772876 0.401167 0.476607
-1.14992 2.95069 -17.5517 -0.129008 0.772156 0.384227 0.489429
-1.23639 2.936 -17.3652 -0.139568 0.770974 0.366681 0.501731
-1.30201 2.92751 -17.1691 -0.15048 0.769113 0.348297 0.514377
-1.37923 2.93216 -16.9707 -0.160702 0.766369 0.327759 0.528668
-1.4494 2.92611 -16.7747 -0.171014 0.762224 0.30696 0.543702
-1.52724 2.92879 -16.5725 -0.180464 0.757598 0.285191 0.55875
-1.60327 2.91166 -16.3804 -0.190185 0.75145 0.264387 0.573861
-1.69396 2.89849 -16.1855 -0.198421 0.74486 0.243184 0.588836
-1.78354 2.89154 -15.9832 -0.205418 0.738292 0.221988 0.602917
-1.82444 2.87527 -15.7736 -0.213673 0.731145 0.203446 0.615169
-1.89116 2.85047 -15.5546 -0.220411 0.724358 0.185708 0.626334
-1.97053 2.83838 -15.3469 -0.224951 0.71746 0.168779 0.637347
-2.03886 2.81527 -15.1345 -0.229382 0.710799 0.154429 0.646804
-2.10549 2.79643 -14.9108 -0.232887 0.705197 0.141928 0.654497
-2.1507 2.78137 -14.682 -0.235079 0.700906 0.132886 0.6602
-2.21802 2.76781 -14.4495 -0.235367 0.698161 0.12585 0.664367
-2.27949 2.75875 -14.2154 -0.23369 0.697027 0.122144 0.66684
-2.33199 2.7336 -13.9919 -0.231913 0.696615 0.122804 0.667767
-2.39815 2.71326 -13.7685 -0.227819 0.697918 0.126405 0.667147
-2.43255 2.6915 -13.5202 -0.223508 0.701965 0.133341 0.662993
-2.48141 2.67607 -13.2761 -0.21765 0.706744 0.142708 0.6579
-2.55108 2.65588 -13.027 -0.209997 0.712665 0.154823 0.651223
-2.61866 2.62479 -12.7852 -0.202654 0.71887 0.168971 0.643168
-2.67944 2.57486 -12.5475 -0.195974 0.72502 0.186305 0.633471
-2.74638 2.55067 -12.3006 -0.18657 0.732603 0.205031 0.621699
-2.80499 2.51879 -12.0391 -0.179278 0.740377 0.224164 0.607873
-2.89038 2.48119 -11.7971 -0.170508 0.747582 0.244589 0.593542
-2.99858 2.45835 -11.5467 -0.1591 0.755662 0.264463 0.577741
-3.10719 2.43158 -11.3121 -0.148874 0.762123 0.28572 0.561642
-3.21437 2.40979 -11.064 -0.139088 0.768978 0.306187 0.543734
-3.33418 2.37364 -10.8188 -0.130677 0.775233 0.326857 0.524581
-3.4631 2.35118 -10.5787 -0.12116 0.780826 0.34677 0.505432
-3.60188 2.32291 -10.3411 -0.112627 0.785682 0.366115 0.485824
-3.74512 2.28927 -10.0961 -0.105755 0.790197 0.38383 0.465965
-3.90112 2.26421 -9.85821 -0.0989556 0.794391 0.399554 0.446712
-4.05637 2.23761 -9.6238 -0.0932779 0.798368 0.413682 0.427572
-4.2069 2.20526 -9.39642 -0.0895601 0.801493 0.42709 0.408934
-4.24452 2.21125 -9.41567 -0.0860262 0.803613 0.429412 0.403056
-4.27922 2.2146 -9.43237 -0.0853986 0.804644 0.43186 0.398495
-4.34085 2.21348 -9.39092 -0.0815519 0.811345 0.431779 0.385588
-4.39594 2.21303 -9.35525 -0.0800875 0.817509 0.431243 0.373281
-4.56177 2.18866 -9.15337 -0.0803052 0.823383 0.430358 0.361146
-4.71978 2.16046 -8.95167 -0.0826184 0.82863 0.429559 0.349385
-4.89027 2.13345 -8.75427 -0.0853746 0.833545 0.427692 0.33917
-5.05362 2.10475 -8.56293 -0.0897583 0.837919 0.426159 0.329041
-5.22133 2.07925 -8.37699 -0.0942158 0.841686 0.424428 0.3203
-5.37842 2.05043 -8.18993 -0.0997742 0.845193 0.422529 0.31178
-5.54286 2.02454 -8.01424 -0.104901 0.847741 0.421132 0.304993
-5.69931 1.9974 -7.83854 -0.111032 0.85015 0.419834 0.297827
-5.86165 1.97231 -7.66552 -0.115884 0.852094 0.418106 0.292806
-6.02053 1.94889 -7.48854 -0.120836 0.85384 0.416034 0.288645
-6.17187 1.92707 -7.32076 -0.125037 0.855067 0.414579 0.285292
-6.33014 1.89884 -7.16099 -0.128338 0.855421 0.41398 0.283637
-6.48986 1.87085 -7.00171 -0.130536 0.855758 0.413106 0.282884
-6.64686 1.84531 -6.84598 -0.131856 0.85569 0.412508 0.283355
-6.79955 1.81836 -6.69751 -0.13206 0.855059 0.41265 0.284949
-6.94991 1.78852 -6.54772 -0.131285 0.853984 0.413337 0.287528
-7.10477 1.75687 -6.41097 -0.126263 0.855963 0.407716 0.291883
-7.26207 1.72897 -6.27505 -0.119899 0.85812 0.401148 0.297289
-7.41491 1.69887 -6.14647 -0.11251 0.859592 0.395277 0.303714
-7.56393 1.66802 -6.0213 -0.103692 0.86068 0.389657 0.310951
-7.69784 1.6356 -5.90492 -0.0944928 0.861358 0.384421 0.318428
-7.8391 1.61371 -5.78032 -0.0838063 0.862317 0.377807 0.326641
-7.99402 1.58391 -5.669 -0.0721884 0.862408 0.371652 0.336095
-8.14541 1.55203 -5.56298 -0.0603956 0.861752 0.365767 0.346405
-8.30409 1.52295 -5.46126 -0.0473711 0.860486 0.359757 0.357685
-8.44487 1.49328 -5.35789 -0.0348225 0.859012 0.353683 0.368566
-8.59174 1.46354 -5.25299 -0.0226321 0.856634 0.347403 0.380816
-8.74336 1.4258 -5.16171 -0.0103108 0.853737 0.341695 0.392836
-8.90864 1.38923 -5.09327 0.0025872 0.849414 0.336667 0.406435
-9.05185 1.35669 -5.01276 0.014021 0.845289 0.33089 0.419346
-9.18951 1.33735 -4.9336 0.0253118 0.840712 0.324541 0.432761
-9.32889 1.30783 -4.85258 0.0356118 0.835642 0.318402 0.44621
-9.46478 1.28214 -4.77821 0.0453043 0.829691 0.312724 0.460228
-9.60442 1.25474 -4.71744 0.0537719 0.822953 0.307255 0.47487
-9.74263 1.23241 -4.67028 0.0612925 0.815835 0.30163 0.489616
-9.88108 1.20431 -4.61546 0.0671077 0.808412 0.296311 0.504248
-10.012 1.18207 -4.57207 0.0696347 0.800409 0.290072 0.520036
-10.1437 1.15657 -4.51941 0.0709624 0.792219 0.283797 0.535635
-10.2735 1.14081 -4.47406 0.0729235 0.783382 0.278354 0.550991
-10.399 1.10848 -4.42507 0.0735605 0.774113 0.27423 0.56588
-10.516 1.07926 -4.39955 0.0735627 0.764672 0.270821 0.580166
-10.6318 1.06484 -4.38567 0.073502 0.754606 0.268126 0.594436
-10.754 1.03347 -4.35816 0.0705396 0.744702 0.264312 0.60881
-10.8567 1.03051 -4.34251 0.0674439 0.734675 0.260417 0.622866
-10.967 1.00899 -4.32068 0.0635127 0.724572 0.2568 0.636459
-11.0626 1.01322 -4.33711 0.0608363 0.712325 0.254356 0.651357
-11.1554 1.02248 -4.32853 0.0557903 0.701779 0.250728 0.664523
-11.2471 1.03091 -4.32603 0.0512969 0.691263 0.246974 0.677198
-11.3472 1.01077 -4.31289 0.0457099 0.681753 0.243955 0.688237
-11.4387 1.00654 -4.30568 0.0400261 0.672231 0.240266 0.699173
-11.5259 0.96365 -4.29233 0.0327878 0.66353 0.238721 0.708324
-11.6101 0.957367 -4.30035 0.0281049 0.654208 0.236797 0.717784
-11.6803 0.954047 -4.30093 0.0228171 0.645961 0.234712 0.726073
-11.7567 0.935214 -4.29484 0.0181573 0.639307 0.233482 0.732466
-11.8268 0.934834 -4.30486 0.0141952 0.631708 0.231799 0.739641
-11.8924 0.948721 -4.3161 0.0112732 0.624953 0.229715 0.746057
-11.96 0.932605 -4.30983 0.00747089 0.620078 0.228646 0.750482
-12.0094 0.936795 -4.32652 0.00544056 0.614863 0.228357 0.75487
-12.0609 0.957763 -4.35394 0.00486915 0.610229 0.227375 0.758915
-12.1064 0.949017 -4.36117 0.00294651 0.607361 0.227684 0.761135
-12.1522 0.945023 -4.36049 0.00189884 0.605711 0.22749 0.762505
-12.1872 0.969257 -4.38154 0.00279807 0.603464 0.227015 0.764428
-12.2102 0.977358 -4.40055 0.00304452 0.601974 0.227779 0.765369
-12.2365 0.977774 -4.39486 0.00292449 0.60228 0.227855 0.765112
-12.2563 0.976809 -4.38813 0.00310471 0.603177 0.228395 0.764238
-12.2769 0.964136 -4.37662 0.00297343 0.604827 0.229067 0.762736
-12.2841 0.978156 -4.39538 0.00453631 0.605246 0.230141 0.762069
-12.295 0.979189 -4.4045 0.00563884 0.606616 0.231329 0.760616
-12.2958 0.986447 -4.41438 0.00708237 0.608063 0.232559 0.759067
-12.2938 0.998855 -4.43742 0.0089071 0.60892 0.234349 0.757814
-12.2951 1.0018 -4.45315 0.0102179 0.610347 0.236031 0.756121
-12.3021 1.00951 -4.46465 0.0118847 0.612082 0.237899 0.754111
-12.3058 1.01561 -4.47545 0.0131578 0.613831 0.239628 0.752113
-12.3126 1.01623 -4.4849 0.0141959 0.615735 0.241607 0.749907
-12.3171 1.03977 -4.51462 0.0164345 0.616191 0.243497 0.748871
-12.3313 1.03212 -4.51467 0.016531 0.618358 0.245148 0.746544
-12.3414 1.03981 -4.52875 0.0174322 0.619356 0.247311 0.744977
-12.3559 1.04626 -4.53905 0.01801 0.620327 0.249055 0.743577
-12.3646 1.04645 -4.54383 0.0180955 0.621394 0.250784 0.742098
-12.3675 1.05505 -4.54688 0.0183888 0.622355 0.252134 0.740831
-12.3801 1.05175 -4.5471 0.0181152 0.623251 0.253173 0.739726
-12.3851 1.0637 -4.56828 0.0184401 0.623017 0.254286 0.739538
-12.4011 1.06995 -4.57574 0.0186981 0.622846 0.25513 0.73938
-12.4162 1.07964 -4.58651 0.0187391 0.622516 0.255626 0.73949
-12.4387 1.09046 -4.5861 0.0190598 0.622355 0.255545 0.739641
-12.4704 1.11074 -4.60651 0.0202375 0.620716 0.25512 0.741136
-12.5116 1.10815 -4.61052 0.0202944 0.619781 0.254557 0.742105
-12.5482 1.12893 -4.64278 0.0213952 0.616961 0.254064 0.744594
-12.612 1.10817 -4.62898 0.0209182 0.616724 0.252504 0.74533
-12.6777 1.11055 -4.64531 0.0216353 0.614623 0.250663 0.747667
-12.7502 1.11956 -4.66632 0.0228292 0.611677 0.248086 0.750895
-12.8319 1.12157 -4.68943 0.0241736 0.608619 0.245224 0.754274
-12.9266 1.10172 -4.70889 0.024999 0.605516 0.242201 0.75771
-13.0184 1.10354 -4.73274 0.0266369 0.6015 0.237963 0.762186
-13.1159 1.09495 -4.74867 0.0281629 0.597745 0.233129 0.766562
-13.2268 1.08839 -4.77085 0.030691 0.593329 0.227396 0.771605
-13.3409 1.07121 -4.8032 0.0329913 0.588178 0.221334 0.777193
-13.4641 1.06282 -4.83318 0.0363312 0.582853 0.214361 0.782992
-13.5951 1.04582 -4.85901 0.0398382 0.577489 0.207171 0.788707
-13.7257 1.03756 -4.90508 0.0435259 0.570636 0.199186 0.79553
-13.8643 1.01976 -4.94449 0.0469594 0.564176 0.191386 0.801829
-14.0032 1.02264 -4.98792 0.051695 0.557011 0.182816 0.808522
-14.1439 1.03937 -5.06156 0.0566912 0.54802 0.174085 0.816218
-14.2988 1.03724 -5.11245 0.0605972 0.540607 0.165787 0.822586
-14.4583 1.04189 -5.16823 0.0647098 0.532678 0.158094 0.828933
-14.6269 1.01615 -5.20326 0.0666396 0.526181 0.150949 0.834247
-14.796 1.00032 -5.24554 0.0685427 0.519028 0.144564 0.839684
-14.9668 1.00909 -5.27771 0.0712936 0.51236 0.138174 0.844614
-15.1509 1.0171 -5.34337 0.0729039 0.504288 0.132256 0.85026
-15.3469 1.0287 -5.40264 0.0739297 0.496541 0.127323 0.855471
-15.5342 1.02778 -5.43035 0.0740554 0.49033 0.124562 0.859437
-15.7333 1.02218 -5.42839 0.072882 0.484904 0.12316 0.862814
-15.9563 1.01312 -5.44596 0.0707568 0.479964 0.122114 0.865894
-16.1413 1.00031 -5.397 0.0665284 0.476065 0.124528 0.868038
-16.3486 1.00199 -5.31935 0.062727 0.473857 0.127956 0.869027
-16.5595 0.994572 -5.24122 0.0567038 0.471582 0.133248 0.869885
-16.7799 0.992227 -5.11885 0.0502472 0.470634 0.140266 0.86969
-16.9677 0.996839 -4.98083 0.0425865 0.469492 0.149071 0.869253
-17.1462 0.954312 -4.79109 0.0319351 0.470482 0.161324 0.866983
-17.3333 0.959633 -4.61019 0.0225951 0.470787 0.172777 0.864904
-17.5026 1.01328 -4.42071 0.015252 0.470988 0.184251 0.862582
-17.6812 1.06193 -4.23441 0.00723254 0.470645 0.195851 0.860317
-17.8637 1.07915 -4.03176 -0.00263083 0.471149 0.209054 0.856953
-18.0231 1.10853 -3.80749 -0.0132879 0.471573 0.222189 0.85331
-18.2217 1.14942 -3.59216 -0.0217515 0.471998 0.234528 0.84959
-18.4068 1.16904 -3.38307 -0.0314796 0.471237 0.247908 0.845902
-18.5945 1.16616 -3.18185 -0.0426179 0.469693 0.261229 0.842256
-18.7848 1.18155 -2.96195 -0.0514968 0.46718 0.273919 0.839121
-19.0012 1.16431 -2.77576 -0.0615596 0.466026 0.286916 0.834729
-19.1667 1.17338 -2.5748 -0.0710431 0.463252 0.297655 0.831756
-19.3557 1.21845 -2.36996 -0.0772255 0.460748 0.305126 0.829886
-19.5318 1.25648 -2.17129 -0.083976 0.457658 0.3114 0.828609
-19.6957 1.25171 -1.95151 -0.0933777 0.455051 0.316261 0.827196
-19.8488 1.24558 -1.76204 -0.102622 0.450312 0.318489 0.82784
-20.0019 1.22522 -1.57114 -0.11174 0.445787 0.31991 0.828559
-20.1627 1.20709 -1.38198 -0.119503 0.440955 0.319875 0.830075
-20.3232 1.20396 -1.21391 -0.1265 0.434768 0.315693 0.833893
-20.4804 1.19449 -1.06182 -0.133506 0.427339 0.309265 0.839034
-20.6299 1.18244 -0.909718 -0.141187 0.4193 0.300299 0.845067
-20.7871 1.17489 -0.771231 -0.146782 0.410973 0.289735 0.851866
-20.9483 1.15922 -0.629718 -0.152644 0.402298 0.277445 0.859037
-21.1134 1.16415 -0.492874 -0.155896 0.392604 0.263237 0.86737
-21.2847 1.17295 -0.359813 -0.157947 0.381994 0.248235 0.876114
-21.4652 1.17029 -0.216379 -0.160651 0.372017 0.231801 0.88438
-21.6456 1.17974 -0.0868968 -0.161155 0.360754 0.214937 0.893168
-21.8296 1.18054 0.0549342 -0.162381 0.349543 0.196965 0.90151
-22.0165 1.18398 0.199053 -0.162913 0.33845 0.179115 0.909335
-22.2257 1.194 0.343239 -0.161629 0.328857 0.161003 0.916444
-22.4381 1.19844 0.504557 -0.160959 0.320213 0.143015 0.922584
-22.6529 1.20226 0.657478 -0.1593 0.311178 0.126147 0.928407
-22.8719 1.20001 0.804209 -0.15761 0.301624 0.111007 0.933766
-23.094 1.20363 0.964983 -0.1553 0.293934 0.0959823 0.938261
-23.3197 1.20801 1.12305 -0.152221 0.286565 0.0833562 0.942242
-23.5733 1.1881 1.26735 -0.150985 0.279817 0.0730921 0.945317
-23.8388 1.17549 1.41207 -0.148568 0.274581 0.064737 0.94784
-24.0924 1.17114 1.56726 -0.145188 0.271023 0.0589319 0.949766
-24.3661 1.16312 1.72075 -0.141607 0.269607 0.0560776 0.950881
-24.624 1.16943 1.88531 -0.135745 0.271051 0.0575252 0.951239
-24.8704 1.1578 2.02534 -0.131471 0.27296 0.0590901 0.951197
-25.2309 1.15741 2.11045 -0.12313 0.278306 0.057016 0.950892
-25.4758 1.13613 2.2237 -0.119972 0.283382 0.0622969 0.949463
-25.8179 1.13657 2.27976 -0.113899 0.289442 0.0647808 0.948217
-26.1057 1.13112 2.31516 -0.107332 0.296575 0.0739574 0.946104
-26.3744 1.12725 2.36048 -0.103763 0.304529 0.0828488 0.943236
-26.6231 1.12068 2.40475 -0.100226 0.313253 0.0922953 0.939878
-26.8849 1.12456 2.43369 -0.0955837 0.321641 0.103008 0.93641
-27.1281 1.12899 2.46813 -0.0901672 0.330872 0.115027 0.932322
-27.4087 1.14443 2.48815 -0.0847185 0.33992 0.12692 0.928026
-27.6558 1.15791 2.51695 -0.0788416 0.348434 0.138073 0.923783
-27.8904 1.16802 2.54984 -0.0756356 0.357239 0.146971 0.919306
-28.1177 1.17353 2.58972 -0.0733064 0.366247 0.156585 0.914349
-28.3393 1.19129 2.63084 -0.0698601 0.375277 0.165356 0.909401
-28.5746 1.22192 2.67337 -0.0622181 0.386665 0.172575 0.903826
-28.8398 1.28139 2.70465 -0.0538514 0.396281 0.176242 0.899481
-29.0193 1.28806 2.76016 -0.0523532 0.404819 0.182713 0.894462
-29.2765 1.36578 2.78478 -0.0442633 0.412534 0.182125 0.89149
-29.4681 1.39558 2.83865 -0.042655 0.420147 0.182073 0.888016
-29.6435 1.41356 2.891 -0.042796 0.427469 0.183124 0.884292
-29.8063 1.439 2.95563 -0.0433062 0.435185 0.181203 0.880892
-29.9628 1.45245 3.01422 -0.0445106 0.441626 0.179627 0.877945
-30.0975 1.46367 3.07243 -0.0454204 0.44824 0.178061 0.874859
-30.2241 1.47141 3.13708 -0.0465113 0.45481 0.174898 0.872046
-30.4047 1.52715 3.21534 -0.0430745 0.465374 0.167272 0.868136
-30.5297 1.5436 3.28092 -0.0445242 0.471585 0.159528 0.866168
-30.6367 1.55706 3.33069 -0.0453761 0.475859 0.15263 0.865027
-30.753 1.5859 3.401 -0.0467759 0.481865 0.140493 0.863685
-30.9062 1.6415 3.44548 -0.0439154 0.487064 0.129656 0.862611
-30.9651 1.61983 3.49533 -0.0444324 0.493022 0.127063 0.859583
-31.067 1.64521 3.55878 -0.0419148 0.499677 0.115471 0.857497
-31.1395 1.6477 3.59593 -0.042246 0.501683 0.10438 0.857734
-31.1954 1.66651 3.6326 -0.0393517 0.504619 0.0920753 0.857556
-31.2619 1.67193 3.74734 -0.0365159 0.519254 0.0827084 0.849868
-31.2818 1.65386 3.76193 -0.035686 0.518589 0.0729793 0.851197
-31.3217 1.65556 3.77415 -0.0319419 0.518199 0.0585074 0.852702
-31.3611 1.66266 3.80071 -0.027745 0.518452 0.0428066 0.853625
-31.3994 1.67668 3.82024 -0.021417 0.518213 0.0257486 0.854639
-31.4257 1.68748 3.83065 -0.013607 0.517217 0.00905487 0.855739
-31.4139 1.67672 3.8219 -0.00529748 0.513779 -0.00816482 0.857911
-31.4262 1.67058 3.83356 0.00439639 0.511283 -0.0253767 0.859067
-31.4425 1.67542 3.82513 0.0161387 0.507577 -0.0429143 0.860428
-31.4715 1.67157 3.8296 0.0284528 0.50393 -0.0601878 0.861215
-31.5053 1.65163 3.86607 0.0403245 0.50163 -0.0769899 0.860749
-31.526 1.64618 3.89174 0.0540885 0.498535 -0.0932211 0.860184
-31.5466 1.62721 3.9172 0.0674231 0.495509 -0.108895 0.859151
-31.5846 1.61291 3.95861 0.0808468 0.4931 -0.123709 0.857369
-31.6157 1.59001 3.97959 0.0944389 0.490039 -0.136855 0.855738
-31.6637 1.56793 4.02054 0.107275 0.488211 -0.149275 0.853187
-31.7249 1.53682 4.06524 0.120331 0.486783 -0.157861 0.850716
-31.7946 1.49414 4.135 0.133025 0.486736 -0.164235 0.847638
-31.8729 1.44697 4.21918 0.143997 0.488104 -0.169568 0.844003
-31.9501 1.38635 4.30571 0.152974 0.490273 -0.173539 0.840349
-32.0207 1.33898 4.37765 0.160981 0.492644 -0.177269 0.836683
-32.0896 1.3064 4.43215 0.167391 0.495814 -0.180501 0.83285
-32.1701 1.27963 4.46522 0.171382 0.500312 -0.181969 0.829024
-32.2535 1.26156 4.50057 0.173844 0.505569 -0.183633 0.824942
-32.3545 1.25913 4.52886 0.173363 0.513576 -0.183673 0.820077
-32.4514 1.26603 4.53696 0.173308 0.521617 -0.177898 0.816276
-32.5624 1.29149 4.51932 0.170869 0.530616 -0.170558 0.812551
-32.6697 1.33387 4.48214 0.167112 0.539862 -0.160569 0.809268
-32.8078 1.34543 4.55781 0.161677 0.553102 -0.148189 0.803778
-32.9545 1.36396 4.64532 0.15496 0.567417 -0.134504 0.797503
-33.0775 1.4236 4.58053 0.146117 0.576769 -0.120932 0.794635
-33.2415 1.46153 4.64646 0.137235 0.590575 -0.105543 0.788243
-33.4233 1.48199 4.75696 0.126009 0.605436 -0.090104 0.780727
-33.6186 1.46928 4.8708 0.113159 0.619929 -0.072239 0.77314
-33.8244 1.46065 4.98388 0.100375 0.633522 -0.0543474 0.765316
-34.018 1.4465 5.09218 0.0858772 0.645235 -0.0358671 0.758349
-34.2351 1.45016 5.21126 0.0731613 0.656264 -0.018805 0.750801
-34.4611 1.45322 5.34722 0.0607771 0.666369 -0.00280216 0.743193
-34.688 1.4466 5.48056 0.0474575 0.674462 0.0122966 0.736742
-34.9249 1.43348 5.63055 0.0342178 0.681632 0.025718 0.730502
-35.1469 1.46601 5.75008 0.0202283 0.689553 0.0379122 0.723026
-35.1343 1.5781 5.61578 0.0107637 0.697511 0.0468386 0.715025
-35.0452 1.68669 5.39715 0.000746986 0.701134 0.0528128 0.71114
-34.9469 1.78694 5.15265 -0.00692952 0.701921 0.0561241 0.710072
-34.8418 1.85512 4.93371 -0.0145448 0.701091 0.0587922 0.710566
-34.7584 1.93276 4.70968 -0.0203466 0.697914 0.0574519 0.71365
-34.6243 2.03272 4.45568 -0.023554 0.692161 0.053754 0.719422
-34.5338 2.08488 4.23072 -0.0278893 0.684918 0.0479981 0.726567
-34.4208 2.17199 3.99459 -0.0280224 0.675873 0.0395692 0.735487
-34.3167 2.24813 3.74683 -0.0278819 0.664453 0.0304852 0.746248
-34.1984 2.30484 3.53274 -0.028377 0.652985 0.0198985 0.75664
-34.1133 2.36623 3.3012 -0.0274905 0.638824 0.00729399 0.768884
-33.9913 2.45869 3.1119 -0.0257516 0.626556 -0.00809541 0.778968
-33.9029 2.5075 2.89917 -0.0243622 0.611226 -0.0212137 0.790851
-33.8145 2.57098 2.68482 -0.0216225 0.595371 -0.0351281 0.802447
-33.7171 2.62005 2.47115 -0.0191594 0.578667 -0.048967 0.813918
-33.624 2.66965 2.27135 -0.0174959 0.562757 -0.0621336 0.824152
-33.5211 2.7285 2.08688 -0.0138016 0.547666 -0.073282 0.833417
-33.4283 2.77487 1.89055 -0.0100133 0.532422 -0.0823667 0.842453
-33.3373 2.80948 1.69753 -0.00737773 0.518039 -0.0893965 0.850688
-33.239 2.84954 1.50073 -0.00455102 0.503941 -0.0955815 0.85847
-33.1537 2.88208 1.33665 -0.00380964 0.494269 -0.10116 0.863441
-33.0585 2.91955 1.15313 -0.00305721 0.48441 -0.104769 0.868588
-32.9736 2.95887 1.01092 -0.00359359 0.479329 -0.107194 0.871103
-32.88 2.97607 0.841255 -0.00647274 0.474603 -0.107477 0.873638
-32.7831 2.99778 0.69056 -0.00811359 0.473343 -0.101647 0.875002
-32.6754 3.01137 0.535548 -0.010606 0.473709 -0.0926527 0.875778
-32.5573 3.04035 0.406709 -0.0123853 0.477527 -0.0811454 0.87482
-32.4461 3.04961 0.258158 -0.0155952 0.481902 -0.0661291 0.873635
-32.3411 3.09314 0.140652 -0.018425 0.489069 -0.0498599 0.870671
-32.2487 3.10885 0.0162549 -0.0236137 0.497364 -0.0308662 0.86672
-32.1571 3.13626 -0.101511 -0.0283872 0.506705 -0.0108043 0.861632
-32.0725 3.14254 -0.216539 -0.0355867 0.516478 0.0123461 0.855523
-32.0026 3.16548 -0.299427 -0.042736 0.528843 0.033767 0.84702
-31.9287 3.18739 -0.397696 -0.0480533 0.540109 0.0582076 0.838257
-31.8583 3.20973 -0.499544 -0.0540867 0.549849 0.0831348 0.829407
-31.7884 3.21547 -0.58176 -0.062555 0.559799 0.107995 0.819233
-31.7246 3.22394 -0.686809 -0.0691955 0.567077 0.134879 0.80965
-31.6637 3.23784 -0.782464 -0.0758536 0.573979 0.160516 0.799453
-31.6129 3.25716 -0.85709 -0.0831559 0.581163 0.183782 0.788449
-31.5621 3.26803 -0.935263 -0.088921 0.586727 0.208081 0.77759
-31.5227 3.27089 -0.979814 -0.0974315 0.59287 0.230618 0.765457
-31.4676 3.29027 -1.05752 -0.101656 0.593944 0.253878 0.756667
-31.4262 3.32306 -1.12349 -0.103687 0.594617 0.274174 0.748737
-31.3871 3.32523 -1.18394 -0.108755 0.59373 0.293508 0.741361
-31.3552 3.3249 -1.23112 -0.103048 0.595245 0.303392 0.736966
-31.3389 3.33753 -1.24914 -0.0966728 0.596883 0.309535 0.733949
-31.3156 3.34932 -1.28829 -0.0899407 0.594297 0.31672 0.733835
-31.2829 3.32686 -1.32551 -0.0891433 0.588631 0.323939 0.735349
-31.2717 3.32473 -1.33902 -0.0851029 0.584105 0.329406 0.737003
-31.2533 3.32099 -1.36309 -0.0820795 0.576271 0.335462 0.740775
-31.2568 3.31999 -1.36553 -0.0794911 0.569058 0.338738 0.745126
-31.2437 3.29895 -1.37521 -0.0806706 0.559151 0.342654 0.750691
-31.2408 3.27878 -1.372 -0.0818554 0.549624 0.345775 0.756144
-31.2474 3.28489 -1.36096 -0.0808019 0.539991 0.347316 0.762467
-31.24 3.26234 -1.37836 -0.0838688 0.527917 0.349705 0.769464
-31.2358 3.26153 -1.39513 -0.0874346 0.515923 0.346378 0.778655
-31.2192 3.26637 -1.40409 -0.0943447 0.504313 0.339819 0.788282
-31.2181 3.26561 -1.42087 -0.100408 0.494332 0.332979 0.79673
-31.2029 3.26263 -1.46136 -0.106643 0.482959 0.327345 0.805182
-31.195 3.25801 -1.47357 -0.113197 0.475795 0.320982 0.811095
-31.1675 3.25658 -1.50584 -0.11915 0.467259 0.316827 0.816815
-31.1418 3.25732 -1.55322 -0.124498 0.459598 0.312745 0.821924
-31.1171 3.27289 -1.62412 -0.126752 0.451929 0.309334 0.827103
-31.0597 3.2897 -1.69717 -0.129977 0.44387 0.307989 0.83146
-31.0345 3.29881 -1.75134 -0.12891 0.439311 0.291244 0.840033
-30.9895 3.31798 -1.82479 -0.127601 0.432767 0.273982 0.849388
-30.9583 3.33537 -1.90036 -0.125809 0.42815 0.255254 0.857785
-30.9282 3.32526 -1.98554 -0.127144 0.424815 0.236375 0.864631
-30.9094 3.32268 -2.0744 -0.127217 0.422039 0.216075 0.871263
-30.8883 3.33188 -2.18044 -0.126224 0.418482 0.195311 0.878002
-30.7826 3.3475 -2.33479 -0.125713 0.405684 0.177092 0.887886
-30.7977 3.33773 -2.43756 -0.125539 0.403829 0.155268 0.89283
-30.8209 3.33678 -2.57434 -0.122133 0.399733 0.133635 0.898625
-30.8695 3.32119 -2.69966 -0.118112 0.396085 0.111416 0.903795
-30.9503 3.28881 -2.80723 -0.113153 0.392984 0.0907145 0.908084
-31.0716 3.21774 -2.8776 -0.110718 0.392705 0.071592 0.910215
-31.157 3.15964 -2.96816 -0.105495 0.388531 0.0559185 0.913714
-31.2684 3.04836 -3.03829 -0.1039 0.386514 0.0411964 0.915536
-31.3615 2.91181 -3.07507 -0.104219 0.384024 0.0261503 0.917097
-31.4756 2.77314 -3.10579 -0.102802 0.383027 0.014158 0.917939
-31.5725 2.62678 -3.10431 -0.100272 0.383094 0.00359849 0.918291
-31.6143 2.47183 -3.06225 -0.0967343 0.385294 -0.005922 0.91774
-31.53 2.28501 -3.02379 -0.0972108 0.38437 -0.0105301 0.918034
-31.3932 2.15962 -2.96311 -0.0969822 0.384437 -0.0118957 0.918016
-31.208 2.05409 -2.91139 -0.0967773 0.383445 -0.0110741 0.91846
-30.9792 1.98595 -2.86285 -0.0962871 0.380565 -0.00576117 0.919761
-30.7761 1.91669 -2.83568 -0.0961086 0.38022 0.000117667 0.919937
-30.5671 1.82708 -2.82855 -0.0986277 0.378834 0.00771938 0.920213
-30.3388 1.74866 -2.87385 -0.100153 0.376232 0.0180824 0.920967
-30.1209 1.6851 -2.92412 -0.102219 0.374815 0.0293195 0.921032
-29.8923 1.60309 -3.00594 -0.105618 0.373022 0.0429645 0.920838
-29.6745 1.53683 -3.09879 -0.108985 0.371614 0.0569306 0.92026
-29.4659 1.47318 -3.22144 -0.112208 0.369433 0.0697516 0.919865
-29.2319 1.43872 -3.35424 -0.113937 0.367135 0.0861688 0.919185
-29.0227 1.43309 -3.48945 -0.113857 0.367682 0.10238 0.917308
-28.7798 1.42855 -3.65604 -0.114629 0.365608 0.120708 0.915815
-28.5416 1.46023 -3.80964 -0.115113 0.365232 0.138446 0.913388
-28.2992 1.56373 -3.94614 -0.116757 0.363709 0.155999 0.910959
-28.0873 1.75206 -3.96557 -0.118008 0.362376 0.173548 0.908147
-27.9291 1.97533 -3.89479 -0.116288 0.362004 0.19072 0.905072
-27.7485 2.18279 -3.77953 -0.114463 0.360631 0.207327 0.902193
-27.5771 2.37593 -3.64558 -0.111421 0.36117 0.221823 0.898908
-27.3835 2.55913 -3.49398 -0.108908 0.361454 0.233948 0.89602
-27.2019 2.71976 -3.35987 -0.104216 0.364361 0.244654 0.892539
-26.9778 2.85861 -3.23706 -0.104313 0.364923 0.244337 0.892382
-26.7278 2.97668 -3.15088 -0.102355 0.365487 0.245078 0.892178
-26.7162 3.09038 -3.09979 -0.0918552 0.378691 0.238892 0.889484
-26.6471 3.17341 -3.02781 -0.0826257 0.39135 0.234843 0.885985
-26.5942 3.23961 -3.03007 -0.0711771 0.397186 0.236517 0.883931
-26.5739 3.26456 -3.03638 -0.0604755 0.413384 0.23463 0.877786
-26.55 3.31544 -3.07898 -0.0453599 0.428403 0.231781 0.872232
-26.5355 3.30992 -3.16739 -0.035678 0.442733 0.232447 0.865326
-26.3421 3.28299 -3.33119 -0.0290755 0.445637 0.23223 0.864136
-26.162 3.27906 -3.48791 -0.0204853 0.449733 0.231002 0.862592
-26.0052 3.2724 -3.65712 -0.012842 0.454143 0.229682 0.860776
-25.8637 3.27732 -3.83848 -0.00470627 0.457641 0.228021 0.859451
-25.7389 3.28733 -4.03055 0.00349863 0.460388 0.227021 0.858249
-25.6482 3.28903 -4.20629 0.0110333 0.46549 0.222115 0.85672
-25.5699 3.30323 -4.38493 0.0183254 0.469578 0.220521 0.85477
-25.4912 3.30634 -4.57215 0.0248926 0.47271 0.218694 0.85335
-25.4336 3.32647 -4.75415 0.0326186 0.475361 0.216736 0.852112
-25.3893 3.34503 -4.92901 0.0402229 0.477948 0.214365 0.850943
-25.3491 3.36657 -5.10297 0.0472271 0.479618 0.21211 0.850204
-25.3293 3.3592 -5.31338 0.0519513 0.480405 0.210951 0.849777
-25.3135 3.37847 -5.45451 0.0560792 0.482785 0.206 0.849376
-25.3157 3.38231 -5.63345 0.0591516 0.483718 0.201777 0.849655
-25.3251 3.39677 -5.74728 0.0625474 0.485953 0.196948 0.849265
-25.3468 3.3885 -5.91327 0.0643603 0.486253 0.194001 0.84964
-25.3813 3.39714 -6.01918 0.0670569 0.487949 0.190316 0.849289
-25.3961 3.39914 -6.14051 0.0682823 0.487843 0.18764 0.849851
-25.4241 3.38954 -6.27534 0.0692722 0.486927 0.185446 0.850774
-25.4608 3.37411 -6.37983 0.0689054 0.48694 0.183345 0.851255
-25.4406 3.38443 -6.53067 0.0696058 0.481582 0.185261 0.853824
-25.4691 3.3813 -6.65197 0.0696441 0.478906 0.185232 0.855335
-25.5115 3.35527 -6.73141 0.06748 0.478417 0.184605 0.855914
-25.5504 3.34462 -6.81438 0.0661054 0.476688 0.184241 0.857066
-25.6122 3.30067 -6.85917 0.0619948 0.476909 0.183657 0.857373
-25.6499 3.27776 -6.93962 0.0588695 0.474287 0.184502 0.858868
-25.6679 3.28077 -7.01626 0.0566229 0.470405 0.185666 0.860898
-25.7002 3.26179 -7.07443 0.0526519 0.467441 0.187029 0.862471
-25.7488 3.23279 -7.12805 0.0481662 0.464782 0.188589 0.863826
-25.7777 3.24118 -7.20688 0.045658 0.459763 0.190556 0.866217
-25.812 3.23664 -7.26517 0.041187 0.455578 0.192437 0.868231
-25.8593 3.19384 -7.3005 0.0344965 0.452287 0.195276 0.869611
-25.8801 3.17214 -7.32664 0.0282416 0.447706 0.198347 0.871507
-25.8993 3.2035 -7.37988 0.0249608 0.44182 0.200837 0.87404
-25.9252 3.22314 -7.42335 0.0188168 0.436931 0.200964 0.876615
-25.9521 3.22039 -7.46064 0.0118625 0.431325 0.202334 0.879197
-25.9951 3.21344 -7.46281 0.00371516 0.42756 0.202021 0.881175
-26.0175 3.21443 -7.4815 -0.00427398 0.422127 0.201529 0.883903
-26.038 3.21616 -7.51391 -0.0124079 0.415518 0.201464 0.886964
-26.0951 3.20337 -7.49393 -0.0209393 0.411926 0.199925 0.888829
-26.1416 3.2169 -7.48282 -0.0285303 0.407911 0.199241 0.890618
-26.1934 3.20192 -7.43761 -0.0358718 0.407967 0.194479 0.891383
-26.2045 3.20764 -7.44051 -0.0445166 0.401989 0.193688 0.893874
-26.228 3.21077 -7.45489 -0.0528113 0.395541 0.192653 0.896522
-26.2331 3.21556 -7.45874 -0.0614518 0.389655 0.19117 0.898861
-26.2459 3.23996 -7.44628 -0.0681827 0.38444 0.189542 0.900966
-26.2597 3.25019 -7.4473 -0.0759908 0.379142 0.188453 0.90281
-26.2459 3.25829 -7.45576 -0.0842697 0.373227 0.187173 0.904806
-26.2648 3.25734 -7.45998 -0.0919616 0.368662 0.185958 0.906176
-26.2715 3.2877 -7.45318 -0.0975332 0.364994 0.18393 0.907494
-26.2742 3.32877 -7.4448 -0.102349 0.361477 0.181847 0.908787
-26.2513 3.3144 -7.43892 -0.110184 0.357519 0.182461 0.909317
-26.2895 3.29099 -7.43223 -0.120962 0.356913 0.173936 0.909853
-26.3025 3.2965 -7.4361 -0.130324 0.35412 0.162981 0.911681
-26.309 3.3179 -7.44684 -0.138679 0.351624 0.151167 0.913445
-26.3456 3.35934 -7.44403 -0.145168 0.352119 0.138171 0.914307
-26.3549 3.36597 -7.46966 -0.154178 0.349321 0.12471 0.915836
-26.3691 3.38516 -7.49362 -0.162252 0.34736 0.109793 0.917099
-26.3896 3.37214 -7.52015 -0.172019 0.345486 0.0954737 0.917627
-26.4115 3.35 -7.56583 -0.181776 0.342768 0.0806658 0.918189
-26.4377 3.35515 -7.6003 -0.19009 0.34068 0.0647254 0.918542
-26.4444 3.30436 -7.64759 -0.20152 0.335789 0.051432 0.91875
-26.4706 3.3119 -7.68777 -0.209251 0.333851 0.0350965 0.918494
-26.5142 3.31144 -7.72579 -0.216657 0.332643 0.0186739 0.917699
-26.5546 3.30211 -7.77036 -0.224286 0.331047 0.00285231 0.916625
-26.5698 3.32076 -7.82478 -0.229728 0.329402 -0.0127774 0.915788
-26.6197 3.30276 -7.87508 -0.237005 0.327171 -0.0277718 0.914398
-26.6764 3.29788 -7.91616 -0.243498 0.325648 -0.0425453 0.912668
-26.7354 3.27163 -7.96679 -0.249878 0.3236 -0.0558524 0.910951
-26.7915 3.2448 -8.02027 -0.255966 0.321023 -0.0677887 0.909364
-26.8712 3.25835 -8.05671 -0.259752 0.320198 -0.0804981 0.907541
-26.9183 3.26141 -8.09675 -0.263991 0.317451 -0.0908748 0.906305
-26.9952 3.27888 -8.11816 -0.265614 0.316874 -0.0956024 0.905544
-27.0726 3.3054 -8.1297 -0.265192 0.317747 -0.0948778 0.90544
-27.15 3.36211 -8.11619 -0.263953 0.318371 -0.0948605 0.905582
-27.2261 3.40945 -8.0935 -0.263178 0.318056 -0.0950814 0.905898
-27.2964 3.44787 -8.05586 -0.263031 0.317823 -0.0949763 0.906031
-27.3792 3.49207 -8.01403 -0.262524 0.317868 -0.0958101 0.906077
-27.4535 3.52264 -7.96732 -0.262774 0.317206 -0.0962579 0.906187
-27.5324 3.54975 -7.92722 -0.262607 0.316061 -0.0970753 0.90655
-27.6097 3.57734 -7.87172 -0.263118 0.315123 -0.0984962 0.906573
-27.6854 3.58873 -7.82221 -0.263855 0.313482 -0.0995758 0.906812
-27.7603 3.60392 -7.77375 -0.264061 0.31177 -0.101042 0.907178
-27.8366 3.61272 -7.73212 -0.264298 0.309624 -0.102319 0.907703
-27.9062 3.63484 -7.68473 -0.263641 0.307642 -0.103915 0.908384
-27.98 3.64207 -7.63721 -0.263808 0.305412 -0.105432 0.908916
-28.0543 3.65473 -7.58565 -0.264146 0.30306 -0.10768 0.909339
-28.1249 3.66205 -7.54065 -0.264148 0.300619 -0.109376 0.909948
-28.1893 3.67536 -7.499 -0.263867 0.2975 -0.111293 0.91082
-28.2522 3.66734 -7.45108 -0.265258 0.294173 -0.11234 0.91137
-28.3222 3.66603 -7.40415 -0.266457 0.290854 -0.114856 0.91177
-28.3942 3.66813 -7.35864 -0.267265 0.287855 -0.117567 0.912141
-28.457 3.6786 -7.31645 -0.265381 0.286325 -0.113386 0.913699
-28.5257 3.68472 -7.27093 -0.264049 0.284655 -0.110167 0.915002
-28.5912 3.69787 -7.22559 -0.262205 0.283578 -0.106675 0.916277
-28.6436 3.71193 -7.19689 -0.259555 0.281156 -0.10213 0.918295
-28.7036 3.71449 -7.15787 -0.258308 0.279524 -0.0982568 0.919565
-28.7749 3.72568 -7.10884 -0.257163 0.278878 -0.0950624 0.92042
-28.8503 3.73769 -7.05607 -0.256028 0.278978 -0.0919593 0.921018
-28.9177 3.75399 -7.01799 -0.253798 0.27853 -0.0879027 0.922169
-28.9798 3.75995 -6.97452 -0.253002 0.277622 -0.0839324 0.923029
-29.0419 3.77022 -6.9359 -0.251532 0.276625 -0.0801067 0.924072
-29.1126 3.78422 -6.88926 -0.250512 0.276667 -0.07704 0.924594
-29.1703 3.79776 -6.85404 -0.249149 0.275813 -0.0727043 0.925571
-29.2271 3.81363 -6.82274 -0.247243 0.275565 -0.0685549 0.926469
-29.2892 3.82243 -6.7901 -0.246073 0.275442 -0.0649253 0.927082
-29.351 3.83899 -6.75771 -0.244259 0.27568 -0.0610211 0.927753
-29.4018 3.85601 -6.7299 -0.242234 0.275208 -0.0559892 0.928744
-29.4574 3.86777 -6.7018 -0.240605 0.275055 -0.0517823 0.929453
-29.5095 3.8906 -6.6773 -0.238014 0.275457 -0.0462646 0.930295
-29.5796 3.89314 -6.63479 -0.237908 0.27736 -0.0430456 0.929908
-29.635 3.9144 -6.59574 -0.237369 0.278849 -0.038371 0.929808
-29.6919 3.93422 -6.5793 -0.234479 0.280346 -0.0331844 0.930288
-29.7378 3.96877 -6.5573 -0.231229 0.281342 -0.0283948 0.930962
-29.7897 3.99154 -6.52742 -0.229296 0.2835 -0.0232872 0.930925
-29.8327 4.00986 -6.51024 -0.227497 0.284484 -0.0174997 0.931195
-29.8846 4.04104 -6.48682 -0.22514 0.286634 -0.0130471 0.931179
-29.9218 4.05834 -6.46771 -0.224049 0.287478 -0.00690545 0.931251
-29.9744 4.08763 -6.44127 -0.222046 0.290276 -0.00184224 0.930883
-30.0213 4.08475 -6.41491 -0.222235 0.292043 0.00413575 0.930281
-30.0812 4.11577 -6.38972 -0.219833 0.295039 0.00794025 0.929879
-30.1345 4.16552 -6.35504 -0.216773 0.298261 0.0106844 0.929544
-30.1835 4.19742 -6.32997 -0.214908 0.300937 0.0153864 0.929046
-30.2217 4.22238 -6.31333 -0.212943 0.302057 0.0205141 0.929039
-30.2567 4.25159 -6.29426 -0.211399 0.303053 0.0256705 0.928936
-30.3021 4.27292 -6.2748 -0.20993 0.303933 0.0301328 0.928851
-30.3452 4.29517 -6.25807 -0.208368 0.304402 0.0346058 0.92889
-30.3889 4.3152 -6.23564 -0.207287 0.305429 0.0388381 0.92863
-30.4171 4.34089 -6.22331 -0.205501 0.304836 0.0429653 0.929038
-30.4485 4.35214 -6.20921 -0.204473 0.304784 0.0464984 0.929114
-30.4619 4.36751 -6.20292 -0.203144 0.302822 0.0505303 0.929834
-30.4811 4.37338 -6.18994 -0.202717 0.301645 0.0539312 0.930121
-30.4962 4.37911 -6.18518 -0.201213 0.299087 0.0569201 0.931093
-30.5127 4.3843 -6.17987 -0.199206 0.296519 0.0589066 0.932224
-30.5107 4.37423 -6.17993 -0.198371 0.292153 0.0634953 0.933476
-30.5407 4.38667 -6.16354 -0.196253 0.289545 0.065223 0.934619
-30.5453 4.39443 -6.15977 -0.194589 0.2841 0.0689714 0.936364
-30.5468 4.41853 -6.15407 -0.192126 0.277981 0.0724201 0.938449
-30.57 4.44792 -6.14768 -0.18839 0.273084 0.0746779 0.940463
-30.6022 4.46624 -6.13084 -0.185846 0.268804 0.077072 0.94201
-30.6301 4.48035 -6.12307 -0.183017 0.263342 0.0801308 0.943847
-30.6653 4.50771 -6.10571 -0.180006 0.258445 0.0828709 0.945544
-30.6659 4.543 -6.11608 -0.175999 0.249061 0.0880123 0.948346
-30.717 4.5801 -6.08703 -0.172037 0.246158 0.0899096 0.949654
-30.7609 4.6098 -6.0621 -0.168729 0.242473 0.0932108 0.950874
-30.8153 4.64634 -6.03894 -0.164081 0.239315 0.0956091 0.952251
-30.8715 4.68444 -6.01851 -0.159364 0.236696 0.0983673 0.953423
-30.9234 4.72569 -5.99444 -0.154195 0.233715 0.102628 0.95456
-30.9875 4.77065 -5.95525 -0.148625 0.2329 0.105683 0.955307
-31.0689 4.81054 -5.93103 -0.142369 0.233977 0.108832 0.955645
-31.1424 4.85893 -5.88723 -0.135987 0.234999 0.112692 0.955875
-31.2194 4.9018 -5.84604 -0.129368 0.236705 0.116907 0.955868
-31.306 4.95213 -5.80216 -0.122363 0.23961 0.117152 0.956035
-31.4003 5.0075 -5.74425 -0.115079 0.243716 0.11768 0.955839
-31.4909 5.06758 -5.68443 -0.106695 0.247589 0.11943 0.955597
-31.598 5.10658 -5.62315 -0.0988443 0.252879 0.122096 0.954721
-31.7154 5.14636 -5.54902 -0.090939 0.259334 0.124087 0.953516
-31.8337 5.17242 -5.47017 -0.0831665 0.265302 0.126619 0.952252
-31.9573 5.21167 -5.37633 -0.0737951 0.272046 0.128651 0.950846
-32.099 5.22099 -5.27405 -0.0668851 0.280263 0.131209 0.948621
-32.2361 5.22611 -5.16601 -0.0595817 0.287807 0.134404 0.946397
-32.3884 5.23166 -5.05568 -0.0520302 0.295533 0.136511 0.94416
-32.5384 5.23005 -4.94178 -0.0449691 0.302419 0.139707 0.94187
-32.7097 5.21246 -4.82115 -0.0395293 0.310364 0.142819 0.939061
-32.904 5.19112 -4.70665 -0.0345624 0.318831 0.145128 0.936059
-33.0875 5.18194 -4.60099 -0.0300944 0.325314 0.148125 0.933512
-33.2864 5.18632 -4.50605 -0.0261103 0.331117 0.150859 0.931149
-33.4995 5.18912 -4.42612 -0.0236261 0.336762 0.154142 0.928653
-33.7272 5.21108 -4.33843 -0.0215886 0.342849 0.15626 0.926115
-33.9881 5.22761 -4.26663 -0.0202367 0.348391 0.158703 0.923662
-34.2569 5.23903 -4.20331 -0.0206647 0.353148 0.160696 0.921496
-34.5211 5.26055 -4.1104 -0.0220138 0.356551 0.162736 0.919798
-34.7764 5.27358 -3.99708 -0.0272695 0.35818 0.156846 0.920045
-35.0511 5.25562 -3.84437 -0.0341715 0.36083 0.1501 0.919907
-35.3222 5.24876 -3.66518 -0.0414713 0.364087 0.140866 0.919781
-35.5786 5.25624 -3.45862 -0.0499956 0.366235 0.131001 0.919966
-35.7976 5.26806 -3.28673 -0.0594714 0.365418 0.120987 0.921094
-36.0269 5.27403 -3.11314 -0.0703183 0.365468 0.110737 0.921603
-36.2441 5.32736 -2.88588 -0.081307 0.364969 0.0991383 0.922214
-36.4364 5.36642 -2.65903 -0.0943275 0.364213 0.0902855 0.922186
-36.6117 5.40976 -2.49857 -0.105435 0.360715 0.078746 0.923411
-36.793 5.44783 -2.35298 -0.116641 0.357276 0.0665059 0.924366
-36.9777 5.4576 -2.23094 -0.128826 0.353899 0.0560601 0.924736
-37.1365 5.48482 -2.09414 -0.140115 0.349553 0.0462305 0.925295
-37.2928 5.50218 -1.97502 -0.15163 0.345296 0.0371405 0.925483
-37.4387 5.52286 -1.85074 -0.162042 0.341253 0.0285083 0.925529
-37.5835 5.53842 -1.72632 -0.171309 0.338048 0.0208268 0.925237
-37.7007 5.5535 -1.59772 -0.17797 0.335594 0.0140243 0.925006
-37.6961 5.52447 -1.47007 -0.185613 0.331868 0.00828572 0.924913
-37.6103 5.45677 -1.36773 -0.19399 0.330094 0.00424711 0.923859
-37.4585 5.40658 -1.33596 -0.199732 0.326475 0.00302967 0.923923
-37.3303 5.35575 -1.29968 -0.203912 0.324224 0.00320474 0.923805
-37.2032 5.32134 -1.30111 -0.204214 0.322263 0.00537661 0.924411
-37.0774 5.2896 -1.3207 -0.202861 0.320659 0.00949067 0.925237
-36.9577 5.24424 -1.29486 -0.20181 0.321133 0.014877 0.925228
-36.8364 5.1919 -1.28434 -0.199528 0.321366 0.0215523 0.925514
-36.6985 5.14737 -1.28317 -0.195165 0.321529 0.0291292 0.926177
-36.549 5.10008 -1.28853 -0.189754 0.321547 0.0384421 0.926958
-36.411 5.05738 -1.29636 -0.182798 0.322585 0.0480978 0.927542
-36.2643 5.0156 -1.29231 -0.175388 0.32353 0.0586148 0.928041
-36.1159 4.98172 -1.28278 -0.166434 0.325062 0.0690357 0.928435
-35.9567 4.94342 -1.28213 -0.157464 0.325769 0.0799832 0.928876
-35.7981 4.90473 -1.28965 -0.14814 0.326639 0.0901042 0.929175
-35.6175 4.8581 -1.30499 -0.139117 0.325609 0.100421 0.929876
-35.4472 4.82156 -1.29964 -0.129884 0.326203 0.110351 0.929876
-35.2507 4.7742 -1.32537 -0.121291 0.323763 0.120012 0.930695
-35.0884 4.72448 -1.32257 -0.113415 0.323755 0.128685 0.930529
-34.9221 4.68806 -1.34265 -0.104588 0.32293 0.135478 0.930888
-34.7665 4.64744 -1.31941 -0.0972237 0.321894 0.138838 0.931547
-34.6013 4.6154 -1.32716 -0.0907313 0.319498 0.143797 0.932277
-34.4823 4.59267 -1.29664 -0.0845372 0.3196 0.14587 0.9325
-34.3345 4.57535 -1.29324 -0.0794462 0.316298 0.146856 0.933921
-34.1926 4.5471 -1.2897 -0.0773439 0.312387 0.14367 0.935904
-34.0808 4.53151 -1.27436 -0.0748577 0.309533 0.139803 0.937642
-33.9739 4.48749 -1.28062 -0.0750097 0.305911 0.135948 0.93938
-33.8505 4.44815 -1.27843 -0.0762863 0.301007 0.131 0.941566
-33.7666 4.4393 -1.24927 -0.0768151 0.299288 0.122689 0.943186
-33.6487 4.42549 -1.24893 -0.0789252 0.293727 0.114306 0.945812
-33.5177 4.39364 -1.27205 -0.0825488 0.286265 0.106226 0.948725
-33.4316 4.37699 -1.27102 -0.0857456 0.281864 0.0963129 0.950818
-33.3352 4.36527 -1.27338 -0.0888401 0.276837 0.0861732 0.952978
-33.2355 4.33177 -1.28011 -0.0946072 0.271765 0.0761912 0.954736
-33.1116 4.30854 -1.29009 -0.0998618 0.265302 0.0664304 0.956742
-33.0107 4.2826 -1.30794 -0.104881 0.260374 0.0568629 0.958177
-32.904 4.2597 -1.32072 -0.109784 0.255416 0.0476899 0.959459
-32.7849 4.22636 -1.33289 -0.115832 0.250303 0.0400539 0.960447
-32.7097 4.19735 -1.34339 -0.12132 0.248175 0.0318081 0.960627
-32.6357 4.19268 -1.35457 -0.123622 0.247208 0.0244827 0.960801
-32.5527 4.17787 -1.37162 -0.126218 0.246633 0.0191495 0.960729
-32.4595 4.17223 -1.38644 -0.127271 0.24608 0.015335 0.960804
-32.3699 4.13697 -1.3979 -0.130392 0.246926 0.0150637 0.960169
-32.3033 4.10971 -1.3966 -0.132025 0.251287 0.0153049 0.958813
-32.2411 4.08486 -1.39221 -0.1328 0.25619 0.017826 0.957361
-32.145 4.07189 -1.40598 -0.131003 0.26143 0.0223421 0.9561
-32.0497 4.04604 -1.42024 -0.128171 0.266667 0.0300438 0.954822
-31.9493 4.03478 -1.44001 -0.124956 0.272508 0.0368232 0.953365
-31.8646 4.0039 -1.45402 -0.121904 0.280027 0.045922 0.95118
-31.7959 3.98205 -1.4627 -0.118102 0.289491 0.0555698 0.948311
-31.7203 3.97012 -1.46416 -0.112587 0.2992 0.0658046 0.945306
-31.6655 3.95493 -1.46392 -0.106631 0.310887 0.0765582 0.941411
-31.6109 3.9299 -1.46519 -0.101272 0.322575 0.0889724 0.936965
-31.5577 3.91772 -1.46541 -0.0943927 0.333921 0.100317 0.932557
-31.5026 3.91492 -1.46212 -0.0867394 0.345073 0.110832 0.928035
-31.4553 3.89799 -1.46489 -0.0796333 0.355978 0.121967 0.923148
-31.4113 3.87535 -1.45808 -0.0735818 0.366376 0.132997 0.918041
-31.3703 3.88439 -1.46259 -0.0645875 0.374623 0.141232 0.914156
-31.3247 3.87191 -1.46906 -0.058583 0.381867 0.151119 0.909969
-31.3049 3.86611 -1.47693 -0.051706 0.389031 0.158053 0.906169
-31.2837 3.86193 -1.48191 -0.0458582 0.394372 0.164548 0.90301
-31.2832 3.86202 -1.48218 -0.039665 0.399627 0.168086 0.900342
-31.2606 3.85365 -1.48299 -0.0349659 0.402757 0.170925 0.898601
-31.2414 3.84576 -1.50439 -0.0300768 0.404436 0.172201 0.897785
-31.2093 3.82688 -1.50179 -0.0273319 0.405502 0.170495 0.897713
-31.1693 3.82949 -1.5087 -0.0232091 0.404549 0.166075 0.899091
-31.1276 3.81863 -1.51787 -0.0203236 0.402951 0.159896 0.900992
-31.078 3.79576 -1.51304 -0.0190777 0.401154 0.152045 0.903182
-31.0249 3.78287 -1.5171 -0.016843 0.398042 0.14186 0.906251
-30.9454 3.74662 -1.53564 -0.0171618 0.392496 0.133257 0.909966
-30.8865 3.72383 -1.5417 -0.016855 0.387973 0.121817 0.913503
-30.807 3.71252 -1.5531 -0.0152735 0.382082 0.109011 0.917627
-30.7172 3.66995 -1.56578 -0.0191402 0.374295 0.0947693 0.922328
-30.6141 3.61295 -1.57883 -0.0234105 0.366493 0.0806736 0.926698
-30.4669 3.58134 -1.60099 -0.0261536 0.353776 0.0653646 0.932749
-30.3443 3.55864 -1.61207 -0.0255569 0.345863 0.0513728 0.936605
-30.2135 3.52828 -1.61497 -0.0256835 0.338717 0.0382216 0.939832
-30.0752 3.48875 -1.62335 -0.0271033 0.330775 0.0244211 0.943079
-29.9252 3.45079 -1.64063 -0.0284702 0.322089 0.010197 0.946297
-29.7577 3.42703 -1.65392 -0.0266888 0.314796 -0.000792337 0.948858
-29.5882 3.40639 -1.68285 -0.0253097 0.306154 -0.0140005 0.951612
-29.4038 3.37326 -1.68352 -0.0235155 0.301903 -0.0226777 0.952853
-29.2096 3.32477 -1.69799 -0.0220935 0.297614 -0.0293035 0.95405
-28.9933 3.27023 -1.72015 -0.0203682 0.293089 -0.0324834 0.95539
-28.7815 3.22414 -1.72783 -0.0177202 0.29183 -0.0360212 0.955697
-28.566 3.17278 -1.73844 -0.0146648 0.292308 -0.0373941 0.955554
-28.3263 3.12057 -1.75552 -0.0111112 0.292753 -0.0359754 0.955516
-28.0797 3.05718 -1.77497 -0.00762653 0.294259 -0.0327022 0.955209
-27.8192 2.97579 -1.80434 -0.0046662 0.296054 -0.0261899 0.95487
-27.5565 2.90606 -1.82399 -0.0010586 0.299771 -0.0203252 0.953868
-27.3096 2.83202 -1.84811 0.00223317 0.304963 -0.0146098 0.95232
-27.0396 2.76906 -1.89187 0.00707938 0.307878 -0.00842559 0.951437
-26.7434 2.67534 -1.91642 0.010052 0.312854 0.00141286 0.949818
-26.5082 2.57947 -1.94808 0.0125559 0.320426 0.00962993 0.947217
-26.2382 2.50833 -2.00207 0.017092 0.325422 0.0193044 0.945289
-25.9579 2.46206 -2.0292 0.023297 0.331287 0.0283473 0.942893
-25.7207 2.38527 -2.05757 0.0272775 0.34034 0.0399477 0.93913
-25.4874 2.32055 -2.06916 0.0326033 0.350993 0.0489363 0.934607
-25.2202 2.24354 -2.0956 0.0362146 0.357836 0.0591359 0.93128
-24.9615 2.1737 -2.14131 0.0401154 0.364037 0.0699168 0.927968
-24.7108 2.09164 -2.16598 0.0425883 0.371415 0.080526 0.924062
-24.4686 2.02807 -2.19935 0.046857 0.378743 0.0896345 0.920038
-24.2341 1.94827 -2.21834 0.0497604 0.386656 0.098063 0.91572
-23.993 1.88252 -2.26011 0.0531194 0.39189 0.105555 0.912472
-23.7639 1.8216 -2.30584 0.0564902 0.397529 0.112677 0.908968
-23.5335 1.76565 -2.34765 0.0589591 0.402103 0.118699 0.906033
-23.3163 1.72106 -2.3884 0.0625464 0.407501 0.120219 0.903172
-23.0927 1.67542 -2.44796 0.0644981 0.411258 0.121571 0.901153
-22.8784 1.63523 -2.50631 0.0678438 0.414855 0.122713 0.899097
-22.6807 1.59855 -2.5629 0.0715281 0.419255 0.123179 0.896709
-22.4979 1.55818 -2.62462 0.0739494 0.423581 0.123452 0.894434
-22.3158 1.51897 -2.69567 0.0758564 0.427536 0.123632 0.892371
-22.1359 1.46634 -2.77615 0.0751525 0.430767 0.124093 0.890807
-21.9675 1.44218 -2.85996 0.0770652 0.434329 0.123887 0.888945
-21.8096 1.40042 -2.95783 0.0770792 0.437363 0.124709 0.887335
-21.6539 1.35874 -3.05934 0.0769972 0.44067 0.126348 0.885478
-21.5058 1.32301 -3.16143 0.0766372 0.443908 0.127608 0.883704
-21.3584 1.27812 -3.26979 0.0746093 0.446483 0.129767 0.88227
-21.2242 1.22961 -3.38032 0.0733453 0.448656 0.13323 0.880752
-21.0883 1.17286 -3.53371 0.0745551 0.448637 0.139692 0.879663
-20.9603 1.14597 -3.65546 0.0728132 0.450072 0.142193 0.87867
-20.8282 1.11003 -3.77034 0.0701969 0.452892 0.14522 0.876942
-20.6898 1.07923 -3.90668 0.0683183 0.454532 0.149161 0.875575
-20.5471 1.04869 -4.04797 0.0649278 0.455799 0.15271 0.874567
-20.3891 1.00534 -4.18262 0.0593592 0.457955 0.157376 0.873003
-20.2465 0.977268 -4.30867 0.0590022 0.460602 0.166267 0.869987
-20.0837 0.923326 -4.44614 0.0520869 0.462893 0.171479 0.868193
-19.9118 0.867541 -4.56853 0.0445288 0.465982 0.177954 0.865661
-19.738 0.80348 -4.68419 0.0372291 0.469822 0.184261 0.8626
-19.5591 0.725525 -4.74144 0.0260559 0.477583 0.188793 0.857761
-19.3572 0.708556 -4.82006 0.021085 0.481737 0.19292 0.854645
-19.1354 0.670719 -4.88126 0.0138044 0.486114 0.19825 0.851095
-18.9219 0.651852 -4.94301 0.00876025 0.490592 0.202464 0.847587
-18.6962 0.594041 -5.0038 0.000213587 0.494956 0.208493 0.843631
-18.4777 0.555123 -5.08058 -0.0058768 0.498232 0.213923 0.840311
-18.255 0.508878 -5.14766 -0.0130485 0.50154 0.219816 0.83674
-18.034 0.447671 -5.22538 -0.0211906 0.503696 0.226293 0.83354
-17.826 0.392945 -5.29378 -0.0277496 0.506719 0.231689 0.830032
-17.6253 0.324284 -5.36087 -0.0371236 0.508831 0.236512 0.827002
-17.4283 0.260522 -5.4298 -0.0433965 0.510923 0.242074 0.823798
-17.2357 0.202174 -5.49033 -0.049611 0.512952 0.246442 0.820881
-17.0492 0.145638 -5.55656 -0.0545142 0.514763 0.250513 0.818206
-16.8758 0.081352 -5.62479 -0.0591271 0.515733 0.254734 0.815962
-16.6999 0.0092016 -5.69243 -0.0648353 0.515408 0.258676 0.814499
-16.5334 -0.0539412 -5.74775 -0.0680004 0.517079 0.26023 0.812679
-16.3741 -0.106996 -5.80918 -0.0677618 0.517424 0.259043 0.812865
-16.2184 -0.158973 -5.86667 -0.067497 0.518419 0.258123 0.812539
-16.0769 -0.222775 -5.9481 -0.0682013 0.516832 0.257581 0.813669
-15.9233 -0.281896 -6.03037 -0.0680062 0.515418 0.2576 0.814569
-15.7698 -0.336615 -6.09732 -0.0687104 0.515232 0.256373 0.815021
-15.6214 -0.402084 -6.16443 -0.0703467 0.514677 0.255058 0.815639
-15.4994 -0.488513 -6.23253 -0.0719509 0.514518 0.254185 0.815878
-15.3647 -0.544824 -6.30517 -0.0721874 0.513696 0.252732 0.816819
-15.2246 -0.614714 -6.39961 -0.0726457 0.511024 0.25323 0.818305
-15.0887 -0.689467 -6.47703 -0.0735598 0.509706 0.253398 0.818987
-14.937 -0.733354 -6.55785 -0.0731344 0.507522 0.253023 0.820502
-14.7885 -0.770783 -6.62896 -0.0723037 0.50598 0.252136 0.821794
-14.6313 -0.809716 -6.68744 -0.0724374 0.505075 0.251988 0.822391
-14.479 -0.844793 -6.74598 -0.0709806 0.503742 0.250892 0.823663
-14.325 -0.881768 -6.81047 -0.0670728 0.501693 0.251467 0.825071
-14.176 -0.942277 -6.87439 -0.0631424 0.498904 0.253857 0.826333
-14.0263 -1.00837 -6.92532 -0.0590437 0.496356 0.256715 0.827293
-13.8732 -1.08492 -6.9658 -0.0561347 0.493935 0.260703 0.827691
-13.7204 -1.1642 -6.99911 -0.053216 0.491822 0.265001 0.827784
-13.5684 -1.21529 -6.99535 -0.0521198 0.491995 0.264257 0.827982
-13.4187 -1.30404 -7.00664 -0.0516204 0.490509 0.266797 0.828087
-13.2679 -1.35638 -6.9922 -0.0509452 0.49026 0.265933 0.828547
-13.1203 -1.40949 -6.97424 -0.049916 0.489783 0.265185 0.829138
-12.9776 -1.47031 -6.94393 -0.0498723 0.490151 0.264541 0.829123
-12.8325 -1.53977 -6.91473 -0.0506207 0.489808 0.264554 0.829282
-12.6971 -1.60474 -6.89187 -0.0497893 0.489228 0.264589 0.829657
-12.5573 -1.65247 -6.85155 -0.0494763 0.489858 0.26376 0.829575
-12.4123 -1.72753 -6.80397 -0.050736 0.49034 0.264725 0.828901
-12.2633 -1.78789 -6.76076 -0.0508391 0.491231 0.265721 0.828054
-12.1275 -1.87904 -6.70697 -0.0537313 0.492342 0.266751 0.826873
-12.001 -1.94069 -6.67871 -0.0527471 0.492337 0.26776 0.826621
-11.8646 -2.0194 -6.61752 -0.0546798 0.494 0.268746 0.825175
-11.7527 -2.08119 -6.60203 -0.0535249 0.494195 0.27067 0.824512
-11.637 -2.1612 -6.5229 -0.0554059 0.498612 0.272219 0.821206
-11.5167 -2.228 -6.48805 -0.056036 0.499719 0.273965 0.819915
-11.391 -2.30325 -6.45075 -0.0570845 0.500897 0.275845 0.818487
-11.2634 -2.37055 -6.38142 -0.0574969 0.503971 0.277116 0.816145
-11.1423 -2.43005 -6.30766 -0.0568537 0.507497 0.278527 0.813514
-11.0205 -2.50691 -6.26514 -0.0569915 0.509488 0.280719 0.811511
-10.8957 -2.58812 -6.20822 -0.0639491 0.511324 0.271503 0.812966
-10.7859 -2.66314 -6.16215 -0.0701509 0.513152 0.261267 0.814661
-10.6723 -2.72995 -6.1145 -0.0766097 0.515031 0.249541 0.816561
-10.5529 -2.79579 -6.07548 -0.0837993 0.516293 0.23696 0.818809
-10.4346 -2.87192 -6.02123 -0.0927428 0.518139 0.223447 0.82047
-10.3177 -2.93326 -5.9647 -0.101468 0.520253 0.20902 0.821907
-10.1991 -3.01352 -5.93969 -0.11077 0.521372 0.195615 0.823289
-10.0814 -3.08441 -5.89796 -0.120334 0.522875 0.181104 0.824319
-9.97215 -3.14603 -5.84106 -0.129772 0.525801 0.16641 0.824117
-9.8688 -3.21589 -5.78663 -0.138928 0.52866 0.152358 0.82352
-9.76127 -3.29094 -5.73484 -0.14875 0.531478 0.139129 0.822325
-9.65782 -3.3646 -5.69384 -0.158306 0.534 0.12686 0.820896
-9.58918 -3.42363 -5.64305 -0.166968 0.537188 0.114154 0.818958
-9.49226 -3.49504 -5.60608 -0.175159 0.540974 0.105384 0.815931
-9.39952 -3.55687 -5.57642 -0.182843 0.544654 0.0976533 0.812747
-9.33245 -3.58216 -5.5476 -0.189144 0.549111 0.0885637 0.809347
-9.28641 -3.58392 -5.53538 -0.192921 0.553955 0.0785422 0.806177
-9.21432 -3.61984 -5.504 -0.19578 0.561185 0.0741627 0.800892
-9.13421 -3.6547 -5.5008 -0.197231 0.568107 0.0728967 0.79575
-9.04474 -3.70091 -5.54086 -0.19284 0.576198 0.0773451 0.790579
-9.01512 -3.66322 -5.54715 -0.188604 0.585418 0.0792854 0.784608
-8.9674 -3.6433 -5.54724 -0.183634 0.596221 0.0844387 0.777085
-8.86807 -3.6877 -5.5507 -0.17949 0.607592 0.0961475 0.767826
-8.80618 -3.69346 -5.59365 -0.174029 0.61752 0.105643 0.759881
-8.79581 -3.61634 -5.62205 -0.170584 0.627374 0.108545 0.752138
-8.71795 -3.62476 -5.63918 -0.165036 0.638795 0.121193 0.741767
-8.61887 -3.71135 -5.66517 -0.157442 0.649952 0.142632 0.729814
-8.6011 -3.69118 -5.67079 -0.147214 0.661522 0.15515 0.718925
-8.57077 -3.66174 -5.66379 -0.137734 0.672999 0.167552 0.707271
-8.51863 -3.68215 -5.64476 -0.127666 0.684249 0.18329 0.694353
-8.45588 -3.6978 -5.63288 -0.117088 0.694595 0.199156 0.681453
-8.38654 -3.71467 -5.62582 -0.105946 0.704057 0.215718 0.668409
-8.31561 -3.70794 -5.60352 -0.0947692 0.713495 0.23035 0.655062
-8.24848 -3.72879 -5.57292 -0.08387 0.721792 0.245209 0.641942
-8.17415 -3.75963 -5.56225 -0.07265 0.728389 0.261356 0.629363
-8.1 -3.79534 -5.54067 -0.0622987 0.734072 0.276465 0.617309
-7.99982 -3.83794 -5.50841 -0.0526215 0.739514 0.291657 0.604591
-7.90937 -3.90136 -5.46771 -0.043588 0.743483 0.306079 0.593217
-7.80351 -3.96984 -5.43494 -0.0351169 0.746522 0.320355 0.582323
-7.70585 -4.04133 -5.42046 -0.0265365 0.748051 0.334143 0.573002
-7.61139 -4.11874 -5.40642 -0.0157316 0.750626 0.342277 0.565176
-7.51649 -4.20554 -5.38921 -0.00584985 0.751952 0.348899 0.559534
-7.38711 -4.30116 -5.3692 0.00187162 0.753556 0.354956 0.553558
-7.26428 -4.43406 -5.33298 0.00931332 0.754948 0.360596 0.547924
-7.14205 -4.5646 -5.30656 0.0144933 0.755981 0.364651 0.543681
-7.01362 -4.7088 -5.29122 0.0204757 0.756497 0.368068 0.540467
-6.87126 -4.83975 -5.28707 0.0241929 0.757022 0.370194 0.538115
-6.72652 -4.99812 -5.29823 0.027511 0.756544 0.372347 0.53715
-6.58806 -5.20347 -5.30745 0.0304533 0.756092 0.375135 0.535683
-6.44021 -5.34754 -5.33678 0.0318254 0.755865 0.374387 0.536449
-6.28504 -5.50461 -5.36833 0.032892 0.755667 0.3735 0.537278
-6.13254 -5.7164 -5.39126 0.0321834 0.7553 0.373385 0.537919
-5.96934 -5.88599 -5.43467 0.0315106 0.755063 0.371934 0.539292
-5.81336 -6.11469 -5.47159 0.0300117 0.754822 0.370961 0.540387
-5.63786 -6.37638 -5.49952 0.028024 0.754832 0.369889 0.541208
-5.46715 -6.61955 -5.5474 0.0261547 0.754559 0.368588 0.542574
-5.29725 -6.85444 -5.59966 0.0222774 0.754217 0.365663 0.545188
-5.13304 -7.08866 -5.65737 0.0194374 0.754639 0.362536 0.546803
-4.96484 -7.32307 -5.70799 0.0147854 0.75473 0.359382 0.548895
-4.79742 -7.56505 -5.7585 0.00933977 0.754803 0.356504 0.550793
-4.60608 -7.80837 -5.80314 0.0111179 0.760627 0.343513 0.550999
-4.53703 -7.95648 -5.85525 0.0127941 0.765903 0.333508 0.549807
