0 0 0 0 0 0 1
0.12238 -0.057676 -0.0493448 -0.000614482 -0.00131901 0.00122039 0.999998
0.25229 -0.117278 -0.0960993 -0.00137204 -0.00257254 0.00318149 0.999991
0.364826 -0.165873 -0.137945 -0.00110992 -0.00217651 0.00484992 0.999985
0.478887 -0.213927 -0.171685 -0.00111789 -0.00203888 0.00676796 0.999975
0.605778 -0.262438 -0.212507 -0.0010055 -0.00339522 0.00918705 0.999952
0.708449 -0.296261 -0.245669 0.000464708 -0.0025314 0.0108651 0.999938
0.802819 -0.332397 -0.273498 0.00127835 -0.000945679 0.0124062 0.999922
0.900065 -0.363634 -0.296823 0.00244328 0.000127935 0.014074 0.999899
1.00018 -0.401711 -0.320204 0.00275717 0.00114707 0.015725 0.999872
1.10713 -0.437789 -0.339845 0.00306688 0.00163272 0.0175535 0.999841
1.21987 -0.472287 -0.355455 0.00338743 0.00161799 0.0193967 0.999805
1.32684 -0.506056 -0.369753 0.00362924 0.00211143 0.0209163 0.999773
1.43837 -0.540087 -0.387614 0.00404049 0.00232281 0.0224343 0.999738
1.55849 -0.569577 -0.402038 0.00456256 0.00208026 0.023938 0.999702
1.67032 -0.59811 -0.41317 0.00507404 0.00259992 0.024914 0.999674
1.79079 -0.626224 -0.42435 0.00554209 0.00287879 0.0257382 0.99965
1.91014 -0.655326 -0.436879 0.00593151 0.00345926 0.0263846 0.999629
2.03077 -0.680956 -0.446531 0.00646251 0.00427405 0.0265152 0.999619
2.15317 -0.706068 -0.454624 0.00691546 0.00539343 0.0262956 0.999616
2.2699 -0.733524 -0.465511 0.00729167 0.00728999 0.0253989 0.999625
2.39962 -0.758069 -0.473413 0.00781387 0.00868175 0.0244289 0.999634
2.52131 -0.782059 -0.479933 0.00834348 0.0111153 0.022552 0.99965
2.64695 -0.804949 -0.485521 0.00894295 0.0135686 0.0205169 0.999658
2.77626 -0.830745 -0.492637 0.0093269 0.0159537 0.0181744 0.999665
2.89168 -0.853431 -0.496069 0.00979516 0.0190931 0.015251 0.999654
3.00146 -0.871199 -0.500146 0.0105562 0.022065 0.0120558 0.999629
3.10477 -0.889408 -0.505294 0.011229 0.0250402 0.00875398 0.999586
3.18542 -0.901357 -0.505647 0.0122822 0.0294511 0.00488049 0.99948
3.26467 -0.91643 -0.511005 0.0129859 0.0333779 0.000768129 0.999359
3.33046 -0.920541 -0.50758 0.0142359 0.037853 -0.00345458 0.999177
3.3819 -0.929561 -0.50285 0.0150479 0.0427024 -0.00785217 0.998944
3.4244 -0.934567 -0.503376 0.0162159 0.0474761 -0.0125558 0.998663
3.45815 -0.938476 -0.50156 0.0172867 0.0522216 -0.0171322 0.99834
3.4778 -0.937793 -0.500622 0.0186829 0.0572307 -0.0219088 0.997947
3.49027 -0.940107 -0.499435 0.0196699 0.0620085 -0.0265791 0.997528
3.51156 -0.942251 -0.497969 0.0208133 0.0664108 -0.0312926 0.997086
3.53675 -0.945101 -0.50084 0.0219921 0.0708964 -0.0359875 0.996592
3.57537 -0.950585 -0.502308 0.0230868 0.0745291 -0.0404827 0.996131
3.61901 -0.956581 -0.504895 0.0241204 0.0780988 -0.0447468 0.99565
3.66117 -0.958435 -0.502214 0.025686 0.0819538 -0.0488449 0.995109
3.71347 -0.965585 -0.502694 0.026897 0.0851631 -0.0526397 0.994613
3.77225 -0.973976 -0.494774 0.0278423 0.0879558 -0.0564488 0.994135
3.83873 -0.985683 -0.498614 0.0286595 0.090367 -0.0599682 0.993689
3.90683 -0.998195 -0.49467 0.0293143 0.0928004 -0.0631528 0.993249
3.98117 -1.00864 -0.492023 0.0302642 0.0949598 -0.0660199 0.992829
4.06354 -1.02129 -0.488119 0.0308521 0.0966783 -0.0685291 0.992476
4.15221 -1.03728 -0.485092 0.0312152 0.0978657 -0.0712111 0.992159
4.25017 -1.05198 -0.482897 0.0315181 0.0986831 -0.0732249 0.991922
4.35319 -1.06562 -0.478033 0.0318762 0.0991907 -0.074996 0.991727
4.44994 -1.07987 -0.474778 0.0320103 0.099355 -0.0762114 0.991615
4.53891 -1.0928 -0.469726 0.0318963 0.0994413 -0.0768614 0.991559
4.62252 -1.10102 -0.470297 0.0319156 0.0994562 -0.0770043 0.991546
4.69646 -1.10805 -0.463613 0.0318593 0.0993899 -0.0769355 0.991559
4.77158 -1.11488 -0.464924 0.0315718 0.098371 -0.0767699 0.991684
4.84114 -1.12562 -0.459445 0.0306061 0.0970307 -0.0757838 0.991921
4.90664 -1.13277 -0.45659 0.0296475 0.0952098 -0.0745698 0.992219
4.96873 -1.14131 -0.452315 0.0283726 0.0929261 -0.0730072 0.992589
5.02388 -1.14648 -0.447652 0.0269325 0.0904059 -0.0705939 0.993037
5.07551 -1.15102 -0.446267 0.0253109 0.0875846 -0.0678031 0.993526
5.11702 -1.1555 -0.440135 0.0233125 0.0846769 -0.0645332 0.994045
5.15374 -1.1581 -0.433788 0.0211364 0.0815111 -0.0606407 0.994603
5.18897 -1.15894 -0.428967 0.0188212 0.077853 -0.0562456 0.995201
5.21631 -1.15497 -0.427921 0.0166871 0.0742712 -0.0513726 0.995776
5.25426 -1.15669 -0.423329 0.0138284 0.0702526 -0.0463285 0.996359
5.30099 -1.16246 -0.420402 0.0106429 0.0661799 -0.041432 0.996892
5.35136 -1.16449 -0.413417 0.00774133 0.0622791 -0.0360969 0.997378
5.41049 -1.17101 -0.406663 0.00447229 0.0585838 -0.0311417 0.997788
5.47451 -1.17221 -0.397081 0.00165861 0.0553662 -0.0260275 0.998127
5.55 -1.17203 -0.389681 -0.000855468 0.0521943 -0.0211891 0.998413
5.63209 -1.17502 -0.380705 -0.00338737 0.0493051 -0.0171014 0.998634
5.72142 -1.18306 -0.372257 -0.00623077 0.0469418 -0.0135149 0.998788
5.81584 -1.18621 -0.36158 -0.00842947 0.045354 -0.0102003 0.998885
5.9246 -1.19422 -0.350299 -0.010769 0.0437888 -0.00779151 0.998954
6.04158 -1.20244 -0.342321 -0.01269 0.0429795 -0.00628845 0.998978
6.16486 -1.21135 -0.330558 -0.0143658 0.0429897 -0.00566367 0.998958
6.30061 -1.21897 -0.32325 -0.0152734 0.0435262 -0.00604557 0.998919
6.45297 -1.22217 -0.318856 -0.0157065 0.0444571 -0.00692169 0.998866
6.61736 -1.23295 -0.319711 -0.0160393 0.046065 -0.00936158 0.998768
6.79331 -1.24193 -0.317974 -0.015738 0.0485224 -0.0130777 0.998614
6.9601 -1.25017 -0.300949 -0.0151726 0.0529458 -0.0185207 0.998313
7.13408 -1.26015 -0.284349 -0.0139081 0.0585627 -0.025447 0.997864
7.31408 -1.26863 -0.263275 -0.0122758 0.0654258 -0.0335314 0.997221
7.50071 -1.26811 -0.244463 -0.00940721 0.0732935 -0.0424055 0.996366
7.70156 -1.26777 -0.229734 -0.00602427 0.0814779 -0.0523503 0.995284
7.9042 -1.27055 -0.206273 -0.00269212 0.0901813 -0.0635148 0.993897
8.11523 -1.26586 -0.191646 0.00141399 0.099579 -0.0745298 0.992236
8.34212 -1.25566 -0.186496 0.0062946 0.108382 -0.0859647 0.990368
8.56864 -1.24473 -0.183945 0.0112384 0.117705 -0.0973963 0.9882
8.80256 -1.22513 -0.184261 0.0167195 0.126864 -0.108979 0.985776
9.03542 -1.21132 -0.192057 0.0218408 0.136056 -0.120264 0.983135
9.26659 -1.19307 -0.207569 0.0271376 0.145017 -0.131374 0.980296
9.50668 -1.17236 -0.232132 0.0324059 0.1532 -0.141376 0.977496
9.74774 -1.15182 -0.265387 0.037677 0.160252 -0.150455 0.974817
9.97935 -1.13677 -0.297021 0.0421585 0.167338 -0.157838 0.972273
10.238 -1.11305 -0.32317 0.0472776 0.171695 -0.16443 0.970183
10.5135 -1.08347 -0.336784 0.0526217 0.173753 -0.170503 0.968491
10.7797 -1.05591 -0.352068 0.0577819 0.174807 -0.175072 0.967192
11.047 -1.0408 -0.360487 0.0617871 0.174171 -0.176781 0.966748
11.3139 -1.01944 -0.359884 0.0661012 0.171667 -0.177234 0.966827
11.5817 -1.00676 -0.347312 0.069532 0.167177 -0.17507 0.967767
11.8475 -0.99252 -0.326435 0.0731813 0.160643 -0.171318 0.969275
12.1107 -0.978044 -0.291576 0.0763231 0.152388 -0.16514 0.971436
12.3696 -0.965309 -0.246617 0.0794317 0.142327 -0.157601 0.973962
12.6304 -0.96278 -0.193204 0.0813519 0.130941 -0.147123 0.977035
12.8897 -0.962323 -0.130857 0.082901 0.117869 -0.135462 0.98025
13.1466 -0.964318 -0.0643272 0.084339 0.10364 -0.122344 0.983455
13.404 -0.965265 0.0100292 0.0855628 0.088203 -0.107837 0.986548
13.6572 -0.969637 0.0891752 0.0864623 0.0724019 -0.0921544 0.989341
13.9097 -0.971188 0.179767 0.0876312 0.0557191 -0.0767022 0.991635
14.154 -0.991715 0.293629 0.0884151 0.0381501 -0.0599149 0.993551
14.3558 -1.04854 0.460677 0.088899 0.0198338 -0.0422348 0.99495
14.454 -1.11476 0.689764 0.0891852 0.00207164 -0.0249465 0.995704
14.5141 -1.1575 0.946029 0.0895435 -0.0157688 -0.00742228 0.995834
14.5687 -1.19407 1.20643 0.0894515 -0.0330463 0.0109755 0.995386
14.617 -1.22136 1.46294 0.0891618 -0.0492835 0.029056 0.994376
14.67 -1.23837 1.72783 0.0889113 -0.0651255 0.0465082 0.992823
14.7228 -1.23617 1.98527 0.0890988 -0.079879 0.0632574 0.990802
14.7775 -1.22364 2.25218 0.08899 -0.0936051 0.0794224 0.988443
14.8346 -1.20088 2.50559 0.088708 -0.105745 0.0944043 0.985924
14.8863 -1.15387 2.78089 0.0891994 -0.11673 0.107962 0.983245
14.929 -1.07688 3.06757 0.0904597 -0.125902 0.120472 0.980541
14.9842 -0.980712 3.33686 0.0918255 -0.133868 0.131623 0.977922
15.0339 -0.870919 3.60352 0.0932993 -0.139956 0.141548 0.975541
15.0858 -0.749643 3.87581 0.0952281 -0.144995 0.150115 0.973336
15.1456 -0.632445 4.14745 0.0966044 -0.148674 0.157906 0.97141
15.2072 -0.516939 4.41824 0.098171 -0.150596 0.164691 0.96983
15.2789 -0.411622 4.6937 0.0999559 -0.151526 0.170027 0.968581
15.3631 -0.326662 4.96046 0.101742 -0.151509 0.174694 0.967566
15.469 -0.266263 5.20888 0.103554 -0.150851 0.178571 0.966769
15.5811 -0.2327 5.45396 0.105421 -0.149708 0.181613 0.966178
15.6974 -0.222309 5.6849 0.107032 -0.147753 0.183863 0.965876
15.8108 -0.217169 5.90503 0.109664 -0.144932 0.184453 0.965896
15.931 -0.227959 6.1115 0.111727 -0.142081 0.184222 0.966127
16.0485 -0.245985 6.30842 0.113567 -0.138922 0.183925 0.966429
16.1652 -0.266558 6.4928 0.115328 -0.135798 0.183974 0.966655
16.2644 -0.287945 6.6767 0.117234 -0.132273 0.184009 0.966908
16.3732 -0.307584 6.84277 0.118744 -0.129316 0.18386 0.967152
16.469 -0.331081 7.00608 0.119619 -0.126702 0.18345 0.967468
16.5676 -0.34274 7.15922 0.120859 -0.124687 0.183387 0.967588
16.6621 -0.352494 7.30084 0.121706 -0.123303 0.183136 0.967707
16.7466 -0.360023 7.4376 0.12237 -0.122169 0.181556 0.968065
16.806 -0.369983 7.57606 0.122542 -0.120938 0.179566 0.968568
16.8868 -0.36992 7.69018 0.122954 -0.121015 0.177739 0.968844
16.9601 -0.369219 7.80168 0.123012 -0.121348 0.175902 0.96913
16.9953 -0.365669 7.91662 0.122981 -0.120864 0.173505 0.969626
17.0371 -0.364379 8.01545 0.122739 -0.120914 0.171101 0.970078
17.0795 -0.355429 8.10676 0.122749 -0.121259 0.168307 0.970523
17.1071 -0.349859 8.15504 0.122375 -0.121003 0.165162 0.971141
17.1247 -0.344484 8.20115 0.122131 -0.120425 0.161917 0.971791
17.1388 -0.340406 8.24112 0.122014 -0.119627 0.158284 0.972502
17.147 -0.333931 8.27707 0.122065 -0.11837 0.15444 0.973267
17.1377 -0.327617 8.31662 0.122742 -0.116025 0.150277 0.974115
17.1521 -0.321053 8.33597 0.123395 -0.114191 0.145699 0.974945
17.1975 -0.316126 8.35622 0.124038 -0.11279 0.140842 0.97574
17.2566 -0.312677 8.37141 0.124929 -0.111105 0.135907 0.97652
17.3447 -0.309314 8.39059 0.126124 -0.109341 0.130461 0.977307
17.4396 -0.306962 8.40652 0.127543 -0.106832 0.124773 0.978143
17.5516 -0.299391 8.42656 0.129649 -0.10442 0.118822 0.978867
17.6624 -0.275638 8.46513 0.133134 -0.100298 0.112614 0.979565
17.769 -0.253677 8.51488 0.137185 -0.0944326 0.10596 0.98033
17.8615 -0.224701 8.57073 0.14213 -0.0865527 0.0985361 0.981128
17.9532 -0.190899 8.63689 0.147889 -0.077217 0.0905452 0.981825
18.0366 -0.162646 8.70055 0.154149 -0.0661772 0.0826041 0.982369
18.1194 -0.126321 8.76161 0.160948 -0.0541574 0.0743233 0.982676
18.1781 -0.104396 8.80548 0.167293 -0.040532 0.0655874 0.982895
18.2365 -0.0810015 8.85837 0.173791 -0.0259171 0.056833 0.982806
18.2874 -0.0564303 8.89393 0.180346 -0.0108529 0.0478887 0.982384
18.3488 -0.0283101 8.94783 0.187236 0.00461052 0.03937 0.981521
18.4067 -0.00647836 8.99218 0.193647 0.0202323 0.0311856 0.980374
18.452 0.00561179 9.01804 0.199406 0.0361253 0.0232998 0.97898
18.5023 0.0152618 9.05886 0.204782 0.0520143 0.0161682 0.977298
18.5646 0.036779 9.10552 0.210346 0.0672479 0.00941111 0.975273
18.6297 0.0521713 9.14997 0.215196 0.0819924 0.00357583 0.973124
18.6956 0.0617474 9.18772 0.218961 0.0957317 -0.00203434 0.971031
18.7613 0.0737471 9.21553 0.222646 0.108452 -0.00621838 0.968836
18.8102 0.0838497 9.23833 0.225583 0.121002 -0.00940834 0.966642
18.8555 0.0892001 9.25665 0.227392 0.132313 -0.0120054 0.964706
18.8936 0.0905356 9.26071 0.228206 0.142563 -0.0135279 0.963031
18.9424 0.0978123 9.28027 0.228351 0.15093 -0.0143143 0.96171
18.9861 0.107277 9.29219 0.22772 0.157919 -0.0134908 0.960748
19.0483 0.106937 9.30468 0.225429 0.162235 -0.0113896 0.960598
19.0972 0.106932 9.32337 0.222436 0.165694 -0.00795508 0.960739
19.1365 0.109517 9.35566 0.21865 0.168414 -0.00359665 0.961162
19.1686 0.116916 9.39968 0.214342 0.170456 0.000991244 0.961777
19.1998 0.134585 9.44787 0.209934 0.171248 0.00614508 0.962591
19.2233 0.154075 9.49619 0.205271 0.171514 0.0117595 0.963495
19.2462 0.173728 9.54642 0.200369 0.171083 0.0182488 0.964504
19.2676 0.194752 9.5936 0.195451 0.169982 0.02509 0.965552
19.2815 0.213787 9.63953 0.19032 0.168582 0.0321463 0.966614
19.2873 0.231777 9.67163 0.185268 0.166657 0.0396344 0.96765
19.2949 0.249443 9.71308 0.180269 0.164837 0.0468814 0.968582
19.3039 0.26674 9.75145 0.175675 0.162746 0.0542491 0.969394
19.3053 0.280047 9.79021 0.171355 0.161199 0.061561 0.96999
19.3042 0.293729 9.82385 0.167625 0.159818 0.0685988 0.970396
19.3041 0.308548 9.85626 0.164552 0.158885 0.0753572 0.970576
19.3051 0.324908 9.886 0.162493 0.15845 0.0819125 0.970462
19.3039 0.336435 9.90815 0.161276 0.158658 0.0880254 0.970097
19.304 0.345426 9.92676 0.160868 0.159716 0.0932789 0.969498
19.3083 0.351332 9.94006 0.16163 0.161494 0.0981714 0.968595
19.3198 0.354235 9.94613 0.163605 0.163949 0.10235 0.967416
19.3324 0.357228 9.95284 0.167062 0.168054 0.105589 0.965773
19.3492 0.362845 9.95856 0.171839 0.173091 0.107879 0.963789
19.3596 0.358551 9.9538 0.177397 0.178942 0.109542 0.961524
19.3727 0.355535 9.95282 0.183981 0.186143 0.110504 0.958805
19.3855 0.353094 9.95096 0.191506 0.194275 0.110839 0.955676
19.3894 0.331194 9.9284 0.198881 0.202411 0.111403 0.952408
19.389 0.31213 9.90066 0.207019 0.210995 0.111147 0.948836
19.3786 0.293497 9.87906 0.215744 0.220509 0.110554 0.944788
19.352 0.265454 9.85023 0.224133 0.230845 0.109308 0.940503
19.3565 0.256224 9.86777 0.233437 0.240971 0.107389 0.935908
19.3438 0.256028 9.89904 0.243161 0.251852 0.104228 0.930913
19.3229 0.259526 9.93364 0.252914 0.262583 0.100465 0.925747
19.2992 0.265088 9.95904 0.262292 0.272775 0.0968837 0.92056
19.2802 0.272715 9.98757 0.271243 0.282241 0.0932024 0.915477
19.2414 0.272408 10.0246 0.279526 0.291802 0.0893045 0.910364
19.2082 0.283748 10.0734 0.287585 0.300506 0.0851349 0.905406
19.165 0.290729 10.1215 0.294749 0.308419 0.0814348 0.900772
19.1218 0.297184 10.1695 0.300777 0.315197 0.0778311 0.896741
19.1206 0.3244 10.2337 0.306683 0.319621 0.0743385 0.893467
19.0846 0.340713 10.2861 0.31097 0.323606 0.0715196 0.890775
19.0705 0.36647 10.3463 0.310838 0.326571 0.0704453 0.889826
19.0478 0.393768 10.4067 0.310493 0.328034 0.0694606 0.889484
19.0226 0.426575 10.4785 0.309861 0.328666 0.0679867 0.889587
18.9826 0.449964 10.5559 0.308768 0.328803 0.0670573 0.889985
18.9581 0.482568 10.6435 0.307846 0.327683 0.0659914 0.890798
18.9005 0.511685 10.7335 0.306738 0.32706 0.0643385 0.891529
18.8584 0.537839 10.8237 0.305137 0.325371 0.0629258 0.892797
18.8027 0.560226 10.9189 0.303429 0.32393 0.0615439 0.893998
18.7337 0.580204 11.0207 0.301627 0.323063 0.0597795 0.895042
18.6769 0.606687 11.1182 0.300322 0.321381 0.0581964 0.896189
18.6227 0.625464 11.2177 0.29883 0.319876 0.056462 0.897337
18.5703 0.645259 11.3176 0.297466 0.318516 0.0544999 0.898394
18.5066 0.648 11.4111 0.296187 0.318333 0.05275 0.898986
18.4437 0.648771 11.4935 0.295046 0.318706 0.0504509 0.89936
18.3844 0.645547 11.565 0.293937 0.319925 0.0479251 0.89943
18.3407 0.633875 11.6314 0.292194 0.322251 0.0460587 0.899264
18.2992 0.623028 11.7001 0.290828 0.326387 0.0435529 0.898341
18.2684 0.607372 11.7623 0.290255 0.331792 0.0407729 0.896674
18.2362 0.589399 11.8201 0.290209 0.339229 0.0374429 0.894049
18.2145 0.570568 11.8732 0.29098 0.348377 0.0334394 0.890431
18.1924 0.55221 11.9214 0.290904 0.360218 0.029778 0.885864
18.1765 0.532329 11.9605 0.290759 0.373837 0.0260798 0.880367
18.1642 0.517321 11.9924 0.291125 0.388943 0.0222991 0.873782
18.1481 0.502833 12.024 0.291619 0.405938 0.0182639 0.865945
18.1324 0.487086 12.0482 0.292129 0.423958 0.0143705 0.857168
18.1349 0.477914 12.0732 0.293055 0.442457 0.0105057 0.847504
18.1303 0.46749 12.0881 0.29387 0.46143 0.00658481 0.837081
18.1371 0.464436 12.1005 0.295098 0.480325 0.00271461 0.825966
18.1499 0.457935 12.1193 0.296633 0.498767 -0.00109199 0.81441
18.1446 0.444823 12.1479 0.298061 0.517301 -0.00482144 0.802222
18.1384 0.431953 12.176 0.299557 0.534771 -0.00818343 0.790091
18.0969 0.396756 12.2108 0.300108 0.551964 -0.011294 0.777926
18.0799 0.363011 12.2511 0.300808 0.567333 -0.0141606 0.766469
18.0388 0.332699 12.2802 0.301741 0.580812 -0.0170407 0.755875
18.0054 0.295504 12.3163 0.302337 0.592584 -0.0197974 0.746373
17.973 0.256153 12.3518 0.301585 0.602738 -0.0233209 0.738402
17.9229 0.207563 12.3896 0.300825 0.610484 -0.026321 0.732223
17.8765 0.147696 12.4391 0.300106 0.61594 -0.0282278 0.727863
17.8398 0.0802666 12.4829 0.299521 0.61829 -0.0290237 0.72608
17.8037 0.0127331 12.5456 0.299571 0.617825 -0.0286729 0.726468
17.7778 -0.0525068 12.6075 0.291884 0.617693 -0.0229583 0.729905
17.7561 -0.122537 12.6754 0.282935 0.615037 -0.0162242 0.735828
17.7265 -0.196427 12.7326 0.272859 0.610064 -0.00808078 0.743864
17.6996 -0.276432 12.7884 0.261656 0.602842 0.000983748 0.753754
17.6611 -0.36353 12.8403 0.249492 0.593533 0.0110305 0.765101
17.6016 -0.465501 12.8892 0.236453 0.582534 0.0219723 0.77736
17.5475 -0.573331 12.9397 0.222441 0.569959 0.0334538 0.7903
17.5019 -0.675947 12.9803 0.208405 0.555057 0.045652 0.804003
17.464 -0.77925 13.0272 0.194159 0.538851 0.0580054 0.817682
17.4071 -0.882603 13.0669 0.179776 0.521596 0.0701272 0.831099
17.3339 -0.994983 13.1067 0.165105 0.503799 0.0822804 0.843909
17.2692 -1.09956 13.1402 0.151024 0.484683 0.0940671 0.856417
17.2299 -1.18814 13.1609 0.137978 0.463979 0.105685 0.868644
17.1682 -1.29232 13.2022 0.124773 0.444564 0.116597 0.879332
17.0878 -1.4029 13.2574 0.111975 0.426069 0.126833 0.888744
16.9953 -1.51897 13.3247 0.0998769 0.408655 0.136231 0.896935
16.8862 -1.63991 13.4164 0.0884741 0.393111 0.144501 0.903759
16.7482 -1.75889 13.5491 0.078103 0.38115 0.150514 0.908843
16.6073 -1.85629 13.6904 0.0700165 0.370515 0.155314 0.913082
16.384 -1.92469 13.9313 0.0650572 0.369006 0.154212 0.914246
16.1737 -1.98994 14.1571 0.0616711 0.368147 0.153091 0.915015
15.9989 -2.07021 14.3395 0.0592425 0.366177 0.152707 0.91603
15.8451 -2.16267 14.5031 0.0578325 0.364772 0.152613 0.916696
15.7044 -2.25447 14.6538 0.057287 0.364333 0.152458 0.916931
15.5816 -2.37393 14.7875 0.0566733 0.364526 0.152221 0.916932
15.4667 -2.50501 14.9109 0.0567454 0.365566 0.151454 0.91664
15.3758 -2.59041 15.0753 0.0589331 0.368142 0.149357 0.915815
15.2614 -2.71698 15.2198 0.060688 0.372017 0.14721 0.914481
15.1613 -2.84275 15.3791 0.0627597 0.377103 0.144824 0.912638
15.1011 -2.90277 15.565 0.0682665 0.382071 0.140555 0.910842
15.0299 -2.96116 15.7606 0.0736835 0.388586 0.135905 0.908366
14.9566 -3.03157 15.9664 0.0789838 0.395994 0.130958 0.905444
14.8844 -3.06892 16.1703 0.0862339 0.403229 0.12494 0.902435
14.8216 -3.07754 16.3704 0.0952037 0.41015 0.118263 0.899309
14.7549 -3.08626 16.5714 0.103917 0.41751 0.111572 0.895806
14.6957 -3.09616 16.7565 0.112086 0.424263 0.10521 0.892411
14.6434 -3.10919 16.9437 0.119828 0.430846 0.0990097 0.888955
14.5994 -3.11478 17.1146 0.127558 0.436297 0.0930586 0.885858
14.5564 -3.1179 17.283 0.13498 0.441353 0.0875772 0.882808
14.4892 -3.12268 17.4081 0.141746 0.445189 0.0828285 0.880276
14.4523 -3.12315 17.5442 0.147651 0.447733 0.0784061 0.878418
14.394 -3.12745 17.6614 0.152399 0.449969 0.0749107 0.876768
14.3294 -3.1379 17.7323 0.155484 0.451645 0.0729533 0.875529
14.2608 -3.14173 17.8209 0.158586 0.453149 0.0703914 0.874404
14.2073 -3.14415 17.9244 0.161505 0.453487 0.0684076 0.873853
14.1501 -3.15372 18.0085 0.16316 0.453772 0.0667549 0.873525
14.111 -3.15267 18.0914 0.165013 0.452428 0.0655226 0.873968
14.0722 -3.1375 18.1798 0.167339 0.45089 0.0641931 0.874418
14.0204 -3.13315 18.2806 0.168458 0.450274 0.0628518 0.874619
13.9761 -3.12627 18.377 0.169331 0.449096 0.0620509 0.875112
13.9337 -3.12187 18.4801 0.169457 0.447975 0.0612902 0.875717
13.8913 -3.11702 18.5731 0.169104 0.446592 0.0608364 0.876522
13.8541 -3.11079 18.6625 0.1685 0.444867 0.0604266 0.877544
13.8201 -3.10192 18.7472 0.167625 0.442978 0.0598895 0.878702
13.7866 -3.09592 18.8359 0.166288 0.441294 0.0593801 0.879838
13.7529 -3.08768 18.9192 0.1646 0.439699 0.0586597 0.881001
13.7251 -3.07086 18.9966 0.16318 0.437843 0.0578039 0.882246
13.6964 -3.05624 19.0707 0.161297 0.436202 0.0567291 0.883473
13.6709 -3.04252 19.1468 0.158987 0.434997 0.0552967 0.884577
13.6461 -3.0288 19.2115 0.156479 0.433693 0.0539065 0.885748
13.6257 -3.01066 19.2685 0.153979 0.43231 0.0521886 0.886966
13.6025 -3.00123 19.3278 0.150545 0.43168 0.0502828 0.88797
13.5864 -2.9889 19.3746 0.147005 0.430657 0.0483586 0.889167
13.5743 -2.97117 19.4179 0.143433 0.429696 0.0461166 0.890333
13.5612 -2.95289 19.4589 0.139561 0.428954 0.0440479 0.891411
13.5422 -2.94025 19.5019 0.134909 0.42906 0.0417856 0.892184
13.5322 -2.92328 19.5359 0.130106 0.42871 0.0394843 0.893171
13.5253 -2.89249 19.5681 0.125677 0.428352 0.0368533 0.894088
13.5163 -2.86425 19.5975 0.120552 0.428314 0.0344807 0.894907
13.5105 -2.83724 19.623 0.114798 0.428264 0.0323565 0.895765
13.5023 -2.7987 19.6547 0.10918 0.428608 0.0299417 0.896388
13.4936 -2.77043 19.6803 0.102127 0.428697 0.0282725 0.89723
13.4894 -2.73605 19.6982 0.0947118 0.428249 0.0267825 0.898303
13.4838 -2.70774 19.7166 0.0861039 0.427824 0.0260403 0.899392
13.4785 -2.67948 19.733 0.0766031 0.427312 0.0257172 0.900505
13.4679 -2.62283 19.7502 0.0682598 0.426807 0.0247235 0.901441
13.4592 -2.56064 19.7659 0.0594517 0.426037 0.0242035 0.902444
13.45 -2.50432 19.7776 0.0492608 0.424398 0.0244584 0.903821
13.4342 -2.44567 19.7953 0.0381943 0.422653 0.0253631 0.905149
13.428 -2.38625 19.8173 0.0261183 0.419857 0.0270386 0.906829
13.4186 -2.33067 19.8401 0.0126562 0.416227 0.0295691 0.90871
13.4103 -2.26323 19.8663 -0.000786431 0.412154 0.0323373 0.910557
13.4129 -2.18382 19.8727 -0.0140545 0.405897 0.0353591 0.913145
13.4009 -2.10537 19.8942 -0.0276599 0.400467 0.0387124 0.915093
13.3874 -2.04863 19.9229 -0.042988 0.3948 0.0433343 0.916756
13.3726 -1.98043 19.9326 -0.057219 0.387693 0.0477801 0.918787
13.3524 -1.90961 19.96 -0.071099 0.381371 0.0519957 0.920234
13.3216 -1.84247 20.0076 -0.085009 0.376306 0.0558354 0.920914
13.2929 -1.80662 20.0784 -0.100756 0.372175 0.0609959 0.920678
13.263 -1.7538 20.1272 -0.113975 0.366681 0.0651497 0.921056
13.2197 -1.70829 20.2022 -0.127056 0.363053 0.0685832 0.920532
13.1719 -1.66591 20.2821 -0.13937 0.360057 0.0713679 0.919714
13.1405 -1.65877 20.3974 -0.15319 0.358444 0.0757633 0.917794
13.1109 -1.65989 20.518 -0.165684 0.357284 0.079995 0.915713
13.0766 -1.64793 20.6431 -0.175783 0.357046 0.0826156 0.913689
13.0296 -1.64057 20.7771 -0.183957 0.358303 0.0841858 0.911441
12.9845 -1.63354 20.9101 -0.189888 0.360058 0.0848501 0.90947
12.9492 -1.62857 21.0464 -0.193759 0.362411 0.0848511 0.907717
12.9119 -1.63226 21.2175 -0.19644 0.367761 0.0839247 0.905072
12.8783 -1.61402 21.3594 -0.194176 0.372474 0.0808624 0.903911
12.8362 -1.60463 21.5095 -0.189677 0.378876 0.0764612 0.902588
12.7943 -1.61124 21.6776 -0.183813 0.386943 0.0716046 0.900775
12.762 -1.6131 21.8644 -0.175771 0.396735 0.0657939 0.898562
12.7174 -1.59199 22.0242 -0.163282 0.405574 0.0576894 0.897527
12.6782 -1.57941 22.2083 -0.150135 0.415798 0.0493429 0.895641
12.6369 -1.57348 22.4087 -0.136083 0.427121 0.0407963 0.892983
12.6051 -1.57655 22.6066 -0.121312 0.437531 0.0328394 0.890398
12.5692 -1.57329 22.8274 -0.105466 0.449411 0.0242195 0.886767
12.5256 -1.57092 23.0523 -0.0889884 0.460939 0.0157256 0.88284
12.4787 -1.55803 23.2811 -0.0710404 0.472063 0.00714754 0.878689
12.4262 -1.54166 23.5181 -0.0526754 0.482885 -0.00117018 0.874119
12.3753 -1.5353 23.7739 -0.0358392 0.493853 -0.00829003 0.868788
12.3225 -1.50776 24.0333 -0.017301 0.503839 -0.0158171 0.863502
12.2659 -1.49392 24.2985 -0.000830847 0.512688 -0.0213125 0.858332
12.2083 -1.46245 24.5743 0.0160071 0.520773 -0.027209 0.853134
12.1641 -1.43989 24.8601 0.0308729 0.527824 -0.030806 0.848256
12.1189 -1.4323 25.1467 0.0428467 0.533096 -0.0315554 0.844403
12.0752 -1.35285 25.4953 0.0583151 0.541912 -0.0375295 0.837592
12.0251 -1.45707 25.7196 0.0569747 0.539391 -0.0231298 0.839831
11.9921 -1.36282 26.0577 0.0677354 0.545946 -0.0277982 0.834638
11.9473 -1.40947 26.3108 0.0663887 0.544353 -0.0147432 0.83612
