0 0 0 0 0 0 1
-0.0266803 0.048658 0.0401593 0.00144508 0.00130737 -0.000864841 0.999998
-0.0643091 0.0800278 0.0794152 0.00150705 0.0037402 -0.00286683 0.999988
-0.0936073 0.101491 0.112247 0.00130928 0.0057433 -0.00407758 0.999974
-0.120907 0.117809 0.140221 0.000771045 0.00798752 -0.00591455 0.99995
-0.146758 0.131468 0.167983 0.000589678 0.0102858 -0.0102412 0.999894
-0.165426 0.140663 0.184037 0.000108115 0.0127551 -0.0118952 0.999848
-0.175106 0.148533 0.197803 -0.000216845 0.014815 -0.014504 0.999785
-0.180804 0.148761 0.201724 -0.00128048 0.0171132 -0.0169391 0.999709
-0.182369 0.15105 0.203643 -0.00168228 0.0197761 -0.0190676 0.999621
-0.182779 0.150575 0.204946 -0.00239133 0.022104 -0.0211761 0.999528
-0.184188 0.154252 0.209009 -0.00215819 0.0244593 -0.0241613 0.999406
-0.190325 0.157169 0.21131 -0.00226221 0.0269342 -0.0258428 0.9993
-0.191604 0.155357 0.213836 -0.00305432 0.0287114 -0.0273755 0.999208
-0.194777 0.158973 0.217465 -0.00280796 0.0304982 -0.0285946 0.999122
-0.199343 0.164062 0.224877 -0.00210941 0.0321964 -0.0300995 0.999026
-0.204567 0.162729 0.227068 -0.00220751 0.0336928 -0.0306139 0.998961
-0.209686 0.165468 0.230343 -0.00170609 0.0350104 -0.0311581 0.998899
-0.213424 0.166169 0.234101 -0.00150405 0.0355285 -0.030826 0.998892
-0.221487 0.168665 0.243579 -0.000384759 0.0362492 -0.0303522 0.998882
-0.228791 0.169415 0.249492 0.000735178 0.0365935 -0.0291295 0.998905
-0.236464 0.168509 0.256139 0.00172266 0.036591 -0.0273517 0.998954
-0.246601 0.171085 0.265542 0.00358958 0.0365291 -0.025512 0.999001
-0.255613 0.172743 0.274364 0.00554702 0.0358405 -0.0230866 0.999075
-0.268964 0.173647 0.281177 0.00716509 0.0355199 -0.0199447 0.999144
-0.280155 0.176679 0.291246 0.00934187 0.0346366 -0.0172868 0.999207
-0.293621 0.176387 0.302098 0.0107975 0.0338755 -0.0135506 0.999276
-0.303719 0.180128 0.316284 0.013089 0.0325514 -0.0108253 0.999326
-0.318659 0.180367 0.324514 0.0149058 0.0315438 -0.00756815 0.999363
-0.333377 0.181212 0.337258 0.0163251 0.0304476 -0.00399187 0.999395
-0.351287 0.184079 0.349491 0.0180812 0.0298571 -0.00123635 0.99939
-0.365915 0.187634 0.362389 0.0192976 0.0282985 0.000215637 0.999413
-0.38044 0.189167 0.376477 0.0204316 0.0272839 0.00285207 0.999415
-0.398409 0.186502 0.389063 0.0196896 0.0267017 0.00524084 0.999436
-0.414769 0.193137 0.401733 0.0204675 0.0268167 0.00584614 0.999414
-0.426309 0.198619 0.412982 0.0202955 0.0267267 0.0058393 0.99942
-0.43909 0.202227 0.42141 0.019492 0.0270821 0.00655488 0.999422
-0.447561 0.204677 0.426735 0.0179434 0.0280793 0.00487789 0.999433
-0.451887 0.207256 0.429516 0.0157129 0.0293638 0.00274462 0.999442
-0.452284 0.207443 0.431668 0.0122637 0.0307751 0.000650041 0.999451
-0.458402 0.211476 0.436338 0.00856319 0.0333913 -0.00273125 0.999402
-0.465048 0.209974 0.439741 0.00266617 0.0362601 -0.00723712 0.999313
-0.469147 0.211231 0.446431 -0.0032999 0.0391815 -0.0116256 0.999159
-0.478969 0.217611 0.456705 -0.00947237 0.0430547 -0.0181988 0.998862
-0.489604 0.226657 0.468148 -0.0154413 0.0471573 -0.0259431 0.998432
-0.504368 0.232038 0.480434 -0.0227241 0.0517908 -0.0329434 0.997856
-0.519965 0.238004 0.492276 -0.0306529 0.0565903 -0.0412216 0.997076
-0.535139 0.245521 0.505822 -0.0387135 0.06137 -0.0492447 0.996148
-0.55458 0.250977 0.521789 -0.0473452 0.0666535 -0.0580784 0.994959
-0.575187 0.25598 0.541192 -0.0558432 0.0720803 -0.0667621 0.993594
-0.599536 0.261211 0.558404 -0.0645142 0.0777037 -0.0762878 0.991958
-0.626468 0.265474 0.579047 -0.0734369 0.0832894 -0.0855476 0.990127
-0.654744 0.267651 0.600442 -0.0826145 0.0887146 -0.0940161 0.988163
-0.685017 0.268473 0.622406 -0.0918789 0.0937601 -0.102615 0.986021
-0.718756 0.270419 0.647871 -0.100874 0.0989565 -0.110818 0.983744
-0.752125 0.273005 0.672449 -0.109234 0.10326 -0.118557 0.981504
-0.789762 0.278297 0.700379 -0.116169 0.107806 -0.126643 0.979206
-0.831429 0.27892 0.732781 -0.123626 0.11231 -0.132823 0.976965
-0.87299 0.281891 0.759585 -0.129475 0.116184 -0.139261 0.974856
-0.912476 0.283555 0.785869 -0.134994 0.118629 -0.14483 0.973
-0.954215 0.283156 0.817291 -0.140259 0.120758 -0.149124 0.971343
-0.999963 0.280562 0.850166 -0.144149 0.12343 -0.14816 0.970585
-1.04954 0.276497 0.884928 -0.148105 0.125008 -0.148003 0.969811
-1.10569 0.269735 0.924375 -0.151389 0.12673 -0.146801 0.969263
-1.16249 0.270295 0.965331 -0.153142 0.12747 -0.147069 0.96885
-1.23127 0.264686 1.00956 -0.154895 0.128753 -0.146714 0.968455
-1.30378 0.260967 1.05451 -0.15596 0.128861 -0.146969 0.968231
-1.38441 0.256983 1.1073 -0.156281 0.129141 -0.147987 0.967987
-1.46133 0.250948 1.16343 -0.156528 0.128079 -0.148705 0.967979
-1.55447 0.241517 1.22238 -0.157136 0.128071 -0.150696 0.967573
-1.65235 0.229944 1.28302 -0.158057 0.127417 -0.154294 0.966942
-1.74749 0.220995 1.34479 -0.158303 0.126289 -0.157056 0.966605
-1.85592 0.214867 1.4109 -0.157826 0.125942 -0.157646 0.966632
-1.97046 0.210483 1.47413 -0.156598 0.124913 -0.155064 0.967383
-2.0845 0.205827 1.54924 -0.155002 0.123567 -0.151879 0.968318
-2.20328 0.201134 1.62532 -0.153186 0.122235 -0.148303 0.969329
-2.32523 0.197047 1.70616 -0.151019 0.12078 -0.145068 0.970341
-2.44789 0.194038 1.78362 -0.148537 0.119199 -0.141442 0.971454
-2.56083 0.191242 1.86288 -0.146602 0.117791 -0.138403 0.972357
-2.66909 0.187276 1.92581 -0.144881 0.11694 -0.135527 0.973123
-2.76657 0.186582 1.98886 -0.142995 0.115879 -0.132522 0.973942
-2.85986 0.184227 2.04807 -0.141749 0.115275 -0.12982 0.97456
-2.94424 0.183076 2.10295 -0.140557 0.114586 -0.127577 0.97511
-3.01986 0.181371 2.14588 -0.139759 0.113952 -0.125505 0.975567
-3.08998 0.182083 2.18697 -0.138848 0.113552 -0.123469 0.976004
-3.15181 0.182279 2.22557 -0.138343 0.113383 -0.121525 0.976339
-3.2044 0.182533 2.25656 -0.137904 0.113225 -0.119868 0.976625
-3.24951 0.182554 2.28463 -0.13768 0.113343 -0.118361 0.976826
-3.28434 0.182995 2.30888 -0.137455 0.112912 -0.116786 0.977097
-3.31437 0.182405 2.32327 -0.137603 0.112832 -0.115551 0.977233
-3.33292 0.182557 2.33524 -0.137623 0.112396 -0.114102 0.97745
-3.3469 0.182815 2.34279 -0.137815 0.112293 -0.112879 0.977577
-3.3488 0.182619 2.34477 -0.138028 0.111563 -0.111479 0.977791
-3.35737 0.181656 2.35039 -0.138569 0.110917 -0.110283 0.977924
-3.37133 0.182141 2.35939 -0.139029 0.110218 -0.109073 0.978074
-3.39102 0.182234 2.37063 -0.139542 0.109741 -0.107613 0.978215
-3.41475 0.184396 2.38358 -0.139749 0.108919 -0.106112 0.978442
-3.44182 0.184723 2.39958 -0.140226 0.107534 -0.104601 0.978689
-3.47317 0.185276 2.42023 -0.140841 0.10608 -0.102773 0.978954
-3.50948 0.185712 2.44116 -0.141271 0.104437 -0.101048 0.979248
-3.55267 0.187294 2.4681 -0.141636 0.102665 -0.0989497 0.979597
-3.60026 0.189071 2.49492 -0.14192 0.100455 -0.0968017 0.979999
-3.65609 0.194768 2.52585 -0.14193 0.0984609 -0.0946805 0.980408
-3.71665 0.199045 2.56002 -0.142189 0.0958242 -0.0921819 0.980869
-3.78076 0.20275 2.59776 -0.142529 0.0929085 -0.0899377 0.981309
-3.85467 0.208137 2.6452 -0.142846 0.0899244 -0.0868459 0.981819
-3.93939 0.217319 2.69111 -0.143036 0.0875196 -0.0841042 0.982247
-4.01644 0.226272 2.74203 -0.143212 0.0832883 -0.0816547 0.982796
-4.11545 0.239141 2.79461 -0.143109 0.0801922 -0.0786998 0.98331
-4.22174 0.254996 2.85455 -0.142717 0.0772229 -0.0756006 0.983847
-4.33349 0.271173 2.90609 -0.142559 0.0735875 -0.0725832 0.984376
-4.46175 0.288117 2.96204 -0.142359 0.0708491 -0.069967 0.984795
-4.58912 0.303177 3.01605 -0.141807 0.0669856 -0.0673777 0.985326
-4.71333 0.312179 3.06841 -0.141773 0.0638215 -0.0645513 0.985729
-4.82427 0.317412 3.10945 -0.141583 0.0597798 -0.0626496 0.986133
-4.93128 0.318192 3.14795 -0.141372 0.0565693 -0.0602527 0.986502
-5.01909 0.314834 3.1761 -0.141338 0.0523454 -0.0589326 0.98682
-5.11017 0.310329 3.20284 -0.141468 0.0493699 -0.0571162 0.987061
-5.19369 0.304486 3.2248 -0.141545 0.0470789 -0.0552847 0.987266
-5.26745 0.298704 3.24686 -0.141734 0.0446513 -0.054265 0.987408
-5.33245 0.292188 3.26053 -0.141944 0.0422585 -0.0528181 0.987562
-5.38957 0.289081 3.2755 -0.141805 0.0405663 -0.0518102 0.987706
-5.4355 0.284034 3.28762 -0.141923 0.038925 -0.050672 0.987814
-5.47195 0.279648 3.29657 -0.142132 0.0377093 -0.0499292 0.987869
-5.50054 0.277521 3.30288 -0.142064 0.0369132 -0.0495067 0.98793
-5.51772 0.27487 3.30872 -0.142365 0.036185 -0.0495652 0.987911
-5.52954 0.273222 3.3114 -0.142913 0.0356153 -0.0502771 0.987817
-5.53197 0.274629 3.30957 -0.1427 0.035691 -0.050945 0.98781
-5.53727 0.27295 3.31279 -0.143244 0.0355388 -0.0519082 0.987687
-5.55291 0.272831 3.31301 -0.143151 0.0358592 -0.0528229 0.98764
-5.5748 0.27203 3.31796 -0.143306 0.0366422 -0.0543417 0.987507
-5.60123 0.269777 3.32313 -0.143517 0.0373565 -0.0557658 0.98737
-5.63237 0.2676 3.33084 -0.143718 0.0384545 -0.0575237 0.987198
-5.67071 0.264561 3.33954 -0.144081 0.0395635 -0.0594051 0.98699
-5.71906 0.262279 3.34848 -0.144211 0.0412779 -0.0620089 0.98674
-5.77229 0.257983 3.36168 -0.144641 0.0430619 -0.0648284 0.98642
-5.82848 0.25308 3.3704 -0.145036 0.0448033 -0.0671073 0.986132
-5.89443 0.248576 3.38259 -0.145247 0.0467051 -0.0701164 0.985803
-5.95851 0.242014 3.39821 -0.145738 0.0484474 -0.072929 0.985442
-6.03614 0.237864 3.41373 -0.146082 0.0508922 -0.0770051 0.984958
-6.12227 0.233856 3.43174 -0.146536 0.0537669 -0.080221 0.984481
-6.21176 0.229082 3.45194 -0.146921 0.0567344 -0.0835525 0.98398
-6.31187 0.226832 3.47125 -0.147452 0.0602682 -0.0872481 0.98337
-6.41895 0.226209 3.49243 -0.148061 0.0636576 -0.0914906 0.982679
-6.52518 0.225015 3.5136 -0.149278 0.066773 -0.0959455 0.981863
-6.63569 0.227922 3.53142 -0.149951 0.0703165 -0.0996635 0.981142
-6.74834 0.231024 3.54547 -0.150912 0.0739007 -0.103355 0.980349
-6.86141 0.236184 3.55954 -0.152048 0.077376 -0.107384 0.979472
-6.97537 0.242677 3.57581 -0.153191 0.0806632 -0.110871 0.97864
-7.09026 0.25017 3.58928 -0.154085 0.0837008 -0.113821 0.977906
-7.21135 0.257196 3.60579 -0.155447 0.0870014 -0.116676 0.977065
-7.33225 0.26461 3.61799 -0.15688 0.0897665 -0.119243 0.976276
-7.45272 0.272879 3.6315 -0.15819 0.0925613 -0.121225 0.975559
-7.57654 0.278746 3.64553 -0.160342 0.0948528 -0.123822 0.974661
-7.70442 0.287753 3.65464 -0.161506 0.0970692 -0.124823 0.974123
-7.83586 0.294302 3.66543 -0.163332 0.0993075 -0.125739 0.973475
-7.96952 0.300383 3.67233 -0.165287 0.10091 -0.126061 0.972938
-8.10111 0.30655 3.68104 -0.167235 0.101961 -0.125762 0.972534
-8.23816 0.313018 3.68935 -0.169453 0.102921 -0.125046 0.972142
-8.37449 0.318626 3.69972 -0.171645 0.103468 -0.123262 0.971927
-8.51138 0.324365 3.7082 -0.174016 0.103396 -0.121286 0.971761
-8.65619 0.331051 3.7196 -0.176602 0.103343 -0.11828 0.971671
-8.80534 0.335089 3.73266 -0.179582 0.102922 -0.114393 0.971635
-8.95785 0.340419 3.7447 -0.182283 0.102226 -0.109734 0.971743
-9.09978 0.344042 3.75581 -0.185143 0.100705 -0.104516 0.971936
-9.23265 0.348754 3.76859 -0.187661 0.0988234 -0.0984852 0.972276
-9.35227 0.35364 3.78367 -0.190215 0.0967355 -0.0927001 0.972558
-9.47446 0.354317 3.8027 -0.193439 0.0947042 -0.085866 0.97275
-9.57969 0.355781 3.81481 -0.196253 0.091382 -0.0786809 0.973112
-9.67494 0.357525 3.82472 -0.198749 0.0875993 -0.0712233 0.973527
-9.76217 0.356327 3.83318 -0.201314 0.0830639 -0.0631898 0.973952
-9.84393 0.356944 3.84462 -0.20355 0.078721 -0.0553121 0.974327
-9.92312 0.359216 3.85879 -0.205608 0.0745003 -0.0477932 0.974625
-9.99291 0.359066 3.87322 -0.208241 0.0697985 -0.0395492 0.974783
-10.0568 0.358249 3.8883 -0.210604 0.0655645 -0.0318624 0.974851
-10.1158 0.358098 3.90127 -0.212552 0.0613268 -0.0246139 0.974914
-10.1666 0.358425 3.91281 -0.214044 0.0569445 -0.0175371 0.975007
-10.2075 0.358052 3.91964 -0.215665 0.0520718 -0.0104161 0.975024
-10.2403 0.357374 3.92484 -0.217139 0.0463796 -0.00376741 0.975033
-10.2711 0.357809 3.92843 -0.21792 0.0411055 0.00198644 0.9751
-10.2877 0.356972 3.92805 -0.218907 0.0352771 0.00810169 0.975076
-10.2908 0.355157 3.92746 -0.219773 0.0283232 0.0135994 0.975047
-10.286 0.353573 3.92264 -0.220193 0.0212379 0.0180921 0.975059
-10.2923 0.352566 3.92272 -0.220535 0.0144753 0.0225061 0.975013
-10.3084 0.350888 3.92462 -0.220901 0.00737243 0.0264788 0.974911
-10.3353 0.350323 3.93262 -0.221025 0.000902836 0.0294161 0.974826
-10.3682 0.349924 3.94129 -0.220968 -0.00535035 0.0319171 0.974746
-10.4116 0.351732 3.95353 -0.220564 -0.0113279 0.0342155 0.974708
-10.463 0.353406 3.97027 -0.220221 -0.0166578 0.0361023 0.974641
-10.5149 0.354318 3.9896 -0.219936 -0.0223803 0.0373479 0.974544
-10.5779 0.357369 4.00873 -0.219448 -0.0271026 0.0383267 0.974496
-10.6441 0.360045 4.0328 -0.219052 -0.0316276 0.0386198 0.974437
-10.7301 0.365426 4.05637 -0.218161 -0.0345117 0.0383837 0.974549
-10.8168 0.369966 4.08024 -0.217744 -0.0368374 0.0377915 0.97458
-10.904 0.375148 4.11119 -0.217221 -0.0393849 0.0364108 0.974649
-11.0052 0.38152 4.14376 -0.217054 -0.0406521 0.0348814 0.97469
-11.1189 0.388407 4.17988 -0.216785 -0.040544 0.0327911 0.974828
-11.238 0.396005 4.21467 -0.216629 -0.0394221 0.0299666 0.974999
-11.3667 0.401901 4.24992 -0.217064 -0.0364841 0.0270524 0.975102
-11.501 0.407924 4.28978 -0.217845 -0.0326565 0.0236307 0.975152
-11.6301 0.412781 4.32709 -0.218926 -0.0269928 0.0199732 0.975166
-11.7508 0.418423 4.36175 -0.221354 -0.0175224 0.0148905 0.974924
-11.8671 0.422364 4.39451 -0.223625 -0.00767693 0.00947167 0.974601
-11.9732 0.424738 4.42532 -0.226114 0.00164793 0.00438282 0.974091
-12.0732 0.425581 4.45191 -0.22881 0.0109046 -0.000658017 0.973412
-12.1695 0.424245 4.48302 -0.231974 0.0205318 -0.00570294 0.97249
-12.2537 0.424177 4.50772 -0.234618 0.0297999 -0.0107932 0.971573
-12.3283 0.421968 4.53176 -0.237549 0.0387544 -0.0158015 0.970475
-12.3984 0.419531 4.55169 -0.240336 0.048055 -0.0207962 0.969279
-12.4608 0.41787 4.57009 -0.24294 0.057273 -0.0256279 0.968011
-12.5149 0.414761 4.58792 -0.245807 0.066269 -0.0308777 0.96656
-12.5598 0.411846 4.60117 -0.248694 0.074995 -0.0358114 0.965012
-12.5976 0.409173 4.61353 -0.251594 0.0841036 -0.0407148 0.963314
-12.629 0.40818 4.6239 -0.254167 0.0932547 -0.0455709 0.961577
-12.6491 0.406124 4.63389 -0.256983 0.101972 -0.0507126 0.959684
-12.6657 0.406916 4.64087 -0.25932 0.111312 -0.0558124 0.957732
-12.6717 0.407308 4.6451 -0.261994 0.120016 -0.0609177 0.95564
-12.6723 0.409103 4.64597 -0.26453 0.128975 -0.0657415 0.953452
-12.6744 0.41078 4.64711 -0.266899 0.137273 -0.0708436 0.951266
-12.6828 0.411274 4.65265 -0.269346 0.145716 -0.0761473 0.948907
-12.6949 0.410603 4.65804 -0.272066 0.153867 -0.0812938 0.946414
-12.7124 0.408914 4.66504 -0.272667 0.146423 -0.0814982 0.947404
-12.7329 0.406545 4.673 -0.273325 0.139016 -0.0817387 0.948309
-12.7553 0.403162 4.68593 -0.27405 0.131204 -0.0820938 0.949182
-12.7791 0.398524 4.70106 -0.274902 0.122775 -0.0826357 0.950016
-12.8065 0.394321 4.72167 -0.275518 0.11447 -0.0832737 0.950818
-12.8348 0.387766 4.74837 -0.276524 0.106295 -0.0835259 0.951453
-12.8657 0.383376 4.78054 -0.276937 0.0989329 -0.0843141 0.952057
-12.8876 0.37727 4.82115 -0.277849 0.0905464 -0.0846725 0.952594
-12.9156 0.372345 4.86441 -0.278335 0.0837267 -0.0847393 0.95307
-12.9297 0.367787 4.91816 -0.279078 0.075641 -0.0850767 0.953499
-12.9452 0.363651 4.97309 -0.279797 0.0682715 -0.0851089 0.953841
-12.9571 0.360039 5.03432 -0.280385 0.0603949 -0.0855484 0.954161
-12.9559 0.356694 5.09586 -0.281234 0.0519936 -0.0857535 0.954387
-12.9582 0.354795 5.16019 -0.281567 0.0438123 -0.0858799 0.954688
-12.9523 0.352972 5.23383 -0.282309 0.0356126 -0.0861253 0.954788
-12.9426 0.351942 5.31112 -0.282701 0.0271695 -0.0864555 0.95492
-12.9349 0.350705 5.39299 -0.28321 0.019008 -0.0867574 0.954939
-12.9181 0.35123 5.47312 -0.283633 0.0115925 -0.0865799 0.954948
-12.9033 0.351004 5.55922 -0.284538 0.00396322 -0.0865362 0.954745
-12.8946 0.35191 5.64349 -0.284908 -0.00181685 -0.0861519 0.954676
-12.8654 0.351292 5.74081 -0.285089 -0.00948668 -0.0840535 0.954764
-12.8473 0.353182 5.83141 -0.284933 -0.0138446 -0.0808567 0.955033
-12.814 0.353792 5.93487 -0.284741 -0.0197511 -0.0783487 0.955195
-12.7854 0.35527 6.0333 -0.284857 -0.0234417 -0.0753037 0.955323
-12.7499 0.357915 6.13313 -0.284456 -0.027736 -0.0724128 0.95555
-12.7075 0.358884 6.25006 -0.284541 -0.0316891 -0.0693846 0.955627
-12.6654 0.361375 6.36626 -0.284138 -0.0356524 -0.0666988 0.955798
-12.6199 0.363824 6.48366 -0.284262 -0.038678 -0.063195 0.955882
-12.5745 0.365845 6.6049 -0.284216 -0.0414323 -0.0597338 0.956003
-12.5143 0.368305 6.73515 -0.283933 -0.0448139 -0.0559629 0.956163
-12.4655 0.370013 6.87038 -0.284396 -0.0447735 -0.0516405 0.95627
-12.4084 0.373422 6.9976 -0.283852 -0.0463914 -0.0473082 0.956579
-12.3461 0.37607 7.12305 -0.283291 -0.0496826 -0.0425473 0.956803
-12.2844 0.37776 7.24084 -0.283489 -0.053884 -0.0388829 0.956673
-12.2275 0.378458 7.36587 -0.283595 -0.0570431 -0.0342967 0.956634
-12.1748 0.380435 7.48806 -0.283598 -0.059941 -0.0290995 0.956628
-12.1347 0.382314 7.58878 -0.283808 -0.0593416 -0.023031 0.956769
-12.0816 0.384752 7.69857 -0.283431 -0.0622702 -0.0168138 0.956824
-12.0304 0.386273 7.80836 -0.283294 -0.0653177 -0.0110489 0.956745
-11.9898 0.387529 7.90238 -0.283367 -0.064429 -0.00346483 0.956841
-11.9378 0.387624 8.00452 -0.283354 -0.0689823 0.00208872 0.956531
-11.8858 0.385513 8.10353 -0.284231 -0.0742888 0.00779576 0.955844
-11.83 0.379291 8.19704 -0.286809 -0.0820619 0.011831 0.954396
-11.7824 0.380568 8.28607 -0.286432 -0.0888237 0.0179472 0.953808
-11.7363 0.383271 8.36899 -0.284653 -0.0952537 0.0253 0.953554
-11.6884 0.383397 8.4565 -0.284782 -0.102749 0.0319668 0.952536
-11.6413 0.384942 8.53681 -0.283962 -0.110868 0.0379016 0.951653
-11.6057 0.387637 8.59695 -0.282639 -0.11652 0.04504 0.95106
-11.5624 0.390801 8.66568 -0.280809 -0.123163 0.0513396 0.950445
-11.521 0.39279 8.73023 -0.279369 -0.129176 0.0574098 0.949724
-11.4823 0.394784 8.7942 -0.278197 -0.134226 0.0632157 0.948999
-11.4398 0.395808 8.85296 -0.277422 -0.139568 0.0689916 0.948052
-11.4064 0.398815 8.90387 -0.275637 -0.14263 0.0735534 0.947774
-11.3874 0.401337 8.9402 -0.274174 -0.139337 0.0792144 0.948232
-11.3498 0.403219 8.99228 -0.273019 -0.144878 0.077457 0.94788
-11.3135 0.406775 9.03768 -0.271461 -0.149579 0.0774034 0.947602
-11.2793 0.407793 9.08289 -0.271376 -0.153042 0.0763681 0.947157
-11.246 0.407739 9.12285 -0.271825 -0.155205 0.0751301 0.946775
-11.2129 0.408153 9.15986 -0.271901 -0.15653 0.0744796 0.946587
-11.1872 0.407926 9.19244 -0.273469 -0.156151 0.0739831 0.946237
-11.1678 0.410916 9.21462 -0.274366 -0.151053 0.0642285 0.947516
-11.149 0.415626 9.24406 -0.275159 -0.146249 0.0533431 0.948715
-11.1315 0.418787 9.27051 -0.275668 -0.14289 0.0423522 0.949632
-11.1113 0.420921 9.29379 -0.276259 -0.139316 0.0318965 0.9504
-11.094 0.422042 9.31412 -0.277345 -0.136585 0.0227285 0.950744
-11.0823 0.423127 9.32899 -0.278499 -0.133526 0.0117226 0.95104
-11.0759 0.424985 9.33989 -0.280215 -0.130686 0.0014723 0.951002
-11.0751 0.427743 9.34204 -0.281072 -0.126626 -0.00883133 0.951258
-11.0733 0.429755 9.34552 -0.282305 -0.122872 -0.0195191 0.951226
-11.0714 0.43239 9.34958 -0.283253 -0.119041 -0.0298422 0.951164
-11.0678 0.435105 9.35271 -0.283864 -0.116161 -0.0405048 0.950943
-11.066 0.437483 9.35876 -0.28467 -0.111526 -0.050572 0.950775
-11.0622 0.440051 9.36278 -0.285081 -0.107308 -0.0608902 0.950532
-11.0553 0.442369 9.36983 -0.285718 -0.104078 -0.0707458 0.950018
-11.0499 0.444319 9.37671 -0.286247 -0.099729 -0.080877 0.949516
-11.044 0.446751 9.38559 -0.286635 -0.097672 -0.091611 0.948638
-11.0365 0.448237 9.39375 -0.287309 -0.0941163 -0.101934 0.94774
-11.0308 0.449119 9.40079 -0.288135 -0.0912441 -0.112398 0.946586
-11.0255 0.449468 9.40793 -0.288928 -0.087765 -0.123942 0.945231
-11.0154 0.448881 9.41754 -0.28985 -0.0853353 -0.134042 0.943792
-11.005 0.448527 9.42323 -0.289355 -0.0843744 -0.140145 0.943144
-10.9993 0.448017 9.43306 -0.289057 -0.0830849 -0.144516 0.94269
-10.9926 0.445551 9.44318 -0.289013 -0.0817579 -0.147561 0.942347
-10.9878 0.442906 9.45581 -0.288904 -0.080348 -0.150122 0.942098
-10.978 0.440453 9.46772 -0.288391 -0.0803408 -0.151639 0.942012
-10.9696 0.435936 9.48231 -0.288521 -0.0804115 -0.152134 0.941887
-10.9616 0.433161 9.49554 -0.28767 -0.0803073 -0.151715 0.942224
-10.9486 0.430173 9.5077 -0.286806 -0.0813359 -0.151018 0.942511
-10.94 0.425603 9.52378 -0.286607 -0.0818646 -0.14979 0.942721
-10.9291 0.421494 9.54121 -0.28597 -0.0830832 -0.147986 0.943093
-10.9158 0.41649 9.55546 -0.285637 -0.0844189 -0.145952 0.943392
-10.9054 0.41227 9.57226 -0.285257 -0.0850632 -0.143818 0.943777
-10.8921 0.406742 9.5897 -0.28517 -0.0864079 -0.141458 0.944038
-10.8784 0.401796 9.60644 -0.285068 -0.0873995 -0.138955 0.944349
-10.8643 0.397146 9.62761 -0.285015 -0.0881152 -0.136825 0.944609
-10.8497 0.392852 9.64289 -0.284889 -0.0889889 -0.134854 0.944849
-10.8349 0.38664 9.66311 -0.285647 -0.089416 -0.133079 0.944831
-10.815 0.381804 9.68081 -0.285786 -0.0903068 -0.131358 0.944946
-10.799 0.376573 9.7013 -0.28683 -0.089832 -0.130664 0.944771
-10.7796 0.372009 9.72288 -0.287555 -0.089302 -0.129953 0.944699
-10.7618 0.366119 9.74644 -0.289248 -0.0882994 -0.129977 0.944273
-10.7398 0.361373 9.76906 -0.290796 -0.087464 -0.13125 0.943699
-10.72 0.35652 9.79265 -0.292575 -0.0859307 -0.132908 0.943058
-10.6992 0.351834 9.81476 -0.294491 -0.0832177 -0.134566 0.942469
-10.6769 0.34655 9.84156 -0.296765 -0.0809286 -0.136929 0.941614
-10.6561 0.341898 9.8649 -0.298948 -0.0780459 -0.139613 0.940773
-10.6324 0.33667 9.88956 -0.301396 -0.0748908 -0.143144 0.939717
-10.607 0.331409 9.91461 -0.303476 -0.0711182 -0.146377 0.938842
-10.5805 0.325024 9.93779 -0.305883 -0.0672823 -0.150102 0.937755
-10.5489 0.31735 9.97617 -0.308285 -0.0630078 -0.153841 0.936659
-10.5096 0.309541 10.0215 -0.310328 -0.0583881 -0.157614 0.935656
-10.4686 0.300383 10.0728 -0.31231 -0.0521021 -0.160872 0.934812
-10.4197 0.290143 10.1296 -0.314338 -0.0464734 -0.164661 0.933769
-10.3678 0.279868 10.1937 -0.315814 -0.0396533 -0.16802 0.932987
-10.3153 0.268115 10.2682 -0.317656 -0.0317937 -0.170883 0.932142
-10.2677 0.256038 10.3454 -0.319338 -0.0227497 -0.173252 0.931395
-10.2123 0.244645 10.4074 -0.320044 -0.0146236 -0.175458 0.930902
-10.1458 0.231312 10.4795 -0.32081 -0.00689349 -0.177843 0.930275
-10.0639 0.217713 10.5737 -0.32073 0.00117336 -0.179372 0.930034
-9.97936 0.204738 10.6613 -0.320062 0.00903558 -0.180574 0.929988
-9.88643 0.18978 10.7347 -0.319438 0.01772 -0.177465 0.930676
-9.78171 0.176289 10.8122 -0.317574 0.0249861 -0.175216 0.931573
-9.68607 0.165 10.9106 -0.31565 0.0344221 -0.171925 0.932539
-9.58743 0.154279 11.0138 -0.313547 0.0446215 -0.168409 0.933457
-9.48559 0.146434 11.1014 -0.311411 0.0544178 -0.165775 0.934124
-9.37841 0.140884 11.17 -0.307866 0.0622327 -0.162967 0.935304
-9.27889 0.135689 11.2525 -0.304472 0.0717608 -0.159615 0.93631
-9.17718 0.131525 11.3325 -0.301073 0.0810452 -0.156572 0.937165
-9.07482 0.128148 11.4079 -0.297945 0.0896858 -0.153956 0.937811
-8.97593 0.126409 11.4818 -0.294984 0.0984653 -0.151786 0.93822
-8.87878 0.127063 11.5478 -0.291621 0.106437 -0.149954 0.938695
-8.78874 0.130503 11.6178 -0.287703 0.114782 -0.148141 0.939209
-8.69689 0.135608 11.6848 -0.283225 0.122096 -0.145336 0.940085
-8.61993 0.141804 11.7591 -0.28019 0.130809 -0.14554 0.939791
-8.53932 0.148975 11.8335 -0.276929 0.138242 -0.144261 0.939891
-8.46721 0.160304 11.9043 -0.272733 0.145595 -0.142661 0.940252
-8.39975 0.172099 11.9626 -0.269864 0.152319 -0.142797 0.939993
-8.33842 0.18557 12.0321 -0.266811 0.158425 -0.142492 0.939902
-8.285 0.200134 12.1017 -0.263632 0.16423 -0.141559 0.939943
-8.23137 0.217253 12.1734 -0.26025 0.170098 -0.140993 0.939928
-8.18081 0.23479 12.2435 -0.256781 0.175069 -0.139906 0.940131
-8.13215 0.251876 12.3126 -0.253235 0.179106 -0.137909 0.940628
-8.0922 0.269553 12.3809 -0.250356 0.183448 -0.136872 0.940713
-8.05618 0.287328 12.433 -0.247647 0.187335 -0.13644 0.940727
-8.01659 0.304247 12.4918 -0.244922 0.18963 -0.136325 0.940997
-7.9843 0.319929 12.5569 -0.242506 0.193018 -0.136226 0.940948
-7.94543 0.334688 12.6135 -0.239331 0.19541 -0.135533 0.941367
-7.90579 0.344786 12.6689 -0.237819 0.197556 -0.136314 0.94119
-7.87569 0.35466 12.7127 -0.235393 0.199941 -0.136228 0.941308
-7.83603 0.360784 12.7072 -0.233358 0.202522 -0.136597 0.94121
-7.80558 0.360122 12.6633 -0.231802 0.206151 -0.136181 0.940867
-7.78301 0.360562 12.6147 -0.229895 0.209872 -0.135168 0.940658
-7.76557 0.360151 12.5696 -0.228625 0.214047 -0.13511 0.940035
-7.75125 0.360255 12.5234 -0.227356 0.217897 -0.134727 0.939514
-7.73974 0.360632 12.4847 -0.226164 0.222354 -0.134603 0.938774
-7.72938 0.360086 12.4544 -0.225484 0.227731 -0.13389 0.93775
-7.70995 0.359586 12.4249 -0.224383 0.232543 -0.132063 0.937092
-7.69811 0.359592 12.396 -0.22368 0.238937 -0.130131 0.935921
-7.68343 0.359419 12.3687 -0.222419 0.243601 -0.126327 0.935541
-7.6711 0.359673 12.3447 -0.222122 0.250552 -0.124967 0.933957
-7.66051 0.360057 12.3185 -0.221955 0.25703 -0.124208 0.932336
-7.65363 0.361134 12.2908 -0.221828 0.263256 -0.123847 0.930676
-7.64051 0.360436 12.2707 -0.221819 0.268617 -0.121728 0.929425
-7.63205 0.361671 12.2532 -0.220851 0.276252 -0.120233 0.92761
-7.62196 0.361639 12.2384 -0.220519 0.283724 -0.116993 0.925847
-7.60962 0.361488 12.2128 -0.221139 0.289654 -0.117169 0.923838
-7.60413 0.36156 12.2037 -0.221067 0.299793 -0.112668 0.921177
-7.60065 0.36131 12.1989 -0.221524 0.310362 -0.108845 0.918021
-7.59582 0.361059 12.1923 -0.221642 0.318059 -0.101419 0.916207
-7.59206 0.358786 12.1931 -0.223256 0.327746 -0.0976875 0.9128
-7.59086 0.35592 12.1944 -0.225045 0.338093 -0.0913466 0.909236
-7.58662 0.350803 12.1872 -0.22798 0.345349 -0.0858048 0.906313
-7.58525 0.353169 12.1896 -0.226496 0.357182 -0.0822928 0.902417
-7.58054 0.351195 12.1842 -0.226992 0.366356 -0.0786131 0.898935
-7.57355 0.346968 12.1758 -0.229404 0.371301 -0.0760791 0.896509
-7.56821 0.346029 12.171 -0.229886 0.382368 -0.0727812 0.891996
-7.55661 0.348997 12.1549 -0.227049 0.388363 -0.0692885 0.89041
-7.55452 0.346618 12.1476 -0.22597 0.398288 -0.0638695 0.886697
-7.54499 0.350052 12.138 -0.224936 0.406545 -0.0617267 0.883359
-7.53206 0.348274 12.1259 -0.221873 0.414871 -0.0549749 0.880704
-7.52628 0.345442 12.1156 -0.221023 0.423886 -0.0501658 0.876904
-7.51456 0.33971 12.1093 -0.2203 0.432483 -0.0418229 0.873318
-7.50651 0.33867 12.0898 -0.21847 0.437458 -0.0364247 0.87154
-7.49583 0.338657 12.0712 -0.215883 0.442796 -0.030074 0.869729
-7.48536 0.338548 12.0566 -0.214843 0.448817 -0.0253084 0.867049
-7.47631 0.339653 12.0435 -0.214805 0.454176 -0.0181606 0.864442
-7.46707 0.340787 12.03 -0.21578 0.458849 -0.0141908 0.861802
-7.46164 0.345741 11.998 -0.213084 0.459949 -0.0151906 0.86187
-7.45609 0.3512 11.9685 -0.213282 0.460639 -0.017026 0.861418
-7.45005 0.357515 11.9342 -0.213129 0.460558 -0.0194869 0.861446
-7.44234 0.366594 11.9204 -0.208782 0.466627 -0.021148 0.859203
-7.43583 0.370112 11.8956 -0.205334 0.468145 -0.0227357 0.859167
-7.43086 0.3759 11.8847 -0.203583 0.472521 -0.0251438 0.85712
-7.42777 0.378094 11.8708 -0.201175 0.474781 -0.0271396 0.856378
-7.42517 0.379296 11.8599 -0.199994 0.476674 -0.0282763 0.855566
-7.42263 0.380638 11.8525 -0.197478 0.47936 -0.0307374 0.854564
-7.41993 0.3823 11.8463 -0.193424 0.48149 -0.0322371 0.854239
-7.42043 0.381551 11.8446 -0.192069 0.483442 -0.0341157 0.853368
-7.42099 0.3824 11.8441 -0.188986 0.485112 -0.0352937 0.853061
-7.41905 0.384185 11.8401 -0.185994 0.48771 -0.0374618 0.852144
-7.41567 0.385919 11.8387 -0.184176 0.492285 -0.0386607 0.849852
-7.41244 0.38783 11.8219 -0.180905 0.492906 -0.0404707 0.85011
-7.4083 0.38781 11.8057 -0.179283 0.494595 -0.0423811 0.84938
-7.40164 0.389077 11.7845 -0.176608 0.496798 -0.0439636 0.848573
-7.39343 0.393932 11.7597 -0.173225 0.499332 -0.0467001 0.847637
-7.38482 0.397492 11.733 -0.170235 0.502 -0.0490313 0.846534
-7.37432 0.402261 11.7012 -0.167353 0.504602 -0.0516267 0.845407
-7.36111 0.408895 11.6669 -0.162512 0.507968 -0.0538435 0.844197
-7.34772 0.414106 11.6271 -0.159353 0.510935 -0.0566236 0.842826
-7.33339 0.420364 11.5844 -0.156803 0.514247 -0.0600499 0.841051
-7.31735 0.428935 11.5371 -0.153428 0.517511 -0.0633497 0.839427
-7.29992 0.437626 11.4838 -0.149482 0.520528 -0.0672592 0.837969
-7.28122 0.445112 11.4297 -0.146651 0.524161 -0.0705024 0.835935
-7.26146 0.45356 11.3704 -0.14352 0.52781 -0.0744812 0.833835
-7.24267 0.464027 11.3105 -0.140933 0.531589 -0.079737 0.831386
-7.21982 0.470392 11.243 -0.137875 0.535776 -0.0824338 0.828944
-7.19915 0.478651 11.1768 -0.137173 0.54106 -0.0880272 0.825045
-7.17628 0.481658 11.1032 -0.134898 0.545354 -0.0928533 0.822059
-7.1495 0.48736 11.0236 -0.13166 0.550126 -0.0955685 0.819087
-7.12635 0.495715 10.9438 -0.129045 0.55508 -0.100847 0.81552
-7.10004 0.495394 10.8576 -0.126424 0.56078 -0.102551 0.811811
-7.06953 0.502068 10.763 -0.121793 0.565695 -0.105674 0.808702
-7.04234 0.517237 10.6682 -0.118243 0.569887 -0.114247 0.805112
-7.01069 0.518945 10.5676 -0.113698 0.575672 -0.116183 0.801365
-6.97811 0.528725 10.4586 -0.107722 0.579628 -0.120609 0.798681
-6.94361 0.530495 10.3477 -0.103211 0.585341 -0.122105 0.794874
-6.91104 0.535822 10.2341 -0.0980011 0.590993 -0.124455 0.790977
-6.87838 0.535374 10.1143 -0.0941997 0.596574 -0.125469 0.78708
-6.84752 0.53709 9.98934 -0.0895929 0.601951 -0.126457 0.783357
-6.82062 0.543355 9.86627 -0.0842714 0.607451 -0.12845 0.779367
-6.78982 0.549309 9.73512 -0.0790728 0.612847 -0.130277 0.775374
-6.76863 0.54963 9.59945 -0.0759767 0.617913 -0.130873 0.771553
-6.7468 0.546416 9.45075 -0.0736495 0.622423 -0.131323 0.768069
-6.73969 0.552027 9.31005 -0.0706915 0.627088 -0.13299 0.764257
-6.73165 0.54951 9.15996 -0.0689696 0.631311 -0.133523 0.760837
-6.72737 0.544877 9.01379 -0.0677911 0.635539 -0.133847 0.757358
-6.73742 0.552277 8.86547 -0.065643 0.63892 -0.135527 0.754398
-6.74621 0.551987 8.71419 -0.0644526 0.642066 -0.136655 0.751621
-6.75659 0.54171 8.57065 -0.0648559 0.64531 -0.136742 0.748788
-6.76571 0.535881 8.42821 -0.0645532 0.64825 -0.13706 0.746212
-6.7783 0.530928 8.28437 -0.0646038 0.650408 -0.137643 0.744219
-6.78762 0.525743 8.14299 -0.0644543 0.652462 -0.137703 0.742421
-6.7881 0.51861 8.00803 -0.0656635 0.654552 -0.138117 0.740396
-6.78384 0.514573 7.87073 -0.0660165 0.656085 -0.138325 0.738967
-6.78153 0.507947 7.73175 -0.0675327 0.657046 -0.138496 0.737944
-6.7789 0.503263 7.59408 -0.0682269 0.657703 -0.138615 0.737272
-6.77134 0.498258 7.46097 -0.0697912 0.658261 -0.1386 0.736631
-6.7663 0.494024 7.32999 -0.0712926 0.658453 -0.13848 0.736338
-6.75846 0.489737 7.20072 -0.0733877 0.658301 -0.138548 0.736255
-6.75009 0.484699 7.07696 -0.0756723 0.657976 -0.138408 0.736341
-6.74514 0.477407 6.94871 -0.0780901 0.657056 -0.138031 0.736981
-6.73674 0.473464 6.82282 -0.0801485 0.655976 -0.13763 0.737795
-6.7301 0.468365 6.69865 -0.0824443 0.654278 -0.137457 0.739082
-6.72726 0.464652 6.57871 -0.0844986 0.652531 -0.136843 0.740506
-6.71803 0.456506 6.45641 -0.0871894 0.650169 -0.136269 0.742376
-6.7107 0.450757 6.34019 -0.0893571 0.647769 -0.13564 0.744329
-6.70016 0.446463 6.22537 -0.0912909 0.645146 -0.135192 0.746451
-6.68877 0.442618 6.11596 -0.0928629 0.642439 -0.134346 0.74874
-6.68114 0.43809 6.00612 -0.0941592 0.639134 -0.133627 0.751531
-6.66867 0.431531 5.90061 -0.0958165 0.635587 -0.132666 0.754494
-6.66284 0.427927 5.7826 -0.096295 0.63145 -0.131693 0.758069
-6.65551 0.422554 5.67396 -0.0969483 0.627338 -0.130708 0.761562
-6.64644 0.41482 5.56573 -0.0976539 0.622736 -0.129604 0.765428
-6.63589 0.411347 5.46613 -0.0975381 0.618417 -0.128265 0.76916
-6.62757 0.410094 5.36973 -0.0969304 0.614196 -0.126805 0.772853
-6.61985 0.403661 5.26749 -0.0969248 0.608974 -0.125548 0.777179
-6.61053 0.394542 5.16843 -0.0971284 0.60389 -0.123768 0.781395
-6.60073 0.387817 5.0786 -0.0973759 0.599133 -0.12244 0.785226
-6.59178 0.379653 4.97846 -0.0976631 0.593655 -0.120895 0.789578
-6.583 0.373561 4.88741 -0.0975766 0.588719 -0.11933 0.793513
-6.57484 0.367355 4.79571 -0.0979222 0.583783 -0.117978 0.79731
-6.56925 0.362327 4.70188 -0.097803 0.578624 -0.11631 0.80132
-6.56202 0.356392 4.60966 -0.0979849 0.573603 -0.11474 0.805125
-6.555 0.349647 4.51565 -0.098596 0.568436 -0.11294 0.808961
-6.55187 0.344066 4.42465 -0.0993393 0.563451 -0.111422 0.812559
-6.54589 0.339027 4.33451 -0.100358 0.558837 -0.10985 0.815829
-6.5416 0.33474 4.24549 -0.101354 0.554486 -0.108201 0.818888
-6.53535 0.332227 4.15626 -0.102564 0.550308 -0.10669 0.82175
-6.53017 0.329014 4.07045 -0.104581 0.546867 -0.105132 0.82399
-6.52726 0.327398 3.98348 -0.106862 0.543976 -0.103699 0.825791
-6.52136 0.322585 3.89056 -0.109956 0.541256 -0.102252 0.827351
-6.51451 0.318028 3.80684 -0.113909 0.539503 -0.100436 0.828183
-6.49843 0.315924 3.68909 -0.117526 0.536377 -0.0992167 0.829853
-6.49345 0.315444 3.58498 -0.122108 0.534438 -0.0976918 0.830624
-6.50564 0.336286 3.51986 -0.126577 0.53262 -0.0961143 0.831306
-6.53614 0.359584 3.63092 -0.131 0.531169 -0.094824 0.831698
-6.56126 0.377448 3.7463 -0.135412 0.529908 -0.0934682 0.831948
-6.57938 0.391748 3.86997 -0.140277 0.528665 -0.0920083 0.832097
-6.60564 0.405707 3.99638 -0.145219 0.527884 -0.0905139 0.831908
-6.62576 0.420017 4.12534 -0.150405 0.526838 -0.0891313 0.8318
-6.64856 0.433407 4.25404 -0.155208 0.526022 -0.0875903 0.831596
-6.67203 0.44581 4.37565 -0.159943 0.524199 -0.0861409 0.832003
-6.69335 0.456436 4.51425 -0.164969 0.52306 -0.0840776 0.831949
-6.72141 0.471648 4.65464 -0.169637 0.521857 -0.0824179 0.831932
-6.73881 0.479798 4.79865 -0.174664 0.520141 -0.0800248 0.832199
-6.76061 0.49029 4.95139 -0.179245 0.518478 -0.0776885 0.832485
-6.78059 0.501312 5.08577 -0.183288 0.516342 -0.0753652 0.833145
-6.79908 0.509222 5.21747 -0.187585 0.514112 -0.0728452 0.833792
-6.80969 0.516578 5.3379 -0.191147 0.511234 -0.0699439 0.835
-6.82587 0.5226 5.45461 -0.194656 0.508623 -0.0670204 0.836024
-6.84044 0.529516 5.55028 -0.197302 0.504664 -0.0640996 0.838028
-6.85376 0.534117 5.64526 -0.199897 0.500593 -0.0606671 0.840109
-6.85744 0.538426 5.72559 -0.202319 0.495676 -0.0574171 0.842668
-6.86327 0.542275 5.78693 -0.203946 0.490096 -0.0543919 0.845735
-6.88331 0.545668 5.86519 -0.205287 0.486898 -0.050607 0.847491
-6.89573 0.547387 5.91282 -0.206256 0.481391 -0.0472776 0.850589
-6.90109 0.548978 5.94899 -0.206871 0.475531 -0.0439798 0.853906
-6.9068 0.549818 5.98018 -0.207298 0.470082 -0.0411018 0.856957
-6.91261 0.550209 6.0206 -0.20737 0.466335 -0.0380399 0.859125
-6.9206 0.551573 6.04316 -0.206732 0.461915 -0.0354652 0.861773
-6.92595 0.55134 6.05844 -0.206156 0.45788 -0.0330891 0.864155
-6.92944 0.550404 6.06177 -0.204961 0.453578 -0.031253 0.866773
-6.93659 0.552591 6.06992 -0.203128 0.450095 -0.0299186 0.869065
-6.93491 0.551493 6.09132 -0.201452 0.447824 -0.028782 0.870665
-6.94105 0.553234 6.1096 -0.198779 0.445193 -0.0282594 0.872643
-6.94576 0.553906 6.13521 -0.196125 0.44356 -0.0280344 0.874081
-6.94651 0.553743 6.1659 -0.193284 0.44211 -0.0287799 0.875423
-6.95237 0.556584 6.19466 -0.189335 0.441259 -0.0299556 0.876676
-6.95744 0.558919 6.22962 -0.185178 0.441361 -0.0321408 0.877434
-6.95982 0.560621 6.27276 -0.181179 0.442419 -0.034849 0.877633
-6.96289 0.561457 6.32229 -0.177046 0.444464 -0.0384553 0.877292
-6.96794 0.562977 6.37367 -0.172354 0.447014 -0.0427549 0.876732
-6.96971 0.564843 6.42381 -0.167233 0.449973 -0.0476759 0.875956
-6.97372 0.568185 6.47925 -0.161874 0.453586 -0.0536483 0.874754
-6.97886 0.5732 6.5439 -0.156081 0.4583 -0.0599042 0.872941
-6.98439 0.57713 6.61112 -0.150272 0.463283 -0.066595 0.870843
-6.9884 0.581222 6.6831 -0.144384 0.468486 -0.0734552 0.868501
-6.99723 0.586429 6.75526 -0.137868 0.473586 -0.081077 0.866112
-7.00728 0.59033 6.83448 -0.132169 0.47954 -0.0887637 0.862965
-7.0224 0.591971 6.9105 -0.126711 0.484572 -0.0962747 0.860163
-7.0288 0.591698 7.00044 -0.121749 0.490359 -0.103719 0.856728
-7.04067 0.596087 7.08956 -0.115853 0.495766 -0.111334 0.853472
-7.05127 0.599 7.1893 -0.110614 0.501081 -0.11872 0.850061
-7.06505 0.599367 7.28987 -0.106152 0.506061 -0.126087 0.846612
-7.07514 0.598708 7.39502 -0.101747 0.510888 -0.132825 0.843216
-7.0836 0.604976 7.50424 -0.0967475 0.515183 -0.139735 0.84007
-7.09602 0.609236 7.62211 -0.0924672 0.519624 -0.145817 0.836776
-7.11163 0.615164 7.73772 -0.0880685 0.523149 -0.151458 0.834048
-7.12947 0.615945 7.85436 -0.0850587 0.525477 -0.156344 0.831992
-7.14488 0.625288 7.9854 -0.0812231 0.528041 -0.160923 0.829877
-7.16534 0.634759 8.10217 -0.0770456 0.530009 -0.163315 0.828552
-7.18203 0.64295 8.20804 -0.0737212 0.531226 -0.165322 0.827677
-7.20261 0.652341 8.30948 -0.0708654 0.53226 -0.166894 0.826946
-7.22143 0.658132 8.39899 -0.0692598 0.532279 -0.16797 0.826853
-7.23953 0.665332 8.48337 -0.0680206 0.53229 -0.168702 0.826799
-7.25483 0.667094 8.55589 -0.0677343 0.53132 -0.168619 0.827463
-7.26772 0.666232 8.61594 -0.0679337 0.52942 -0.1678 0.82883
-7.27538 0.674843 8.66821 -0.067321 0.527613 -0.167599 0.830072
-7.27984 0.679145 8.70565 -0.0669992 0.524713 -0.166536 0.832148
-7.29047 0.681393 8.7427 -0.0684891 0.523027 -0.165739 0.833246
-7.29445 0.683153 8.76469 -0.0691409 0.520157 -0.164226 0.835286
-7.30347 0.682483 8.78041 -0.0715281 0.517569 -0.163157 0.836901
-7.30765 0.685971 8.78101 -0.0727339 0.514345 -0.161886 0.839028
-7.30983 0.687414 8.79112 -0.0737396 0.511034 -0.159403 0.841436
-7.31517 0.684785 8.81658 -0.0759908 0.508255 -0.15701 0.843366
-7.32344 0.686199 8.8423 -0.0774603 0.505269 -0.154834 0.845427
-7.33051 0.69069 8.88024 -0.077752 0.502052 -0.152649 0.847711
-7.3394 0.691762 8.92552 -0.0784585 0.499084 -0.149893 0.849888
-7.35019 0.693169 8.97488 -0.0790727 0.49555 -0.14774 0.852272
-7.35817 0.696584 9.03787 -0.078813 0.493243 -0.145674 0.853988
-7.37039 0.699318 9.10884 -0.0784241 0.490782 -0.14348 0.855811
-7.38517 0.697946 9.19148 -0.0788063 0.489096 -0.141372 0.857091
-7.39509 0.696508 9.27423 -0.0784217 0.486688 -0.139648 0.858778
-7.40838 0.697846 9.36754 -0.0778268 0.484852 -0.138633 0.860035
-7.41726 0.690154 9.45542 -0.077596 0.481498 -0.136623 0.862258
-7.43399 0.687268 9.57085 -0.0778339 0.480859 -0.135634 0.86275
-7.44274 0.674317 9.68381 -0.0780571 0.479222 -0.133506 0.863971
-7.45391 0.665055 9.80809 -0.0785404 0.477372 -0.132099 0.865167
-7.46874 0.662334 9.9423 -0.0769632 0.476404 -0.130612 0.866068
-7.48277 0.655274 10.0857 -0.0758906 0.475559 -0.128686 0.866915
-7.50348 0.641218 10.2316 -0.0761165 0.475783 -0.125587 0.867226
-7.52295 0.622598 10.3778 -0.0765926 0.476789 -0.120909 0.867297
-7.53976 0.614803 10.5258 -0.0760992 0.477326 -0.119031 0.867305
-7.55211 0.60154 10.6711 -0.074709 0.477982 -0.114434 0.867683
-7.56334 0.595601 10.8168 -0.0728381 0.47828 -0.113049 0.86786
-7.57326 0.586435 10.9615 -0.0723702 0.478606 -0.112198 0.86783
-7.57803 0.580462 11.1025 -0.0710702 0.477776 -0.111725 0.868455
-7.57756 0.562009 11.238 -0.0695305 0.478334 -0.107802 0.868769
-7.57823 0.557916 11.3818 -0.0669665 0.478255 -0.107903 0.869001
-7.58158 0.549285 11.5298 -0.0658912 0.47946 -0.10749 0.86847
-7.57867 0.54216 11.6772 -0.0638274 0.480383 -0.106842 0.868194
-7.5754 0.53281 11.8223 -0.062595 0.480571 -0.106316 0.868244
-7.57038 0.52031 11.9626 -0.0628719 0.47972 -0.104976 0.868858
-7.56363 0.507248 12.1026 -0.0636485 0.478676 -0.103407 0.869565
-7.55653 0.489879 12.2383 -0.0651723 0.477021 -0.098927 0.870882
-7.5477 0.469191 12.3833 -0.0682227 0.477166 -0.094976 0.871008
-7.53177 0.460389 12.5267 -0.0672367 0.475891 -0.095179 0.87176
-7.52438 0.439262 12.6678 -0.0697179 0.476148 -0.0934825 0.871609
-7.54826 0.443927 12.8151 -0.0667642 0.479966 -0.1082 0.868036
-7.53862 0.436419 12.9564 -0.0668401 0.479773 -0.108782 0.868064
-7.53328 0.429633 13.1001 -0.0665899 0.4799 -0.109642 0.867905
-7.52205 0.41707 13.2411 -0.0674795 0.479618 -0.108004 0.868197
-7.5168 0.40916 13.3722 -0.0675558 0.479033 -0.108085 0.868504
-7.4749 0.402741 13.5075 -0.0677331 0.477944 -0.107755 0.869131
-7.41192 0.393175 13.6178 -0.0689427 0.476883 -0.106856 0.86973
-7.34031 0.385508 13.73 -0.0702037 0.474957 -0.104693 0.870945
-7.27432 0.375119 13.837 -0.0713762 0.473291 -0.103121 0.871944
-7.20608 0.365701 13.9459 -0.0721751 0.471164 -0.103813 0.872947
-7.13998 0.35796 14.0562 -0.0728651 0.468521 -0.102429 0.874475
-7.07434 0.349158 14.16 -0.0737945 0.465549 -0.101213 0.876124
-7.01505 0.341738 14.2618 -0.0749676 0.462429 -0.101599 0.87763
-6.96151 0.334803 14.3581 -0.0760511 0.459185 -0.101309 0.879273
-6.91047 0.329004 14.4437 -0.0770059 0.454987 -0.101049 0.881399
-6.85052 0.324418 14.5322 -0.0777551 0.450314 -0.0999688 0.883853
-6.79015 0.320403 14.6223 -0.0782355 0.445007 -0.0992181 0.886579
-6.73732 0.317764 14.7126 -0.0789629 0.44005 -0.0981516 0.889104
-6.68255 0.316478 14.8021 -0.0794871 0.434735 -0.0971708 0.891775
-6.6258 0.311634 14.8871 -0.0804114 0.42915 -0.0970704 0.894405
-6.56454 0.305452 14.9556 -0.08196 0.423375 -0.0974884 0.896967
-6.50368 0.300416 15.0071 -0.0831668 0.417691 -0.0964802 0.899626
-6.42314 0.292746 15.0666 -0.0849539 0.41079 -0.0954736 0.902739
-6.35566 0.288435 15.1207 -0.0867291 0.404318 -0.0952477 0.905511
-6.28273 0.283401 15.1676 -0.0881613 0.397193 -0.0939302 0.908659
-6.21876 0.278843 15.2084 -0.0900494 0.390093 -0.0926586 0.911675
-6.16539 0.275773 15.25 -0.0924441 0.383157 -0.0916885 0.914471
-6.10879 0.270617 15.2855 -0.0952308 0.375276 -0.0893739 0.917676
-6.06696 0.267699 15.317 -0.0979898 0.368414 -0.0871764 0.920374
-6.02874 0.26348 15.3469 -0.101727 0.360868 -0.0849146 0.923165
-5.99841 0.262255 15.3671 -0.104845 0.353485 -0.0823986 0.925897
-5.97486 0.260476 15.3741 -0.10866 0.345258 -0.0791296 0.928842
-5.96091 0.258121 15.3871 -0.112961 0.337509 -0.0752487 0.931495
-5.94779 0.257893 15.3873 -0.116973 0.329587 -0.0712619 0.934147
-5.94348 0.256993 15.3935 -0.121545 0.322109 -0.0667691 0.9365
-5.94123 0.256233 15.3896 -0.126301 0.313329 -0.0619519 0.939177
-5.93925 0.255126 15.3852 -0.131691 0.304789 -0.0572355 0.941543
-5.94041 0.254657 15.3792 -0.136665 0.296135 -0.0515334 0.943922
-5.9328 0.253974 15.378 -0.14241 0.287502 -0.0464418 0.946004
-5.9302 0.253512 15.3694 -0.147816 0.278488 -0.0404829 0.948142
-5.92502 0.253118 15.3639 -0.153185 0.269493 -0.0344845 0.950125
-5.91927 0.252382 15.3564 -0.158874 0.260292 -0.0283998 0.951955
-5.91285 0.250955 15.3514 -0.16514 0.251065 -0.0223702 0.953527
-5.90191 0.25008 15.3434 -0.171341 0.241256 -0.0161093 0.95509
-5.88651 0.248735 15.3403 -0.17757 0.231279 -0.0101825 0.956501
-5.87887 0.247859 15.3323 -0.183755 0.221842 -0.00375822 0.957614
-5.86717 0.246946 15.3268 -0.189951 0.212538 0.00282379 0.958518
-5.84503 0.245165 15.3274 -0.196764 0.201274 0.00789276 0.959546
-5.83215 0.24413 15.3219 -0.20331 0.191386 0.0134239 0.960143
-5.81455 0.242692 15.3207 -0.209805 0.181798 0.0195778 0.960503
-5.80429 0.240882 15.3232 -0.216238 0.173364 0.0257933 0.960489
-5.77582 0.238846 15.3271 -0.22286 0.161679 0.0302681 0.960882
-5.76852 0.23761 15.3274 -0.228814 0.15586 0.0337416 0.960329
-5.75404 0.234563 15.3433 -0.234751 0.149325 0.0381328 0.95977
-5.72906 0.231304 15.3592 -0.240621 0.141385 0.0412355 0.95939
-5.70298 0.229625 15.3743 -0.245905 0.131706 0.0439285 0.959308
-5.6778 0.227216 15.3868 -0.251588 0.123756 0.0467983 0.958757
-5.65225 0.224408 15.4021 -0.257234 0.115784 0.0500176 0.958092
-5.62347 0.220856 15.418 -0.263148 0.107585 0.0533249 0.957263
-5.59834 0.217739 15.4338 -0.26874 0.0997136 0.0565056 0.956379
-5.56877 0.214013 15.4498 -0.274435 0.0923792 0.0596262 0.955308
-5.53447 0.2105 15.4686 -0.280214 0.0833803 0.0628498 0.954252
-5.50529 0.208152 15.4797 -0.285539 0.0747958 0.0655297 0.953204
-5.4864 0.204738 15.4919 -0.291453 0.0670837 0.0690351 0.951739
-5.47102 0.203358 15.4947 -0.296688 0.058494 0.0721874 0.950453
-5.46684 0.201968 15.4949 -0.301885 0.0524183 0.0761426 0.948862
-5.4526 0.199675 15.4959 -0.307514 0.043032 0.0791659 0.947277
-5.44477 0.197649 15.4963 -0.313059 0.0369629 0.0832797 0.945363
-5.43019 0.195075 15.5034 -0.31856 0.02764 0.0862515 0.943576
-5.42526 0.193611 15.5004 -0.323642 0.0242201 0.0912585 0.941467
-5.41911 0.192868 15.4963 -0.327433 0.0211821 0.097365 0.939616
-5.39716 0.190258 15.5058 -0.332573 0.0121526 0.10034 0.937656
-5.39615 0.190389 15.5008 -0.333917 0.0142743 0.105351 0.936598
-5.38916 0.1907 15.4972 -0.335332 0.0161241 0.108796 0.935668
-5.38141 0.19092 15.4894 -0.336016 0.0209113 0.113951 0.934714
-5.37068 0.191628 15.4826 -0.33604 0.0254133 0.11809 0.93408
-5.33784 0.188925 15.4973 -0.337614 0.0230286 0.119549 0.933388
-5.30257 0.186978 15.5127 -0.338113 0.021432 0.120484 0.933125
-5.2835 0.186916 15.5072 -0.337999 0.0262996 0.124559 0.932507
-5.25913 0.187826 15.4985 -0.337082 0.0316058 0.127568 0.932267
-5.23219 0.18893 15.4843 -0.336106 0.0382729 0.1314 0.931837
-5.19024 0.186738 15.5009 -0.335588 0.0395668 0.132231 0.931853
-5.15381 0.186066 15.508 -0.334565 0.043025 0.13354 0.931881
-5.10462 0.183937 15.5269 -0.333566 0.04414 0.133477 0.932196
-5.05003 0.18112 15.5509 -0.332951 0.0451918 0.133166 0.93241
-5.00438 0.179726 15.5704 -0.331391 0.0489689 0.133954 0.932662
-5.01438 0.182215 15.5695 -0.330646 0.0500297 0.132677 0.933052
-5.07243 0.187015 15.5446 -0.329776 0.0504381 0.131533 0.9335
-5.12683 0.191205 15.5194 -0.328659 0.0526458 0.130495 0.933918
-5.1752 0.194321 15.5111 -0.327785 0.0512157 0.127261 0.93475
-5.23423 0.200523 15.4742 -0.3258 0.0535051 0.125342 0.935575
-5.30555 0.206295 15.4449 -0.324015 0.0569669 0.123754 0.936202
-5.37993 0.212862 15.4129 -0.321505 0.0605311 0.121379 0.937154
-5.46846 0.220425 15.3703 -0.31853 0.0693853 0.121696 0.937515
-5.55911 0.228952 15.3215 -0.315189 0.0788966 0.121793 0.937879
-5.65253 0.237142 15.2801 -0.311108 0.0904923 0.122743 0.938071
-5.72879 0.244306 15.2463 -0.307803 0.0947147 0.120419 0.939045
-5.81745 0.250942 15.212 -0.305677 0.0991563 0.117787 0.939615
-5.87584 0.255519 15.1798 -0.304693 0.0955431 0.112291 0.94098
-5.95191 0.262077 15.1342 -0.302819 0.0966115 0.108885 0.941876
-6.0439 0.27036 15.0883 -0.300137 0.100159 0.105049 0.942799
-6.14311 0.277164 15.0465 -0.297896 0.105406 0.103155 0.943147
-6.24297 0.2869 14.9995 -0.294768 0.110544 0.099598 0.943924
-6.33949 0.293489 14.956 -0.291887 0.120611 0.0997299 0.943572
-6.43758 0.300566 14.906 -0.290226 0.126167 0.0974095 0.943601
-6.54188 0.308907 14.8501 -0.288065 0.130267 0.0950306 0.943948
-6.63941 0.316576 14.805 -0.286413 0.132397 0.0908 0.944571
-6.74702 0.323982 14.7456 -0.284823 0.136108 0.0891836 0.944678
-6.85922 0.330756 14.6765 -0.283208 0.141458 0.0895057 0.944348
-6.96853 0.339436 14.6149 -0.281731 0.144118 0.0870737 0.944614
-7.07448 0.347172 14.5438 -0.280841 0.146319 0.0852382 0.944708
-7.18792 0.355778 14.4694 -0.2799 0.147661 0.0832709 0.944954
-7.28836 0.362599 14.4053 -0.279538 0.144945 0.080382 0.945732
-7.40022 0.371858 14.3271 -0.278943 0.145976 0.0795847 0.945816
-7.51118 0.384634 14.2388 -0.277941 0.147534 0.0795847 0.94587
-7.59365 0.401794 14.138 -0.277729 0.146961 0.079485 0.94603
-7.68748 0.420954 14.0324 -0.27739 0.148492 0.0794424 0.945894
-7.77074 0.436958 13.953 -0.277595 0.152165 0.0813168 0.94509
-7.84548 0.454329 13.8581 -0.277961 0.151692 0.0816936 0.945026
-7.91582 0.470451 13.7722 -0.278294 0.15203 0.0825789 0.944797
-7.98335 0.484993 13.6927 -0.2789 0.152936 0.0836544 0.944377
-8.04326 0.49707 13.6214 -0.279881 0.152728 0.0851767 0.943984
-8.07441 0.506494 13.5684 -0.281228 0.147486 0.0837176 0.944548
-8.10835 0.516526 13.5138 -0.282032 0.144665 0.084928 0.944636
-8.14648 0.524565 13.4662 -0.283064 0.14293 0.0860645 0.944489
-8.17579 0.531052 13.428 -0.283971 0.140684 0.0870202 0.944466
-8.20239 0.535631 13.4001 -0.284826 0.139522 0.0882678 0.944266
-8.21933 0.540103 13.3735 -0.285343 0.135669 0.0901589 0.944492
-8.23454 0.542978 13.3552 -0.285902 0.131485 0.0907282 0.94486
-8.24263 0.545228 13.3407 -0.286273 0.125774 0.0905852 0.945539
-8.24496 0.544081 13.338 -0.287439 0.120475 0.0911911 0.945817
-8.25188 0.545378 13.3286 -0.286818 0.115673 0.0914979 0.946575
-8.25438 0.546848 13.3208 -0.28658 0.108425 0.0913462 0.947519
-8.25998 0.546887 13.3112 -0.28668 0.101555 0.0917539 0.948211
-8.27255 0.550077 13.2985 -0.285615 0.0957273 0.0914848 0.949164
-8.2808 0.550334 13.2832 -0.285364 0.0880011 0.091619 0.949974
-8.29067 0.551434 13.267 -0.28495 0.0798813 0.0921393 0.950765
-8.30547 0.554538 13.2477 -0.283706 0.0729292 0.0916599 0.951741
-8.32015 0.55757 13.2269 -0.282335 0.0650339 0.0919554 0.952693
-8.3369 0.559992 13.2055 -0.281302 0.0582169 0.091764 0.953457
-8.3444 0.563972 13.1819 -0.279799 0.0489578 0.0910147 0.954491
-8.3548 0.56663 13.1635 -0.278553 0.0413865 0.0904296 0.955269
-8.35384 0.568957 13.1469 -0.276892 0.0332106 0.0899043 0.95612
-8.36668 0.573122 13.1207 -0.275325 0.0253062 0.089575 0.956845
-8.39225 0.577742 13.0905 -0.273984 0.0191916 0.0893734 0.957391
-8.41698 0.582828 13.0576 -0.272903 0.012499 0.0890501 0.957841
-8.4503 0.589534 13.0185 -0.271082 0.00780535 0.0893757 0.958377
-8.47988 0.595459 12.9802 -0.270055 0.00187916 0.0889724 0.958735
-8.5074 0.60116 12.9369 -0.26947 -0.00390399 0.0885672 0.958931
-8.54016 0.607593 12.8914 -0.267961 -0.0059607 0.090062 0.959204
-8.56801 0.614231 12.8453 -0.267013 -0.0110651 0.0902971 0.959401
-8.59721 0.620772 12.7989 -0.26609 -0.0138536 0.0909871 0.959555
-8.6246 0.629627 12.7479 -0.264244 -0.0178308 0.0923152 0.959873
-8.66288 0.634906 12.7024 -0.263977 -0.0151707 0.094889 0.959741
-8.69764 0.643056 12.6488 -0.263645 -0.0174153 0.0950834 0.959776
-8.73619 0.649859 12.5982 -0.263643 -0.0157642 0.0970142 0.959611
-8.77314 0.657368 12.5421 -0.263857 -0.0166137 0.0974564 0.959493
-8.81704 0.666087 12.4832 -0.263797 -0.0155255 0.09905 0.959364
-8.85646 0.673745 12.4209 -0.264571 -0.0167502 0.0997456 0.959059
-8.89398 0.682343 12.3554 -0.265598 -0.0207442 0.0991374 0.95876
-8.93952 0.690537 12.2912 -0.265898 -0.0188619 0.101282 0.958492
-8.99189 0.698355 12.2383 -0.265319 -0.0143155 0.105209 0.958307
-9.03872 0.707069 12.171 -0.266061 -0.0156516 0.105725 0.958025
-9.08499 0.71687 12.1008 -0.265863 -0.0160042 0.106885 0.957944
-9.12822 0.726439 12.0242 -0.26586 -0.0171717 0.108756 0.957715
-9.17041 0.734961 11.9495 -0.26586 -0.0175839 0.110788 0.957474
-9.21669 0.743239 11.8813 -0.26536 -0.016014 0.11324 0.957354
-9.25957 0.751105 11.8236 -0.263439 -0.0133281 0.117368 0.957428
-9.31731 0.759045 11.7603 -0.261556 -0.00832814 0.121888 0.957437
-9.36914 0.768309 11.6911 -0.259508 -0.00898847 0.125536 0.957516
-9.41875 0.775867 11.6234 -0.258217 -0.0111649 0.128751 0.957416
-9.47922 0.783592 11.5491 -0.25776 -0.0139985 0.130539 0.957259
-9.5458 0.795192 11.465 -0.254907 -0.0187034 0.129427 0.958094
-9.62205 0.807573 11.3765 -0.251697 -0.0230837 0.128328 0.958994
-9.69758 0.817526 11.2936 -0.248774 -0.0287208 0.126984 0.959784
-9.78701 0.830552 11.1926 -0.246017 -0.0382921 0.123927 0.960559
-9.86973 0.844414 11.0821 -0.242365 -0.0495076 0.120247 0.961443
-9.96148 0.861603 10.9648 -0.237206 -0.0604302 0.11635 0.962583
-10.0249 0.872236 10.876 -0.235081 -0.0772223 0.112015 0.962419
-10.1009 0.887066 10.7628 -0.230696 -0.0894388 0.108789 0.962791
-10.1696 0.899461 10.6615 -0.226717 -0.10214 0.106305 0.962751
-10.2406 0.911902 10.5662 -0.22132 -0.109294 0.105107 0.963352
-10.3084 0.922767 10.4779 -0.216798 -0.118064 0.103104 0.963562
-10.384 0.93451 10.389 -0.211778 -0.125963 0.101937 0.963802
-10.4367 0.943415 10.311 -0.207562 -0.135757 0.10031 0.963561
-10.4927 0.953654 10.235 -0.202776 -0.144016 0.0986977 0.963547
-10.5382 0.961716 10.1857 -0.197705 -0.152715 0.0973355 0.9634
-10.5852 0.967813 10.13 -0.194694 -0.159377 0.0969832 0.962969
-10.6257 0.974923 10.0749 -0.190818 -0.164523 0.0966354 0.962915
-10.664 0.980801 10.0255 -0.18758 -0.167932 0.0964097 0.962985
-10.6995 0.98499 9.98335 -0.185081 -0.170068 0.0969639 0.963039
-10.7292 0.990754 9.94712 -0.181106 -0.170284 0.0960665 0.963845
-10.7543 0.99832 9.92199 -0.178183 -0.165041 0.0862603 0.966227
-10.77 1.00358 9.90349 -0.175874 -0.160763 0.0760765 0.968224
-10.7858 1.01036 9.88042 -0.172639 -0.154827 0.0658691 0.97052
-10.7921 1.01394 9.86756 -0.170547 -0.150134 0.0569566 0.972189
-10.8 1.0181 9.85913 -0.167542 -0.144458 0.0459649 0.974152
-10.8011 1.02227 9.85816 -0.16443 -0.139309 0.0366391 0.975825
-10.8089 1.02553 9.85074 -0.162099 -0.13369 0.0269856 0.977316
-10.8233 1.03238 9.82884 -0.15832 -0.127497 0.016359 0.978996
-10.8452 1.03878 9.80874 -0.155046 -0.122024 0.00577015 0.980337
-10.8622 1.04387 9.78991 -0.15293 -0.118155 -0.00276331 0.981155
-10.894 1.05034 9.75463 -0.150365 -0.112392 -0.014368 0.982128
-10.9274 1.0568 9.71268 -0.147916 -0.107375 -0.0236454 0.982881
-10.966 1.06659 9.66506 -0.144589 -0.101859 -0.0335018 0.983677
-11.0085 1.07253 9.62484 -0.142403 -0.0956585 -0.0432724 0.984236
-11.0428 1.08039 9.59761 -0.139287 -0.0908176 -0.0534982 0.984638
-11.0767 1.08703 9.57428 -0.135762 -0.0846327 -0.0634854 0.985088
-11.1032 1.09222 9.55373 -0.132749 -0.0789186 -0.072808 0.985328
-11.1183 1.09736 9.53533 -0.129624 -0.0736667 -0.0817988 0.985445
-11.1323 1.10178 9.52121 -0.126455 -0.0680285 -0.0915282 0.985407
-11.1392 1.10635 9.5076 -0.123087 -0.0624579 -0.101252 0.98525
-11.143 1.10745 9.50181 -0.122819 -0.05995 -0.105968 0.984945
-11.1524 1.10984 9.49147 -0.121751 -0.0586572 -0.109081 0.984814
-11.1601 1.11228 9.46985 -0.121369 -0.0590049 -0.11135 0.984587
-11.1784 1.11573 9.43988 -0.121042 -0.0603476 -0.112806 0.98438
-11.2012 1.11933 9.4082 -0.120932 -0.0618717 -0.113618 0.984206
-11.232 1.12448 9.36892 -0.120215 -0.0650357 -0.112906 0.984171
-11.2691 1.12996 9.3157 -0.119952 -0.0685845 -0.111133 0.984165
-11.3169 1.13466 9.25898 -0.12005 -0.0722698 -0.107516 0.98429
-11.355 1.13837 9.21838 -0.120542 -0.0772058 -0.10556 0.984068
-11.4018 1.14502 9.15245 -0.120528 -0.0822916 -0.10152 0.984082
-11.4485 1.14964 9.09994 -0.120667 -0.0875975 -0.096782 0.984085
-11.4846 1.15466 9.04727 -0.120558 -0.0938675 -0.0926632 0.983916
-11.5221 1.15811 8.99958 -0.121132 -0.0989541 -0.0878182 0.983792
-11.558 1.16074 8.94947 -0.121541 -0.104478 -0.081748 0.983693
-11.5925 1.16391 8.90333 -0.121808 -0.11041 -0.075936 0.983478
-11.6226 1.16658 8.85874 -0.121977 -0.116292 -0.0701941 0.983205
-11.6499 1.16828 8.81603 -0.122576 -0.122278 -0.0644932 0.982796
-11.6715 1.17047 8.79233 -0.122347 -0.129057 -0.0586143 0.982325
-11.692 1.17205 8.76508 -0.122424 -0.13577 -0.0521337 0.981776
-11.7084 1.17378 8.73662 -0.122272 -0.141625 -0.0450433 0.981318
-11.7253 1.17511 8.70936 -0.121739 -0.146821 -0.0390139 0.98088
-11.7439 1.17494 8.68645 -0.121423 -0.151644 -0.033161 0.9804
-11.7599 1.17565 8.66413 -0.120976 -0.155344 -0.0261559 0.980088
-11.7698 1.17779 8.64363 -0.119655 -0.159645 -0.0203771 0.979696
-11.7828 1.17804 8.62938 -0.119034 -0.162938 -0.0148303 0.97933
-11.7895 1.17865 8.61928 -0.117629 -0.165843 -0.00965965 0.979075
-11.7914 1.1787 8.6028 -0.116809 -0.169426 -0.00543955 0.978594
-11.8019 1.17919 8.59845 -0.115799 -0.171598 -0.00117869 0.978349
-11.8029 1.1792 8.59457 -0.114739 -0.172943 0.00326181 0.978233
-11.8059 1.17831 8.58841 -0.114658 -0.174509 0.00610831 0.97795
-11.8078 1.17671 8.59005 -0.114821 -0.176961 0.00872838 0.977471
-11.8166 1.17668 8.57739 -0.114947 -0.177607 0.0112358 0.977312
-11.8268 1.17823 8.55887 -0.115006 -0.178019 0.0134278 0.977204
-11.8442 1.18078 8.53747 -0.115491 -0.177262 0.0148204 0.977263
-11.8624 1.18154 8.51484 -0.116728 -0.178016 0.0157688 0.976965
-11.8837 1.18334 8.48812 -0.118134 -0.177811 0.0154264 0.976838
-11.9082 1.18828 8.44659 -0.119498 -0.176285 0.0151387 0.976954
-11.9418 1.19291 8.40221 -0.121398 -0.174019 0.0144885 0.977135
-11.9787 1.19689 8.35893 -0.12431 -0.171865 0.0129383 0.977173
-12.028 1.20331 8.30555 -0.126924 -0.168442 0.00919684 0.977474
-12.0729 1.20843 8.25031 -0.130882 -0.166077 0.00495875 0.977388
-12.1224 1.21561 8.18838 -0.134531 -0.162714 0.000126357 0.977471
-12.1634 1.22213 8.13883 -0.138098 -0.160682 -0.00625748 0.97729
-12.212 1.22989 8.0739 -0.142383 -0.157179 -0.0127449 0.977181
-12.2745 1.24002 7.98844 -0.147035 -0.152123 -0.018869 0.977194
-12.3371 1.25007 7.90476 -0.151459 -0.146368 -0.0264752 0.97722
-12.407 1.26074 7.80674 -0.156741 -0.140508 -0.0332802 0.97704
-12.4784 1.27332 7.71008 -0.161081 -0.136249 -0.0401395 0.976678
-12.5522 1.28643 7.60507 -0.165382 -0.131205 -0.0481498 0.976289
-12.6195 1.30114 7.49685 -0.169423 -0.128425 -0.0555271 0.975573
-12.6901 1.31462 7.38282 -0.173845 -0.124151 -0.062447 0.97493
-12.7667 1.32694 7.27627 -0.178069 -0.120522 -0.0704645 0.974076
-12.8612 1.33563 7.19625 -0.182401 -0.113956 -0.0776473 0.973519
-12.9382 1.34602 7.10003 -0.18642 -0.110185 -0.0838004 0.97268
-13.0055 1.35929 6.98228 -0.189454 -0.106257 -0.0908234 0.971901
-13.0834 1.37047 6.87077 -0.192766 -0.10246 -0.0965066 0.971109
-13.1474 1.38125 6.77184 -0.1954 -0.100494 -0.102287 0.970197
-13.2265 1.38989 6.6786 -0.198049 -0.0958541 -0.107265 0.969591
-13.3017 1.40092 6.57018 -0.199994 -0.0931562 -0.109931 0.969157
-13.3774 1.41082 6.46279 -0.201287 -0.0901249 -0.11179 0.968962
-13.4559 1.4199 6.36494 -0.201919 -0.0882111 -0.113239 0.968839
-13.5334 1.4291 6.26322 -0.201766 -0.0862789 -0.113129 0.969057
-13.617 1.43574 6.17354 -0.201568 -0.0843156 -0.111887 0.969416
-13.6951 1.44193 6.09255 -0.200065 -0.0869246 -0.111316 0.969562
-13.7677 1.44897 5.99797 -0.198494 -0.0887176 -0.109084 0.969977
-13.8462 1.45437 5.9155 -0.196847 -0.0898296 -0.106347 0.970513
-13.9337 1.46149 5.81353 -0.194715 -0.0903783 -0.10289 0.971265
-14.03 1.4699 5.69377 -0.192671 -0.0902975 -0.0986342 0.972121
-14.1112 1.47735 5.58584 -0.189931 -0.0922675 -0.093837 0.97295
-14.1855 1.48179 5.5042 -0.186894 -0.0959138 -0.0901837 0.97353
-14.2685 1.48893 5.40291 -0.18357 -0.0978632 -0.0858349 0.974362
-14.3481 1.4936 5.30874 -0.181108 -0.0999663 -0.080511 0.975063
-14.4208 1.49799 5.22109 -0.178167 -0.102537 -0.0758303 0.975714
-14.4871 1.50239 5.1368 -0.175323 -0.105251 -0.0710433 0.976299
-14.5486 1.50595 5.0637 -0.172573 -0.108116 -0.0665912 0.976791
-14.6118 1.50948 4.99196 -0.170068 -0.109987 -0.0622603 0.977306
-14.6675 1.51128 4.92853 -0.168138 -0.112178 -0.0583313 0.977634
-14.7128 1.51287 4.86927 -0.166312 -0.114392 -0.0550164 0.977881
-14.7532 1.5152 4.8174 -0.164931 -0.116353 -0.0520203 0.978049
-14.7945 1.51853 4.7685 -0.163687 -0.117015 -0.0496405 0.978301
-14.838 1.5204 4.72346 -0.163263 -0.116384 -0.0476946 0.978545
-14.873 1.52139 4.68768 -0.163586 -0.116201 -0.0462513 0.978581
-14.9058 1.52243 4.6634 -0.163942 -0.115259 -0.0455749 0.978666
-14.931 1.52337 4.64376 -0.164597 -0.114468 -0.0454939 0.978652
-14.9519 1.52488 4.62163 -0.165403 -0.112804 -0.04582 0.978694
-14.9665 1.52618 4.60101 -0.166795 -0.111064 -0.0461227 0.978642
-14.9785 1.52789 4.58457 -0.167968 -0.108783 -0.0471657 0.978649
-14.9844 1.52948 4.57392 -0.169002 -0.106646 -0.0484851 0.978641
-14.9837 1.52936 4.56854 -0.171091 -0.10499 -0.0492042 0.978422
-14.9861 1.531 4.55758 -0.172274 -0.10338 -0.0505777 0.978315
-14.9939 1.53204 4.54345 -0.173662 -0.101625 -0.0518737 0.978186
-15.002 1.53373 4.52445 -0.174759 -0.100425 -0.053176 0.978044
-15.0145 1.53562 4.5024 -0.175487 -0.0995887 -0.0544727 0.977929
-15.0254 1.53706 4.48182 -0.176031 -0.0988721 -0.0554163 0.97785
-15.0356 1.53791 4.46598 -0.176242 -0.0989694 -0.0562313 0.977756
-15.0451 1.53873 4.45201 -0.175793 -0.0992936 -0.0570381 0.977757
-15.0529 1.53969 4.43951 -0.174763 -0.100136 -0.0571503 0.97785
-15.0583 1.54006 4.43016 -0.173297 -0.101569 -0.0569479 0.977974
-15.0623 1.54035 4.42414 -0.170877 -0.104056 -0.0564876 0.978166
-15.0676 1.53945 4.42051 -0.168208 -0.107042 -0.055112 0.978384
-15.068 1.53929 4.41747 -0.164271 -0.111037 -0.0537924 0.978682
-15.0678 1.53847 4.41405 -0.159896 -0.115632 -0.0512944 0.979007
-15.0664 1.53768 4.4122 -0.154752 -0.121048 -0.0486327 0.979316
-15.0656 1.53616 4.41002 -0.149426 -0.127158 -0.0452321 0.979531
-15.0647 1.53468 4.40693 -0.143623 -0.133576 -0.0415502 0.979709
-15.0579 1.53391 4.40198 -0.137202 -0.141055 -0.0378654 0.979729
-15.0532 1.53253 4.39767 -0.130662 -0.14835 -0.0339075 0.979692
-15.0495 1.53149 4.39328 -0.123773 -0.15574 -0.0295842 0.979578
-15.0451 1.53075 4.38966 -0.116518 -0.163443 -0.0251063 0.979339
-15.042 1.5301 4.38597 -0.109453 -0.171083 -0.021027 0.978944
-15.0387 1.52957 4.37773 -0.102438 -0.178789 -0.0168548 0.978408
-15.0398 1.52852 4.36676 -0.09595 -0.185867 -0.0127442 0.977808
-15.0433 1.52858 4.35287 -0.0893466 -0.19265 -0.00916749 0.977162
-15.0476 1.52665 4.343 -0.0836416 -0.199481 -0.00478079 0.976326
-15.0593 1.52673 4.33227 -0.0775818 -0.205675 -0.00154059 0.975552
-15.0697 1.52434 4.31917 -0.0731748 -0.211332 0.00217454 0.974681
-15.08 1.52446 4.30356 -0.0687725 -0.216511 0.00552521 0.973853
-15.0911 1.52296 4.29069 -0.065562 -0.221309 0.00858946 0.972972
-15.1043 1.52256 4.27427 -0.0629313 -0.225375 0.0110827 0.972188
-15.1236 1.52163 4.25568 -0.061271 -0.2282 0.0127716 0.971613
-15.1368 1.52537 4.23682 -0.0652594 -0.223278 0.010182 0.972528
-15.1508 1.52904 4.21943 -0.069387 -0.218647 0.00756836 0.973317
-15.17 1.5321 4.1981 -0.073414 -0.213581 0.0046494 0.974165
-15.1919 1.53401 4.17669 -0.0779157 -0.208545 0.00185601 0.974915
-15.2149 1.53712 4.15538 -0.0820277 -0.203404 -0.00111698 0.975666
-15.2451 1.53862 4.13595 -0.0862389 -0.198202 -0.00384176 0.976365
-15.2674 1.53919 4.11873 -0.091407 -0.193906 -0.00583245 0.976748
-15.2957 1.54135 4.09568 -0.0957103 -0.189158 -0.00839443 0.977247
-15.3296 1.54368 4.06975 -0.0997614 -0.183933 -0.0108292 0.977816
-15.3586 1.54447 4.03808 -0.104926 -0.179127 -0.0132427 0.978137
-15.3916 1.54664 4.00559 -0.109504 -0.173952 -0.0156369 0.978535
-15.4262 1.54861 3.97169 -0.114061 -0.168787 -0.0180253 0.978877
-15.4606 1.55053 3.93391 -0.118594 -0.163738 -0.0206034 0.979146
-15.4988 1.55269 3.90155 -0.122808 -0.158526 -0.0237238 0.979413
-15.5347 1.55513 3.867 -0.127246 -0.153299 -0.0264913 0.979608
-15.567 1.55664 3.8363 -0.131834 -0.148588 -0.0292839 0.979647
-15.601 1.55858 3.80315 -0.136432 -0.143739 -0.0316197 0.979669
-15.6343 1.55985 3.77852 -0.140977 -0.138899 -0.0347128 0.979618
-15.6609 1.56162 3.74667 -0.145418 -0.134371 -0.0373557 0.979504
-15.6929 1.56341 3.71678 -0.149787 -0.129198 -0.0400775 0.979433
-15.7231 1.56431 3.68868 -0.151857 -0.1191 -0.0445959 0.9802
-15.7566 1.5655 3.66191 -0.153587 -0.108299 -0.0488088 0.980981
-15.7844 1.56736 3.63703 -0.155035 -0.0984782 -0.0529717 0.981573
-15.8128 1.56717 3.61527 -0.157076 -0.0878808 -0.0569829 0.982029
-15.844 1.56843 3.59848 -0.158766 -0.0774145 -0.0609749 0.982399
-15.8724 1.56932 3.57567 -0.160267 -0.0665721 -0.0653067 0.982671
-15.9003 1.56983 3.55795 -0.161903 -0.0559533 -0.0692976 0.982792
-15.9226 1.57061 3.5382 -0.163533 -0.0457077 -0.0734046 0.982753
-15.9453 1.5704 3.524 -0.165306 -0.0351742 -0.0774736 0.982578
-15.9674 1.56992 3.50802 -0.167028 -0.0247324 -0.0814196 0.982285
-15.989 1.56973 3.49587 -0.168606 -0.0144711 -0.0851598 0.981904
-16.0078 1.56753 3.48525 -0.170683 -0.0040674 -0.0890236 0.9813
-16.0282 1.56722 3.47449 -0.17224 0.0065343 -0.0930412 0.980643
-16.0479 1.5669 3.46216 -0.173686 0.0172776 -0.0971024 0.979862
-16.0659 1.56557 3.45348 -0.175378 0.0277484 -0.101174 0.978909
-16.0847 1.56511 3.44786 -0.176928 0.0383122 -0.104784 0.977892
-16.0986 1.56507 3.43804 -0.17818 0.0486901 -0.108558 0.976792
-16.1149 1.56538 3.43412 -0.179423 0.059341 -0.112548 0.975522
-16.131 1.56549 3.42803 -0.180794 0.0699014 -0.117118 0.974031
-16.1419 1.56645 3.42202 -0.181825 0.0805217 -0.121016 0.972541
-16.157 1.56403 3.41229 -0.177995 0.0735162 -0.112996 0.974767
-16.1689 1.56193 3.40105 -0.174051 0.0662901 -0.104886 0.976901
-16.1732 1.56026 3.39328 -0.169836 0.0583597 -0.0965662 0.979005
-16.1822 1.55738 3.387 -0.165966 0.0512945 -0.0885772 0.980817
-16.1861 1.55636 3.37815 -0.161723 0.0436097 -0.0802743 0.982612
-16.188 1.55343 3.37438 -0.157847 0.0355477 -0.0716436 0.984232
-16.191 1.55115 3.36857 -0.153696 0.0278498 -0.0633821 0.985703
-16.1924 1.55073 3.36562 -0.14893 0.0204725 -0.0556259 0.987082
-16.1921 1.54728 3.36215 -0.145176 0.0124958 -0.0468378 0.988231
-16.1926 1.54511 3.35906 -0.140871 0.00477954 -0.0388314 0.989267
-16.1883 1.54409 3.35605 -0.13646 -0.00357112 -0.030226 0.990191
-16.1899 1.53933 3.35527 -0.133116 -0.0112835 -0.0214529 0.990816
-16.1907 1.53608 3.3554 -0.129088 -0.0191632 -0.0129733 0.991376
-16.1906 1.53449 3.35357 -0.124701 -0.0268994 -0.00456879 0.991831
-16.1924 1.53217 3.35061 -0.120394 -0.0347559 0.00374457 0.992124
-16.1993 1.53043 3.34272 -0.115987 -0.0421565 0.0116035 0.9923
-16.1992 1.528 3.33897 -0.111747 -0.0500504 0.0203134 0.992281
-16.2069 1.52671 3.33034 -0.107086 -0.0571734 0.0281489 0.992218
-16.2142 1.52192 3.32718 -0.103184 -0.0645904 0.0362376 0.991914
-16.2217 1.51939 3.3198 -0.0989104 -0.0719231 0.0443528 0.991515
-16.2289 1.51824 3.31562 -0.0962618 -0.0756654 0.0449881 0.991469
-16.2366 1.5177 3.31015 -0.0939473 -0.0778621 0.0440477 0.991562
-16.2448 1.51588 3.30733 -0.092752 -0.0790655 0.0424296 0.991651
-16.2521 1.51572 3.29902 -0.091226 -0.079078 0.0391159 0.991927
-16.2581 1.51589 3.297 -0.0901287 -0.0783652 0.0352555 0.992229
-16.2636 1.51766 3.29111 -0.0888668 -0.0767603 0.0300983 0.992638
-16.266 1.51777 3.28993 -0.0882416 -0.0748319 0.0244537 0.992997
-16.2729 1.51953 3.28612 -0.0874439 -0.071846 0.0178675 0.993427
-16.2783 1.52051 3.27988 -0.0869941 -0.0685232 0.0114195 0.993797
-16.2837 1.5231 3.27402 -0.086159 -0.0647817 0.00420565 0.994177
-16.2888 1.5252 3.26747 -0.0854705 -0.060653 -0.00282269 0.994502
-16.2913 1.5292 3.26013 -0.0842972 -0.056269 -0.00993051 0.994814
-16.2979 1.53057 3.25503 -0.0837397 -0.0517175 -0.0162765 0.995025
-16.3012 1.53255 3.25164 -0.0828537 -0.0475712 -0.0225418 0.995183
-16.3047 1.53471 3.24735 -0.0817935 -0.0434642 -0.0279332 0.995322
-16.3074 1.53781 3.23799 -0.0800826 -0.039529 -0.0331763 0.995464
-16.3196 1.53456 3.23655 -0.0799152 -0.0354483 -0.0368815 0.995502
-16.3252 1.53446 3.23327 -0.0784434 -0.0321893 -0.0398392 0.995615
-16.3315 1.53297 3.22916 -0.0769524 -0.0296473 -0.0413464 0.995749
-16.3387 1.53122 3.22607 -0.0750964 -0.0274511 -0.0415515 0.995944
-16.3443 1.528 3.22255 -0.0728718 -0.0263045 -0.0407437 0.996175
-16.3546 1.52394 3.21619 -0.070566 -0.0257284 -0.0380008 0.996463
-16.3635 1.52079 3.20826 -0.0672618 -0.02604 -0.0344747 0.996813
-16.3824 1.51466 3.19738 -0.0647069 -0.0264798 -0.0295569 0.997128
-16.4112 1.50683 3.18504 -0.0620798 -0.0271936 -0.0237241 0.997432
-16.434 1.50251 3.1635 -0.0580882 -0.0286736 -0.0177435 0.997754
-16.4636 1.49407 3.14295 -0.0549105 -0.030489 -0.0107519 0.997981
-16.4951 1.48614 3.12043 -0.051278 -0.0326113 -0.003545 0.998158
-16.5305 1.47432 3.10276 -0.0481712 -0.0350731 0.00458196 0.998226
-16.5707 1.46309 3.07557 -0.0447682 -0.0376428 0.0123288 0.998224
-16.6138 1.45165 3.04807 -0.0413052 -0.040255 0.0198823 0.998151
-16.6583 1.43671 3.01404 -0.0380292 -0.0429809 0.027096 0.997997
-16.6983 1.42153 2.98321 -0.0351813 -0.0460006 0.0341538 0.997751
-16.7416 1.40626 2.95148 -0.0322902 -0.048373 0.0405214 0.997497
-16.7815 1.39289 2.91779 -0.0291987 -0.0504951 0.0457648 0.997261
-16.8214 1.37783 2.89013 -0.0269085 -0.052823 0.0508857 0.996956
-16.8556 1.36336 2.86066 -0.0247083 -0.0550411 0.0544847 0.996704
-16.8924 1.34655 2.83719 -0.0234221 -0.0564962 0.05685 0.996521
-16.9281 1.32998 2.81367 -0.0223903 -0.0574579 0.0578253 0.996434
-16.9637 1.31615 2.78833 -0.0212166 -0.0577376 0.0565273 0.996517
-16.9945 1.30311 2.76423 -0.0209209 -0.0577679 0.0547953 0.996619
-17.0266 1.29074 2.74384 -0.0208175 -0.0572904 0.0510843 0.996845
-17.052 1.2791 2.72311 -0.0212661 -0.0567241 0.0460638 0.997114
-17.0772 1.27021 2.70306 -0.0215583 -0.0557242 0.039327 0.997451
-17.1016 1.26122 2.68438 -0.0223744 -0.0542853 0.0316535 0.997787
-17.1213 1.2532 2.6674 -0.0232832 -0.0527206 0.0232147 0.998081
-17.1454 1.24373 2.65051 -0.0245745 -0.050604 0.0139799 0.998332
-17.1676 1.23671 2.63059 -0.0255871 -0.0484801 0.00396039 0.998501
-17.1851 1.22744 2.60861 -0.0270464 -0.0465145 -0.00654179 0.998544
-17.2089 1.21837 2.59262 -0.0285798 -0.0440527 -0.0166119 0.998495
-17.2287 1.20696 2.57374 -0.0301179 -0.0418957 -0.0273871 0.998306
-17.2478 1.19753 2.55127 -0.0312572 -0.0396842 -0.0383382 0.998
-17.2716 1.18504 2.53393 -0.0327911 -0.0371664 -0.048624 0.9976
-17.2979 1.17358 2.51644 -0.0338269 -0.0347421 -0.0591268 0.997085
-17.3234 1.16241 2.49672 -0.0346925 -0.0322802 -0.0688934 0.996512
-17.3506 1.14991 2.47666 -0.0352272 -0.0299787 -0.0781447 0.995881
-17.3762 1.13692 2.45714 -0.0356587 -0.0279167 -0.0865158 0.995234
-17.4018 1.12414 2.43604 -0.0356439 -0.0263667 -0.0937763 0.994619
-17.4308 1.10948 2.41314 -0.0353255 -0.024692 -0.0999974 0.994068
-17.4597 1.09435 2.39091 -0.0345598 -0.0235392 -0.104776 0.993629
-17.4862 1.08029 2.36499 -0.0332729 -0.0227428 -0.108203 0.993326
-17.5185 1.06315 2.34278 -0.0318209 -0.0222048 -0.110184 0.993167
-17.5498 1.04534 2.31822 -0.0298793 -0.0218436 -0.111133 0.99313
-17.5802 1.02908 2.28986 -0.0274564 -0.0218403 -0.110718 0.993245
-17.6126 1.01108 2.26384 -0.0250384 -0.0220917 -0.10942 0.993449
-17.6477 0.991245 2.23627 -0.0224932 -0.0225018 -0.107125 0.993749
-17.6802 0.972863 2.20934 -0.0194301 -0.0232495 -0.104047 0.994125
-17.7224 0.954793 2.17967 -0.0164044 -0.0235486 -0.100386 0.994548
-17.7607 0.936252 2.15146 -0.0132291 -0.0243984 -0.0959437 0.995014
-17.7968 0.92062 2.12039 -0.00957645 -0.0254901 -0.090835 0.995507
-17.8325 0.904888 2.08623 -0.00597944 -0.0265742 -0.0856777 0.995965
-17.8666 0.890625 2.04929 -0.0023902 -0.0279472 -0.0797036 0.996437
-17.9 0.876197 2.01296 0.00115046 -0.0295097 -0.0737091 0.996857
-17.9412 0.858791 1.97921 0.00423903 -0.0305853 -0.0676989 0.997241
-17.9857 0.844784 1.94564 0.00722175 -0.0315715 -0.0619616 0.997567
-18.0272 0.830438 1.91003 0.0100307 -0.0328139 -0.0562074 0.997842
-18.0708 0.817412 1.87524 0.0126338 -0.0338218 -0.0507749 0.998071
-18.104 0.807026 1.83746 0.015094 -0.0355074 -0.0451656 0.998247
-18.1475 0.800834 1.8016 0.017262 -0.0363937 -0.0402598 0.998391
-18.1875 0.79392 1.76546 0.0189295 -0.0373527 -0.0358334 0.998493
-18.2369 0.786529 1.7227 0.0201554 -0.0375588 -0.0323563 0.998581
-18.2745 0.784263 1.68253 0.0209603 -0.0386012 -0.0288452 0.998632
-18.3267 0.781793 1.64229 0.0212236 -0.0384326 -0.0265934 0.998696
-18.3737 0.781222 1.60371 0.0213115 -0.0384208 -0.0244296 0.998749
-18.4219 0.787941 1.56119 0.0213735 -0.0382695 -0.0228839 0.998791
-18.463 0.792984 1.52166 0.0210685 -0.0386881 -0.0217492 0.998806
-18.5082 0.797916 1.48079 0.0205097 -0.0388538 -0.0211955 0.998824
-18.5526 0.808754 1.43776 0.0199774 -0.0388863 -0.0207876 0.998841
-18.604 0.820981 1.3943 0.0194452 -0.0384355 -0.0211458 0.998862
-18.6497 0.831713 1.34886 0.0184702 -0.0382672 -0.0213158 0.998883
-18.6967 0.844975 1.30256 0.0176368 -0.0378405 -0.0217815 0.998905
-18.7469 0.859552 1.25602 0.0168278 -0.0374159 -0.0228721 0.99891
-18.798 0.876311 1.20766 0.0161085 -0.0368056 -0.0237904 0.998924
-18.8398 0.89015 1.16301 0.0153338 -0.0363378 -0.025069 0.998921
-18.8776 0.902694 1.12217 0.0148283 -0.0359479 -0.0263434 0.998911
-18.9058 0.91497 1.08808 0.0143823 -0.0357994 -0.0277382 0.998884
-18.9423 0.92852 1.04698 0.0139855 -0.0354942 -0.0291624 0.998861
-18.988 0.941892 0.997093 0.0135651 -0.0352263 -0.0310272 0.998819
-19.0374 0.958684 0.93388 0.0136883 -0.0348139 -0.0327314 0.998778
-19.0871 0.977848 0.860296 0.0141844 -0.0349377 -0.0342235 0.998716
-19.1424 0.995563 0.777516 0.0149784 -0.0350793 -0.0359387 0.99864
-19.1936 1.01807 0.686251 0.0164959 -0.0356499 -0.0371645 0.998551
-19.2437 1.03025 0.58235 0.0178458 -0.0362934 -0.0385054 0.998454
-19.295 1.03892 0.470694 0.0194323 -0.0368894 -0.0397513 0.998353
-19.3395 1.04136 0.343695 0.021094 -0.0377431 -0.0406539 0.998252
-19.3805 1.03899 0.207491 0.0229737 -0.0387096 -0.0412261 0.998149
-19.411 1.03077 0.0772464 0.0249188 -0.0398254 -0.0414618 0.99805
-19.4348 1.02081 -0.0446619 0.0268902 -0.040873 -0.0413371 0.997961
-19.4487 1.00886 -0.157143 0.028895 -0.0426804 -0.0405751 0.997861
-19.4626 0.994994 -0.262301 0.030586 -0.0438966 -0.0399465 0.997783
-19.4728 0.983968 -0.352473 0.0324098 -0.0454203 -0.0389085 0.997699
-19.4836 0.972939 -0.436671 0.0338449 -0.0471245 -0.0372488 0.997635
-19.4845 0.965104 -0.516409 0.0354605 -0.0492682 -0.0351394 0.997552
-19.4863 0.95917 -0.579842 0.0366925 -0.0516359 -0.0320872 0.99749
-19.4852 0.953623 -0.63865 0.0375584 -0.0542809 -0.0288857 0.997416
-19.4974 0.94918 -0.688009 0.0383242 -0.0563229 -0.0253528 0.997369
-19.4909 0.942951 -0.731996 0.038243 -0.0598812 -0.0205171 0.997277
-19.4896 0.937681 -0.76441 0.0377269 -0.0632336 -0.0152332 0.997183
-19.4914 0.933667 -0.791572 0.0370568 -0.0664925 -0.00953389 0.997068
-19.496 0.930541 -0.808845 0.0359614 -0.0700338 -0.00274858 0.996907
-19.4958 0.928997 -0.818121 0.0344968 -0.0741284 0.00454647 0.996657
-19.4951 0.926079 -0.823633 0.0323699 -0.0783876 0.0125847 0.996332
-19.496 0.923814 -0.827664 0.0296829 -0.0829569 0.0214338 0.995896
-19.4946 0.917615 -0.846234 0.0265288 -0.0876742 0.0303989 0.995346
-19.4958 0.91618 -0.869883 0.0235431 -0.0924146 0.0396995 0.994666
-19.4953 0.909653 -0.90356 0.0196263 -0.0973674 0.0493537 0.993845
-19.4911 0.905825 -0.942578 0.0156401 -0.102477 0.0595864 0.992841
-19.4888 0.897783 -0.995468 0.0111185 -0.107184 0.0697654 0.991741
-19.4798 0.890654 -1.05285 0.00659957 -0.112452 0.0802909 0.990402
-19.4716 0.887422 -1.11235 0.00220602 -0.117598 0.0910063 0.988895
-19.4619 0.881452 -1.18227 -0.0024454 -0.122567 0.1014 0.987279
-19.4495 0.874472 -1.264 -0.0071594 -0.127443 0.111735 0.985521
-19.4323 0.869792 -1.35096 -0.0117188 -0.132251 0.121681 0.983665
-19.4116 0.863248 -1.44421 -0.0162365 -0.136863 0.13139 0.981718
-19.3786 0.856887 -1.54757 -0.0206964 -0.141476 0.140792 0.979676
-19.3527 0.847563 -1.65219 -0.0250532 -0.145519 0.149433 0.977699
-19.3124 0.839299 -1.76829 -0.0290311 -0.149456 0.157648 0.975704
-19.2695 0.826487 -1.89238 -0.0326577 -0.15315 0.164994 0.9738
-19.2188 0.809908 -2.02195 -0.0358153 -0.156915 0.171458 0.971972
-19.171 0.786707 -2.14904 -0.0388637 -0.160332 0.17713 0.970277
-19.1243 0.756124 -2.26986 -0.0414899 -0.163703 0.179623 0.969148
-19.0862 0.722934 -2.38495 -0.0429987 -0.166929 0.178844 0.968675
-19.0502 0.681478 -2.4763 -0.0447821 -0.170075 0.17855 0.968102
-19.0148 0.640065 -2.57858 -0.0463794 -0.172939 0.178226 0.967578
-18.9892 0.59721 -2.66804 -0.0477055 -0.17481 0.177488 0.967314
-18.9523 0.56284 -2.76096 -0.0488703 -0.176728 0.177052 0.966986
-18.91 0.539963 -2.8511 -0.0497206 -0.178263 0.176603 0.966744
-18.8593 0.524006 -2.93765 -0.0509078 -0.179135 0.176338 0.966569
-18.803 0.524557 -3.01585 -0.0517805 -0.17952 0.176033 0.966507
-18.7413 0.538131 -3.08009 -0.0525223 -0.179579 0.175785 0.966501
-18.6832 0.558943 -3.13581 -0.0531182 -0.178748 0.175391 0.966694
-18.6259 0.585292 -3.18131 -0.053745 -0.177498 0.175086 0.966945
-18.5706 0.613149 -3.22242 -0.0544866 -0.175709 0.174872 0.967269
-18.5208 0.641784 -3.26005 -0.0550769 -0.173222 0.17441 0.967767
-18.4667 0.670477 -3.28992 -0.0561957 -0.170791 0.174344 0.968147
-18.4166 0.699334 -3.31716 -0.0573323 -0.167767 0.174442 0.968591
-18.3674 0.728297 -3.34327 -0.0583461 -0.16442 0.174609 0.969075
-18.3224 0.756858 -3.36675 -0.059254 -0.160613 0.172946 0.969956
-18.2784 0.783703 -3.38775 -0.0599734 -0.156457 0.169691 0.971165
-18.2392 0.809818 -3.4089 -0.0607533 -0.151752 0.1662 0.972466
-18.204 0.831738 -3.42056 -0.0622347 -0.146434 0.162646 0.973788
-18.1743 0.85178 -3.43292 -0.0637154 -0.140355 0.159109 0.97517
-18.1479 0.87209 -3.44769 -0.0649833 -0.133647 0.155183 0.976661
-18.1246 0.888755 -3.45736 -0.0668089 -0.126586 0.151877 0.977997
-18.1021 0.900267 -3.4675 -0.069196 -0.119428 0.148334 0.979274
-18.0851 0.911506 -3.47321 -0.0714073 -0.111666 0.144558 0.980595
-18.0708 0.921944 -3.47743 -0.0736374 -0.103552 0.140821 0.981864
-18.061 0.927494 -3.48072 -0.0763218 -0.0950268 0.137251 0.983025
-18.053 0.932596 -3.48207 -0.0789863 -0.0863463 0.133335 0.984154
-18.049 0.933714 -3.48367 -0.0818731 -0.0777425 0.129691 0.985122
-18.0484 0.933802 -3.48085 -0.0849028 -0.0689819 0.125674 0.986038
-18.0483 0.934301 -3.47918 -0.0879015 -0.0603358 0.121768 0.986832
-18.0412 0.937045 -3.47998 -0.0913045 -0.0517631 0.11797 0.987471
-18.0296 0.946531 -3.48285 -0.0945762 -0.0433008 0.113933 0.988044
-18.0111 0.958407 -3.4912 -0.0978718 -0.0350368 0.110018 0.988495
-17.9873 0.973931 -3.50075 -0.101413 -0.027062 0.106352 0.988789
-17.959 0.992257 -3.51635 -0.105144 -0.0191782 0.102747 0.988965
-17.9251 1.01519 -3.53742 -0.108504 -0.0114305 0.099034 0.989101
-17.8816 1.04333 -3.55755 -0.111904 -0.00452826 0.0952183 0.989152
-17.8321 1.06921 -3.5863 -0.11535 0.00214283 0.0917462 0.989093
-17.7691 1.09818 -3.61085 -0.118903 0.00806448 0.0879999 0.988982
-17.6993 1.12716 -3.64058 -0.12212 0.0136338 0.083354 0.988931
-17.6193 1.15517 -3.66791 -0.125562 0.018543 0.0793439 0.98875
-17.5301 1.18396 -3.69113 -0.129179 0.0233091 0.0757742 0.988463
-17.4319 1.21449 -3.71292 -0.132546 0.0275742 0.0730171 0.988116
-17.3266 1.24259 -3.73396 -0.135351 0.0316284 0.0685841 0.987931
-17.2201 1.27349 -3.75554 -0.13781 0.0357823 0.0651847 0.98768
-17.0918 1.29923 -3.77047 -0.142396 0.038444 0.0641647 0.986995
-16.9615 1.33153 -3.78784 -0.143961 0.0411194 0.0604926 0.986893
-16.8162 1.35808 -3.80424 -0.148984 0.0426327 0.0603243 0.986093
-16.672 1.38732 -3.81489 -0.151112 0.0444004 0.0584554 0.985804
-16.5286 1.41372 -3.82942 -0.154276 0.0459394 0.0581338 0.985262
-16.3965 1.4399 -3.8466 -0.156318 0.0491999 0.0569784 0.984851
-16.2598 1.46058 -3.85769 -0.160176 0.0529249 0.05981 0.983869
-16.1284 1.47924 -3.86702 -0.163859 0.0577398 0.0608422 0.982928
-15.9932 1.50172 -3.88163 -0.162523 0.0597325 0.0622426 0.982943
-15.8645 1.51712 -3.89186 -0.162763 0.0630301 0.0618558 0.982722
-15.7455 1.53204 -3.90363 -0.16078 0.0679241 0.060391 0.982813
-15.6181 1.53704 -3.91586 -0.159226 0.0692257 0.0597859 0.983012
-15.4842 1.53041 -3.92148 -0.15962 0.0702169 0.0607887 0.982816
-15.3512 1.51748 -3.92315 -0.152729 0.0682338 0.0638951 0.983854
-15.2213 1.49041 -3.91004 -0.146393 0.0671477 0.0686848 0.984568
-15.0951 1.46326 -3.88982 -0.139498 0.0664587 0.0736802 0.985255
-14.9694 1.44054 -3.86358 -0.134142 0.0662919 0.0803633 0.985487
-14.8417 1.42686 -3.82958 -0.129518 0.065311 0.0866065 0.985643
-14.7167 1.42296 -3.79186 -0.124011 0.063493 0.0929157 0.985895
-14.5949 1.42881 -3.74812 -0.118726 0.0615833 0.0975576 0.986219
-14.4765 1.42299 -3.69618 -0.117461 0.0624815 0.105629 0.985482
-14.356 1.42977 -3.65158 -0.112706 0.0598219 0.111747 0.985528
-14.2339 1.43889 -3.61018 -0.105477 0.0558391 0.119719 0.985625
-14.1152 1.44769 -3.56599 -0.0988019 0.0526146 0.127199 0.985558
-13.9978 1.4561 -3.52007 -0.0926242 0.049105 0.134378 0.985386
-13.8809 1.46453 -3.47361 -0.0859434 0.045939 0.142208 0.985045
-13.765 1.47127 -3.4333 -0.0824428 0.0391009 0.146863 0.984956
-13.6523 1.48053 -3.38377 -0.0759807 0.0375159 0.153343 0.98455
-13.5359 1.4885 -3.34129 -0.0707966 0.0325429 0.159393 0.984152
-13.4265 1.49692 -3.29456 -0.064907 0.0306294 0.164972 0.983701
-13.3129 1.50451 -3.25215 -0.0603557 0.026156 0.169763 0.983304
-13.201 1.51154 -3.21184 -0.0561629 0.0220624 0.173718 0.982963
-13.0903 1.51698 -3.17257 -0.0531166 0.0180654 0.176745 0.982673
-12.9816 1.524 -3.1339 -0.0492052 0.014645 0.17593 0.983081
-12.8734 1.52941 -3.09832 -0.0463414 0.011177 0.174698 0.983485
-12.7628 1.53195 -3.06541 -0.0447908 0.00691487 0.173923 0.983733
-12.6546 1.53249 -3.03484 -0.0441242 0.00344471 0.172771 0.983984
-12.5452 1.53236 -3.00444 -0.0437508 0.000279796 0.172142 0.984118
-12.4374 1.53212 -2.97593 -0.0437959 -0.00327043 0.17097 0.984314
-12.328 1.5285 -2.9496 -0.045811 -0.00767872 0.169406 0.984469
-12.2205 1.52703 -2.92151 -0.0464219 -0.0111153 0.168643 0.984538
-12.1164 1.52599 -2.89699 -0.0468085 -0.0144434 0.167607 0.984654
-12.0119 1.52514 -2.87156 -0.047411 -0.0183041 0.166105 0.984815
-11.9056 1.5217 -2.84468 -0.0490452 -0.0221137 0.165732 0.98472
-11.8018 1.51883 -2.81846 -0.0503676 -0.0252539 0.165428 0.984629
-11.7031 1.51962 -2.79443 -0.0507495 -0.0295447 0.163345 0.984838
-11.6036 1.51607 -2.77086 -0.052908 -0.0337651 0.161756 0.984851
-11.5017 1.51065 -2.74544 -0.0554541 -0.0379615 0.160944 0.984691
-11.4074 1.50842 -2.72189 -0.0563475 -0.042153 0.15981 0.984654
-11.3131 1.5068 -2.70012 -0.057019 -0.0472609 0.158234 0.984639
-11.2223 1.50382 -2.67474 -0.0574074 -0.0499955 0.158179 0.984489
-11.1342 1.50014 -2.65072 -0.0576715 -0.0523328 0.157752 0.984422
-11.046 1.49798 -2.62568 -0.0571646 -0.0559995 0.157531 0.984284
-10.9693 1.49497 -2.60862 -0.0568915 -0.0578903 0.155095 0.984578
-10.8916 1.49284 -2.58694 -0.0556094 -0.0619898 0.154701 0.984463
-10.8123 1.48877 -2.57066 -0.0552784 -0.0644324 0.152539 0.984663
-10.7353 1.48387 -2.55318 -0.0547181 -0.0676276 0.150613 0.984776
-10.6655 1.47813 -2.54073 -0.0539256 -0.0685263 0.149153 0.98498
-10.5941 1.47102 -2.52524 -0.0534679 -0.0708311 0.146897 0.985181
-10.5241 1.46343 -2.51108 -0.0527087 -0.0729443 0.145119 0.985331
-10.4592 1.45698 -2.49889 -0.0514391 -0.0747757 0.143841 0.985448
-10.3956 1.45009 -2.48425 -0.0498186 -0.0766568 0.142709 0.985552
-10.3307 1.44597 -2.47182 -0.0474671 -0.078749 0.142995 0.985461
-10.2676 1.44118 -2.45642 -0.0454818 -0.0810903 0.14285 0.985386
-10.2056 1.43514 -2.44583 -0.0434846 -0.0830491 0.14265 0.985342
-10.1456 1.43188 -2.44019 -0.0412566 -0.0851808 0.143232 0.985172
-10.0805 1.42907 -2.4296 -0.0388456 -0.0874903 0.143549 0.985021
-10.0283 1.42424 -2.41914 -0.0370896 -0.0888984 0.143108 0.985027
-9.97848 1.42201 -2.41002 -0.0349307 -0.0901237 0.143835 0.984888
-9.93302 1.41756 -2.40091 -0.0333576 -0.0906399 0.144044 0.984865
-9.88818 1.41413 -2.39402 -0.0315793 -0.0912187 0.144119 0.984859
-9.84514 1.4142 -2.38764 -0.0300279 -0.0914135 0.144 0.984907
-9.80264 1.4109 -2.37961 -0.0286608 -0.0920045 0.145095 0.984732
-9.76262 1.40993 -2.37401 -0.0274252 -0.092017 0.145767 0.984667
-9.72468 1.41177 -2.36855 -0.0267342 -0.0921216 0.145796 0.984672
-9.6919 1.40975 -2.36129 -0.0266156 -0.0913571 0.145119 0.984847
-9.65711 1.40946 -2.35559 -0.0264591 -0.0906183 0.144846 0.984959
-9.62198 1.41043 -2.35066 -0.0260814 -0.0902729 0.145255 0.984941
-9.59185 1.40731 -2.34539 -0.026722 -0.0889593 0.145053 0.985072
-9.56529 1.4099 -2.34124 -0.0270471 -0.0875931 0.144571 0.985257
-9.54125 1.4086 -2.33795 -0.0277125 -0.0858084 0.144494 0.985407
-9.51362 1.40825 -2.33297 -0.0289389 -0.0845122 0.143711 0.985599
-9.49306 1.406 -2.33085 -0.030316 -0.0824648 0.143085 0.985821
-9.47348 1.40879 -2.33056 -0.0313633 -0.0800398 0.142707 0.986044
-9.45407 1.40676 -2.32737 -0.0333438 -0.0779803 0.141826 0.98627
-9.43958 1.40752 -2.32714 -0.0347579 -0.0753791 0.141562 0.986462
-9.42575 1.41229 -2.3297 -0.0360753 -0.0723711 0.141169 0.986696
-9.40998 1.41512 -2.32681 -0.0380588 -0.0691583 0.139561 0.987081
-9.39194 1.41681 -2.32819 -0.0397184 -0.0661797 0.138858 0.987318
-9.37624 1.41883 -2.32569 -0.0419735 -0.062112 0.137002 0.987749
-9.35995 1.42083 -2.32833 -0.0439861 -0.0581799 0.1358 0.988066
-9.34468 1.42188 -2.32818 -0.0466453 -0.0534231 0.132958 0.9886
-9.33185 1.42258 -2.32948 -0.0492191 -0.0484502 0.130759 0.989024
-9.31388 1.42559 -2.3301 -0.0514497 -0.0435171 0.128775 0.989401
-9.29513 1.42529 -2.33101 -0.0539983 -0.0384236 0.126564 0.98976
-9.27793 1.42687 -2.33177 -0.0565374 -0.0329394 0.123764 0.990171
-9.26381 1.42914 -2.33153 -0.059228 -0.0271107 0.120867 0.990547
-9.24308 1.43091 -2.33354 -0.0613504 -0.0222398 0.119025 0.990763
-9.22174 1.43337 -2.33868 -0.0637069 -0.0166737 0.116428 0.991032
-9.2041 1.43514 -2.33762 -0.0662709 -0.010971 0.1129 0.991352
-9.1847 1.43867 -2.33827 -0.0690889 -0.0053712 0.108997 0.991642
-9.16221 1.44013 -2.34455 -0.0710358 -0.000727972 0.107742 0.991656
-9.14293 1.44116 -2.34697 -0.0737061 0.00496818 0.10413 0.991834
-9.11874 1.44325 -2.34814 -0.0757964 0.00958368 0.102196 0.991845
-9.09066 1.44592 -2.34943 -0.0778069 0.0140548 0.100264 0.991833
-9.0666 1.44701 -2.34933 -0.079912 0.018531 0.0978826 0.99183
-9.04142 1.44864 -2.35079 -0.0819238 0.022839 0.0959484 0.991765
-9.01847 1.45036 -2.34788 -0.0840323 0.0272093 0.0936743 0.991696
-8.99219 1.44987 -2.34817 -0.0859011 0.0303902 0.0922366 0.991578
-8.96517 1.45203 -2.34573 -0.0876183 0.03336 0.0907671 0.991468
-8.93517 1.45507 -2.34821 -0.0887625 0.0352145 0.0901562 0.991357
-8.90548 1.45619 -2.3459 -0.0904582 0.0366325 0.0895523 0.991208
-8.87949 1.45536 -2.34157 -0.0925576 0.0383981 0.087846 0.991099
-8.84652 1.45605 -2.33916 -0.0935745 0.0383293 0.0889261 0.990911
-8.81406 1.45646 -2.33818 -0.0943976 0.0379184 0.0901919 0.990734
-8.79101 1.45397 -2.33048 -0.0959861 0.0382067 0.0899359 0.990594
-8.77022 1.45165 -2.32301 -0.09707 0.0374125 0.0900526 0.990507
-8.73582 1.45486 -2.32401 -0.0972608 0.0354144 0.0915782 0.990423
-8.70576 1.45539 -2.32012 -0.0975931 0.0333434 0.093062 0.990323
-8.67369 1.45484 -2.31913 -0.0979282 0.0310226 0.0953466 0.990149
-8.64526 1.45308 -2.31185 -0.0983802 0.0289564 0.0966699 0.990037
-8.6132 1.45295 -2.30961 -0.0984138 0.0264952 0.0988957 0.989884
-8.58508 1.45278 -2.30282 -0.0981473 0.0242335 0.100208 0.989836
-8.5532 1.45167 -2.29877 -0.0977438 0.0217678 0.102864 0.989661
-8.5241 1.45055 -2.29164 -0.0973474 0.019845 0.104451 0.989574
-8.48933 1.45023 -2.28753 -0.0965701 0.0176874 0.10657 0.989466
-8.46612 1.44708 -2.27683 -0.0959929 0.0167906 0.107589 0.989426
-8.4317 1.44648 -2.26939 -0.0948428 0.0154117 0.109963 0.989299
-8.40048 1.44524 -2.26518 -0.0934603 0.0146894 0.111543 0.989264
-8.37155 1.44402 -2.25465 -0.0920698 0.0149159 0.112408 0.989294
-8.34061 1.44203 -2.24587 -0.0905504 0.0155279 0.11346 0.989304
-8.31031 1.441 -2.2367 -0.0883459 0.0167996 0.114386 0.989377
-8.27779 1.43984 -2.22817 -0.0863523 0.0184909 0.11478 0.989477
-8.24269 1.43881 -2.22256 -0.0838648 0.0210992 0.115358 0.989572
-8.20953 1.43787 -2.21656 -0.0814413 0.024719 0.115599 0.989662
-8.17683 1.43708 -2.20891 -0.078626 0.0289984 0.115355 0.989802
-8.12876 1.43774 -2.20354 -0.0755841 0.0332085 0.115368 0.989905
-8.07678 1.43637 -2.19119 -0.0726336 0.0380774 0.115536 0.989931
-8.02303 1.43424 -2.17472 -0.0697898 0.044168 0.114485 0.990004
-7.96437 1.43172 -2.15562 -0.0669346 0.0509323 0.113609 0.989978
-7.89892 1.42936 -2.13452 -0.0640548 0.0578981 0.112181 0.989948
-7.82656 1.42728 -2.10948 -0.0610606 0.0652823 0.110964 0.989816
-7.74987 1.42567 -2.08222 -0.0581715 0.0727772 0.109623 0.989616
-7.66884 1.42323 -2.04951 -0.0555566 0.0805311 0.108228 0.98932
-7.57594 1.42042 -2.01855 -0.0530804 0.0879532 0.106778 0.98898
-7.47328 1.41866 -1.98554 -0.0505685 0.0948719 0.10521 0.988641
-7.36435 1.41707 -1.95081 -0.0485748 0.101997 0.103339 0.988228
-7.24927 1.4141 -1.9128 -0.0466994 0.108789 0.101526 0.987783
-7.12615 1.41386 -1.87293 -0.0450867 0.11536 0.0994203 0.987326
-7.00503 1.41053 -1.83394 -0.0442834 0.122166 0.096764 0.986808
-6.87437 1.40734 -1.79261 -0.0439266 0.128164 0.0941082 0.986319
-6.73903 1.40472 -1.7481 -0.0438773 0.133676 0.0917075 0.985817
-6.60492 1.4004 -1.69149 -0.0445484 0.139516 0.0889123 0.985232
-6.48079 1.39718 -1.64626 -0.0458644 0.14486 0.0855757 0.984697
-6.34385 1.3968 -1.59372 -0.0471436 0.148536 0.0828339 0.984322
-6.21984 1.39157 -1.5441 -0.0494507 0.152365 0.0798552 0.983871
-6.09287 1.38633 -1.50079 -0.0524684 0.1552 0.0771116 0.983489
-5.9786 1.382 -1.45319 -0.055821 0.158916 0.0735978 0.982982
-5.85975 1.37714 -1.40155 -0.059421 0.161762 0.0704431 0.982536
-5.74886 1.37156 -1.36066 -0.0635029 0.164346 0.0666732 0.982116
-5.63818 1.36319 -1.30953 -0.0678993 0.167193 0.063293 0.981564
-5.53511 1.35777 -1.2626 -0.0720656 0.170002 0.0598359 0.981002
-5.43436 1.34749 -1.21307 -0.0768689 0.172971 0.0571437 0.980278
-5.33301 1.34034 -1.16968 -0.0815199 0.175587 0.0533933 0.979649
-5.22599 1.33235 -1.12345 -0.0862178 0.178295 0.0496296 0.978954
-5.13211 1.32253 -1.07746 -0.0910073 0.181869 0.0458265 0.97805
-5.03229 1.31475 -1.03588 -0.0954031 0.184805 0.0424373 0.977232
-4.94823 1.30494 -1.00253 -0.100017 0.18879 0.0386804 0.976165
-4.8619 1.29478 -0.965519 -0.104453 0.192999 0.0348172 0.975021
-4.77303 1.28671 -0.931707 -0.108179 0.197808 0.0305081 0.973796
-4.68596 1.27647 -0.898509 -0.111961 0.202892 0.0270411 0.972423
-4.5991 1.26475 -0.860886 -0.115829 0.208893 0.0229693 0.970804
-4.51905 1.25708 -0.827272 -0.11861 0.216331 0.0184357 0.968932
-4.4268 1.25154 -0.792558 -0.120543 0.223337 0.0138171 0.967181
-4.35168 1.23993 -0.764643 -0.122758 0.232392 0.00950776 0.964817
-4.28349 1.23168 -0.731562 -0.124527 0.242801 0.00496299 0.962059
-4.20672 1.22355 -0.705156 -0.125604 0.252112 0.000813706 0.959531
-4.12461 1.21961 -0.679956 -0.12596 0.260886 -0.00388714 0.95713
-4.04782 1.21729 -0.663261 -0.125313 0.269962 -0.00895587 0.95466
-3.9793 1.20878 -0.645444 -0.125806 0.280212 -0.0131691 0.951589
-3.91269 1.20254 -0.624275 -0.125273 0.29074 -0.0173361 0.948428
-3.84475 1.20072 -0.613946 -0.123933 0.299698 -0.0221429 0.945713
-3.78594 1.19731 -0.596511 -0.122356 0.310114 -0.0260379 0.942454
-3.72797 1.19136 -0.58332 -0.121293 0.319743 -0.0291168 0.93928
-3.67358 1.18921 -0.566453 -0.119159 0.328955 -0.0316201 0.936284
-3.61931 1.18643 -0.550986 -0.117333 0.337839 -0.0329816 0.933302
-3.56822 1.18721 -0.542296 -0.114727 0.345117 -0.035343 0.930871
-3.52085 1.17615 -0.532044 -0.114787 0.351612 -0.0346999 0.928456
-3.47694 1.1732 -0.52154 -0.113275 0.357792 -0.0348226 0.926272
-3.43221 1.16824 -0.513345 -0.11218 0.362443 -0.0332875 0.924654
-3.39375 1.15985 -0.501781 -0.112048 0.366655 -0.0309732 0.923087
-3.35592 1.15251 -0.495637 -0.111898 0.368856 -0.0284387 0.922311
-3.32661 1.15223 -0.489489 -0.110068 0.370585 -0.0256266 0.921919
-3.29423 1.14503 -0.484809 -0.110191 0.369618 -0.0214944 0.9224
-3.26854 1.14161 -0.480418 -0.109497 0.368198 -0.016691 0.923148
-3.24214 1.13539 -0.479775 -0.109607 0.364961 -0.0106111 0.924511
-3.22014 1.13098 -0.475376 -0.110092 0.360908 -0.00421941 0.926093
-3.20074 1.12172 -0.475023 -0.111437 0.355448 0.00330548 0.928046
-3.19031 1.1146 -0.470686 -0.11266 0.350134 0.0111095 0.929855
-3.18279 1.10526 -0.464675 -0.114728 0.344179 0.0191307 0.931694
-3.18809 1.10313 -0.459176 -0.114731 0.339015 0.0266181 0.933401
-3.17601 1.10271 -0.466149 -0.115418 0.328666 0.0366728 0.936672
-3.16755 1.09342 -0.461347 -0.117651 0.320368 0.0477253 0.938767
-3.15094 1.08848 -0.457621 -0.118417 0.311462 0.0580536 0.941085
-3.13099 1.07712 -0.451389 -0.120543 0.303605 0.0691766 0.942628
-3.09316 1.07076 -0.449346 -0.121174 0.293162 0.0802071 0.944977
-3.05804 1.06736 -0.441118 -0.120953 0.28442 0.0901121 0.946781
