0 0 0 0 0 0 1
-0.00287026 0.054323 -0.10518 0.00124627 0.00605285 -0.00966726 0.999934
-0.0979366 0.0982832 -0.181474 0.0034899 0.0129005 -0.0203912 0.999703
-0.211445 0.120227 -0.226511 0.00593879 0.0202811 -0.0320447 0.999263
-0.316071 0.134879 -0.251549 0.00814326 0.0275855 -0.0443973 0.9986
-0.410749 0.144956 -0.276282 0.0105472 0.0350243 -0.0571109 0.997698
-0.500565 0.155922 -0.29403 0.013085 0.0430069 -0.0701171 0.996526
-0.57784 0.161675 -0.307327 0.0153026 0.0506831 -0.083293 0.995118
-0.642571 0.169176 -0.321564 0.0179254 0.0581245 -0.0962653 0.993496
-0.703048 0.172478 -0.334545 0.020212 0.0657088 -0.109153 0.991645
-0.752981 0.171808 -0.34849 0.0221518 0.0729963 -0.121622 0.989641
-0.791346 0.170773 -0.362149 0.0242283 0.0798059 -0.133288 0.987562
-0.827794 0.168872 -0.365611 0.0259462 0.0866495 -0.144416 0.985375
-0.850875 0.168827 -0.373291 0.0278705 0.092658 -0.154436 0.983254
-0.863603 0.164833 -0.375879 0.0292715 0.0979609 -0.162963 0.981321
-0.868829 0.163591 -0.380398 0.0308571 0.102642 -0.170134 0.979575
-0.878521 0.162101 -0.386448 0.0322756 0.106538 -0.175499 0.978166
-0.892881 0.158336 -0.391615 0.0335816 0.109463 -0.176699 0.977583
-0.91259 0.158095 -0.395832 0.0347744 0.111543 -0.176788 0.97729
-0.938504 0.154832 -0.402659 0.0351763 0.112812 -0.176851 0.977119
-0.971079 0.154334 -0.401701 0.0350733 0.113126 -0.176847 0.977087
-1.00098 0.151646 -0.418711 0.0353642 0.111751 -0.170985 0.978277
-1.04185 0.148733 -0.431854 0.035232 0.109536 -0.162879 0.979915
-1.08691 0.144927 -0.448823 0.0348408 0.106255 -0.152929 0.981891
-1.13462 0.141234 -0.472039 0.0343024 0.101979 -0.140802 0.984175
-1.1898 0.135242 -0.491245 0.0330597 0.0972104 -0.12735 0.986529
-1.24729 0.132264 -0.518617 0.0320557 0.0917145 -0.112682 0.988871
-1.30217 0.127344 -0.545803 0.0302916 0.0855083 -0.0964406 0.991197
-1.36266 0.127651 -0.588972 0.0288547 0.0789273 -0.0796188 0.993278
-1.42093 0.125399 -0.631933 0.026796 0.0718055 -0.062217 0.995116
-1.4729 0.129421 -0.689686 0.0247155 0.0641352 -0.0442714 0.996654
-1.52434 0.136304 -0.759335 0.0224142 0.056308 -0.0265023 0.997811
-1.5752 0.152926 -0.827743 0.0202007 0.0489307 -0.0089439 0.998559
-1.62967 0.174252 -0.906169 0.0180438 0.0422201 0.00785006 0.998915
-1.67157 0.199398 -0.986574 0.0153194 0.0351983 0.0240477 0.998975
-1.71789 0.225986 -1.07227 0.0123893 0.0290433 0.038883 0.998746
-1.75725 0.253648 -1.16895 0.00917486 0.0230098 0.0525418 0.998313
-1.79893 0.288599 -1.26726 0.00635937 0.017919 0.0646415 0.997728
-1.83412 0.328804 -1.37079 0.00358692 0.0132257 0.0750506 0.997087
-1.871 0.370377 -1.47262 0.000516803 0.0097391 0.0833625 0.996473
-1.91049 0.409743 -1.58243 -0.00289078 0.00750614 0.0890547 0.995996
-1.94764 0.450508 -1.70075 -0.0059964 0.00604877 0.0921848 0.995707
-1.99549 0.497865 -1.81592 -0.00838157 0.00598167 0.0927247 0.99564
-2.03943 0.528217 -1.94429 -0.0116518 0.00695857 0.0909042 0.995769
-2.06632 0.555549 -2.07904 -0.0141256 0.00890888 0.0873405 0.99604
-2.07537 0.573525 -2.22389 -0.0165088 0.0122294 0.081139 0.996493
-2.06337 0.585475 -2.37649 -0.0191297 0.0161268 0.0733493 0.996994
-2.03955 0.606609 -2.53421 -0.0204013 0.0205446 0.0641273 0.997523
-2.01561 0.624167 -2.68884 -0.0222856 0.0263964 0.0529546 0.998001
-1.99304 0.639303 -2.85105 -0.0241087 0.0333485 0.0404217 0.998337
-1.96538 0.660011 -3.01763 -0.0252044 0.0404202 0.0272974 0.998494
-1.94303 0.676549 -3.19069 -0.0263624 0.0483153 0.0130494 0.998401
-1.92569 0.69405 -3.3662 -0.0273778 0.0567061 -0.00174559 0.998016
-1.9068 0.707142 -3.54819 -0.0283834 0.0646217 -0.0170315 0.997363
-1.89803 0.724149 -3.73733 -0.0284036 0.0730609 -0.0324906 0.996396
-1.90688 0.742756 -3.92904 -0.0276746 0.0820553 -0.0481273 0.995082
-1.9449 0.760087 -4.12363 -0.0261887 0.0917956 -0.0641611 0.993366
-2.02002 0.767023 -4.30942 -0.0251627 0.102115 -0.0801452 0.991222
-2.13095 0.767043 -4.48471 -0.0237592 0.113129 -0.0961039 0.988639
-2.25812 0.759719 -4.65237 -0.0214963 0.123971 -0.110804 0.985848
-2.398 0.737158 -4.81474 -0.0192119 0.134769 -0.125057 0.982768
-2.54616 0.706354 -4.9751 -0.0157814 0.146225 -0.139096 0.979299
-2.68563 0.655156 -5.14594 -0.0118486 0.157635 -0.151743 0.9757
-2.80004 0.585234 -5.33249 -0.00736753 0.168778 -0.163668 0.971945
-2.88414 0.496654 -5.53999 -0.00240226 0.179367 -0.174546 0.968174
-2.94541 0.40357 -5.75746 0.0048716 0.189699 -0.176632 0.965814
-2.99903 0.305739 -5.98867 0.0117272 0.199891 -0.178685 0.963319
-3.04537 0.217934 -6.22676 0.0189028 0.20944 -0.180742 0.960789
-3.09623 0.145488 -6.4886 0.02652 0.217791 -0.182713 0.958376
-3.17137 0.11293 -6.75297 0.034747 0.226626 -0.184818 0.955658
-3.26217 0.116743 -7.02152 0.0423887 0.233332 -0.187441 0.953222
-3.37207 0.152012 -7.28764 0.0499614 0.239871 -0.189695 0.950783
-3.49152 0.20764 -7.54263 0.0573982 0.24604 -0.191899 0.948341
-3.60547 0.272338 -7.79792 0.0648182 0.250165 -0.194612 0.946229
-3.71562 0.331358 -8.03103 0.0717098 0.253848 -0.196248 0.944411
-3.82347 0.388878 -8.27133 0.0786041 0.25698 -0.198132 0.942621
-3.92067 0.435718 -8.51773 0.085643 0.25887 -0.199806 0.941136
-4.00344 0.459283 -8.76195 0.0916538 0.259398 -0.200375 0.940303
-4.0663 0.476134 -9.01539 0.0980618 0.25842 -0.201894 0.939601
-4.10934 0.474744 -9.27303 0.103026 0.256034 -0.202483 0.939596
-4.1326 0.484278 -9.51838 0.109348 0.252963 -0.202872 0.93963
-4.12632 0.486599 -9.7548 0.117457 0.247419 -0.194428 0.94191
-4.08423 0.483486 -9.99343 0.125174 0.239817 -0.184345 0.944905
-4.02265 0.49077 -10.2155 0.133524 0.231633 -0.173548 0.947843
-3.93576 0.49158 -10.4272 0.141344 0.221742 -0.161423 0.951212
-3.83754 0.502856 -10.6216 0.149824 0.211007 -0.149171 0.954351
-3.7239 0.507 -10.808 0.157737 0.198353 -0.135403 0.957836
-3.60512 0.517301 -10.977 0.16554 0.185048 -0.120939 0.961112
-3.47487 0.520446 -11.1398 0.172582 0.170273 -0.105673 0.964399
-3.34598 0.530107 -11.2964 0.179428 0.1551 -0.0902275 0.967273
-3.22157 0.538768 -11.4476 0.185643 0.139693 -0.074182 0.969809
-3.09453 0.55158 -11.5886 0.191652 0.123671 -0.0576895 0.971934
-2.9778 0.570586 -11.7233 0.197964 0.107863 -0.0411598 0.973392
-2.87516 0.588574 -11.882 0.203634 0.0913361 -0.0247092 0.974469
-2.80273 0.59953 -12.0538 0.20878 0.0753173 -0.00875706 0.975024
-2.74337 0.597552 -12.2112 0.213528 0.0592416 0.0073589 0.975116
-2.68618 0.592938 -12.3632 0.218095 0.043387 0.0227547 0.974702
-2.6206 0.581768 -12.5122 0.221748 0.0279938 0.038 0.973966
-2.55349 0.572375 -12.6562 0.225123 0.0132773 0.0523963 0.972835
-2.48805 0.565518 -12.7895 0.228378 -0.000504761 0.0661259 0.97133
-2.42202 0.563256 -12.9217 0.231684 -0.0134788 0.0788294 0.969504
-2.35286 0.55596 -13.0388 0.234176 -0.0254408 0.0906761 0.967628
-2.28925 0.546977 -13.1497 0.236327 -0.0362189 0.101862 0.965647
-2.22779 0.539058 -13.2605 0.238136 -0.0458218 0.112148 0.963652
-2.16722 0.535418 -13.3671 0.239795 -0.0546037 0.121838 0.961605
-2.1117 0.536882 -13.4869 0.241132 -0.0627378 0.130464 0.959641
-2.05396 0.530479 -13.5823 0.241958 -0.0699034 0.138276 0.957842
-1.9999 0.53324 -13.6817 0.24308 -0.0758498 0.144952 0.956117
-1.94394 0.527714 -13.7786 0.242032 -0.0809016 0.151307 0.954983
-1.88597 0.525811 -13.8716 0.241299 -0.0850847 0.157168 0.953859
-1.83553 0.526952 -13.9877 0.240694 -0.0885295 0.161966 0.952894
-1.77865 0.527058 -14.0914 0.240577 -0.0914653 0.166426 0.951878
-1.71893 0.522633 -14.204 0.239821 -0.0940777 0.170394 0.951112
-1.65052 0.510935 -14.3042 0.238922 -0.0964066 0.174155 0.950424
-1.59028 0.511435 -14.4185 0.238641 -0.0979511 0.177036 0.949804
-1.52791 0.510619 -14.5287 0.238712 -0.0990534 0.17927 0.949253
-1.4614 0.509031 -14.6442 0.238662 -0.0998334 0.181604 0.94874
-1.3896 0.502819 -14.7652 0.238213 -0.100523 0.18346 0.948423
-1.34319 0.529253 -14.9069 0.239817 -0.0997759 0.184421 0.947911
-1.27242 0.525739 -15.0304 0.239506 -0.0997849 0.18555 0.947769
-1.20505 0.530709 -15.1708 0.239313 -0.0995679 0.186232 0.947707
-1.13991 0.528795 -15.2928 0.238404 -0.0984195 0.186031 0.948095
-1.07607 0.530113 -15.4255 0.237492 -0.0971072 0.186199 0.948426
-1.00962 0.540786 -15.5589 0.236915 -0.0963154 0.185735 0.948742
-0.948523 0.53642 -15.699 0.235235 -0.0951435 0.185466 0.949331
-0.897924 0.547977 -15.8386 0.234673 -0.0941415 0.185194 0.949623
-0.855638 0.540906 -15.9891 0.233036 -0.0926907 0.185093 0.950189
-0.831297 0.541194 -16.1673 0.23183 -0.0913955 0.185085 0.950611
-0.820086 0.530017 -16.338 0.230318 -0.0894318 0.185365 0.95111
-0.814185 0.521199 -16.5096 0.228866 -0.0876879 0.18495 0.951704
-0.805188 0.51442 -16.6794 0.227405 -0.0868036 0.184348 0.952252
-0.808411 0.502881 -16.8455 0.226278 -0.0852384 0.184195 0.952692
-0.81212 0.49422 -17.007 0.225322 -0.0841524 0.183918 0.953068
-0.819377 0.480271 -17.1634 0.224099 -0.0831717 0.183748 0.953475
-0.825325 0.467439 -17.3182 0.222834 -0.0821992 0.183305 0.953941
-0.832113 0.457186 -17.4696 0.221853 -0.0816247 0.183084 0.954261
-0.844594 0.44686 -17.615 0.221434 -0.0805768 0.183254 0.954416
-0.85349 0.437899 -17.7573 0.221121 -0.08027 0.183222 0.95452
-0.861529 0.422601 -17.8965 0.219995 -0.0800837 0.182752 0.954886
-0.871889 0.411718 -18.0312 0.219766 -0.0799192 0.182965 0.954912
-0.881513 0.396521 -18.173 0.219469 -0.0798473 0.182763 0.955025
-0.890981 0.382418 -18.3185 0.219501 -0.0802845 0.18244 0.955042
-0.901508 0.367145 -18.4738 0.219665 -0.0806718 0.182221 0.955014
-0.910745 0.347978 -18.6355 0.219423 -0.0815644 0.18201 0.955034
-0.919397 0.330622 -18.8044 0.219943 -0.0825004 0.18176 0.954882
-0.928857 0.310877 -18.9826 0.220281 -0.0831333 0.182203 0.954664
-0.934428 0.286224 -19.1667 0.220412 -0.0842832 0.182042 0.954564
-0.938951 0.261871 -19.351 0.221241 -0.0849064 0.181965 0.954332
-0.938123 0.234457 -19.5456 0.221939 -0.0861785 0.181137 0.954213
-0.937462 0.20874 -19.7482 0.223121 -0.0868772 0.180703 0.953957
-0.933019 0.180142 -19.9624 0.224232 -0.0876732 0.180095 0.953738
-0.928705 0.152011 -20.1769 0.225407 -0.0879949 0.179044 0.95363
-0.926892 0.121001 -20.4029 0.226806 -0.0873604 0.178053 0.953542
-0.918218 0.096054 -20.6361 0.228518 -0.0869904 0.176684 0.953422
-0.897267 0.0696164 -20.8826 0.229229 -0.0871101 0.174613 0.953621
-0.875499 0.0526553 -21.1331 0.230072 -0.0867644 0.171859 0.95395
-0.858952 0.0595903 -21.396 0.23167 -0.0856765 0.169038 0.954166
-0.847507 0.0719968 -21.6577 0.232628 -0.0846198 0.165281 0.954685
-0.851706 0.125966 -21.8969 0.237144 -0.0835868 0.161939 0.954238
-0.867972 0.171764 -22.1548 0.239953 -0.081056 0.157682 0.954467
-0.886132 0.213065 -22.4288 0.241645 -0.0779092 0.152436 0.955154
-0.910162 0.259959 -22.7144 0.243179 -0.0741822 0.146689 0.955961
-0.943182 0.307467 -23.0107 0.244494 -0.0694785 0.140525 0.956905
-0.953182 0.348366 -23.2904 0.245352 -0.0666305 0.133155 0.957941
-0.995024 0.395063 -23.5775 0.246758 -0.0612102 0.125962 0.958914
-1.02664 0.432075 -23.8537 0.247379 -0.056655 0.11782 0.960069
-1.08797 0.477582 -24.1421 0.248435 -0.0500995 0.109682 0.961124
-1.14275 0.510253 -24.4199 0.249074 -0.0445749 0.100869 0.962196
-1.22674 0.534153 -24.6873 0.250188 -0.0377978 0.0916282 0.96312
-1.31305 0.546093 -24.9459 0.251063 -0.0318483 0.0825376 0.96393
-1.41511 0.545767 -25.1977 0.251729 -0.0251199 0.0730429 0.964721
-1.51521 0.536978 -25.4525 0.252255 -0.0189007 0.063162 0.965423
-1.62895 0.52845 -25.7019 0.25292 -0.0115767 0.0536766 0.965938
-1.72539 0.51476 -25.9459 0.253402 -0.00486936 0.0436582 0.966374
-1.82983 0.505267 -26.1873 0.254562 0.00291612 0.0335511 0.96648
-1.92479 0.494337 -26.4364 0.254957 0.0102551 0.0237546 0.966617
-2.01185 0.485212 -26.6816 0.255275 0.0168904 0.0140718 0.966629
-2.09535 0.476568 -26.9281 0.255394 0.0235299 0.00439611 0.966552
-2.17043 0.46736 -27.176 0.255278 0.029665 -0.00516443 0.966409
-2.23745 0.455668 -27.421 0.25462 0.0347351 -0.0142411 0.966324
-2.31497 0.447017 -27.6652 0.254238 0.0405619 -0.0227651 0.966033
-2.38544 0.445321 -27.904 0.254584 0.0460161 -0.0316918 0.965447
-2.45215 0.443835 -28.1437 0.254248 0.0506134 -0.0397888 0.965005
-2.51168 0.439729 -28.3788 0.25397 0.054382 -0.0476182 0.964519
-2.57466 0.430945 -28.6166 0.252868 0.058179 -0.054693 0.964211
-2.64035 0.422639 -28.8463 0.252311 0.0619538 -0.0610298 0.963742
-2.70484 0.417466 -29.0741 0.252168 0.0653779 -0.06661 0.963183
-2.77076 0.40808 -29.3054 0.25114 0.0682814 -0.0712381 0.96292
-2.83832 0.397416 -29.5259 0.25033 0.0706802 -0.0748679 0.962681
-2.89808 0.391101 -29.7437 0.250371 0.0721702 -0.0781736 0.962298
-2.95989 0.384729 -29.9666 0.250023 0.073119 -0.0807432 0.962104
-3.02023 0.376609 -30.186 0.249633 0.0732292 -0.0818946 0.962101
-3.08055 0.371442 -30.4047 0.249758 0.0728705 -0.0820332 0.962083
-3.14045 0.363246 -30.6204 0.249194 0.0715891 -0.0812504 0.962393
-3.19939 0.356943 -30.8343 0.248854 0.069576 -0.078908 0.962822
-3.25637 0.350264 -31.0446 0.248573 0.0663624 -0.0754309 0.963401
-3.31484 0.342281 -31.2552 0.248042 0.0625088 -0.0706521 0.964157
-3.37648 0.333301 -31.4592 0.247701 0.0581599 -0.0643174 0.964961
-3.4357 0.327298 -31.6656 0.247445 0.0525581 -0.0564816 0.965837
-3.49006 0.315135 -31.8641 0.246909 0.0456757 -0.0473901 0.966813
-3.54834 0.30729 -32.0672 0.246625 0.0380332 -0.0363298 0.967694
-3.60301 0.297888 -32.2696 0.246075 0.0290736 -0.0239903 0.96853
-3.65918 0.286947 -32.4816 0.245142 0.0191021 -0.0101669 0.969257
-3.71443 0.277743 -32.6642 0.24516 0.00867927 0.00519623 0.969442
-3.76835 0.266179 -32.8621 0.24446 -0.00245183 0.0212724 0.969434
-3.82269 0.255106 -33.0544 0.24363 -0.0140081 0.038216 0.969027
-3.87673 0.247033 -33.2455 0.243008 -0.0258505 0.0557837 0.968086
-3.92975 0.239901 -33.4325 0.242378 -0.0377251 0.0733098 0.966685
-3.98155 0.228292 -33.6029 0.241807 -0.0492198 0.0906498 0.964838
-4.03474 0.223137 -33.7805 0.241142 -0.0608394 0.10752 0.962608
-4.08668 0.214051 -33.956 0.240332 -0.0720847 0.123862 0.960066
-4.13845 0.207521 -34.1282 0.239489 -0.0828171 0.139133 0.957316
-4.19663 0.204089 -34.2953 0.239096 -0.0927898 0.153626 0.954278
-4.2548 0.200491 -34.4565 0.238544 -0.101917 0.166738 0.95128
-4.33169 0.197771 -34.6073 0.238012 -0.109869 0.178067 0.94847
-4.39513 0.197064 -34.5118 0.237304 -0.116343 0.187614 0.946033
-4.39775 0.196854 -34.3513 0.236702 -0.121469 0.194567 0.944133
-4.39277 0.195071 -34.2015 0.236193 -0.124411 0.196221 0.943535
-4.38155 0.199874 -34.0496 0.236047 -0.126007 0.196624 0.943275
-4.36604 0.203324 -33.9021 0.235907 -0.126906 0.196724 0.94317
-4.35111 0.206582 -33.7591 0.236102 -0.126368 0.196673 0.943203
-4.34095 0.2109 -33.616 0.23656 -0.122299 0.189806 0.945031
-4.3274 0.211315 -33.4861 0.23695 -0.116465 0.179925 0.947599
-4.3128 0.213433 -33.3497 0.23778 -0.108919 0.167223 0.950611
-4.29773 0.218639 -33.2188 0.238531 -0.100145 0.151109 0.954079
-4.28787 0.220916 -33.0934 0.239266 -0.0894089 0.133263 0.957615
-4.27268 0.230281 -32.9674 0.24025 -0.0779572 0.113736 0.960881
-4.26316 0.235741 -32.8513 0.241055 -0.0651745 0.0926144 0.963896
-4.25136 0.24173 -32.7334 0.241892 -0.0517901 0.0705993 0.966358
-4.23885 0.249282 -32.6216 0.242571 -0.0379836 0.0479618 0.968217
-4.23088 0.254626 -32.5203 0.242724 -0.0235025 0.0245361 0.969514
-4.21786 0.26336 -32.4124 0.243397 -0.00919542 0.00104019 0.969897
-4.20928 0.269558 -32.3207 0.243238 0.00514338 -0.0222332 0.969712
-4.19919 0.271927 -32.2251 0.242954 0.0192439 -0.0450602 0.968814
-4.1854 0.279108 -32.1166 0.243324 0.0327238 -0.0670163 0.967088
-4.17409 0.285914 -32.0205 0.243272 0.0454932 -0.0879368 0.964906
-4.16154 0.293115 -31.9283 0.243262 0.0571552 -0.107072 0.962351
-4.14587 0.296803 -31.8363 0.243046 0.0675191 -0.124676 0.959611
-4.13546 0.301462 -31.7649 0.242351 0.0764449 -0.140174 0.956975
-4.12397 0.304878 -31.6921 0.241959 0.0839126 -0.153124 0.954461
-4.11347 0.306596 -31.6179 0.241626 0.089657 -0.163246 0.952343
-4.10564 0.311886 -31.5506 0.240705 0.0934168 -0.170353 0.950969
-4.10001 0.319078 -31.4903 0.240318 0.0954289 -0.174545 0.950107
-4.09323 0.318135 -31.4237 0.240212 0.0955246 -0.174487 0.950135
-4.08807 0.326045 -31.3724 0.240891 0.0945895 -0.174061 0.950134
-4.08209 0.328971 -31.3167 0.241696 0.0923627 -0.171648 0.950588
-4.08109 0.333983 -31.2681 0.242912 0.0890464 -0.166085 0.951582
-4.07394 0.330205 -31.2216 0.243777 0.0840575 -0.158731 0.953069
-4.07159 0.332501 -31.1751 0.245293 0.0784965 -0.14954 0.954639
-4.07107 0.328267 -31.1311 0.24641 0.0721448 -0.138677 0.956491
-4.06726 0.332157 -31.0832 0.247965 0.0649977 -0.126399 0.958301
-4.06112 0.323648 -31.0409 0.248309 0.05696 -0.112602 0.960441
-4.0553 0.321752 -30.9966 0.249336 0.0487011 -0.0975981 0.962269
-4.05136 0.318459 -30.9527 0.250166 0.0403516 -0.0817873 0.963913
-4.04745 0.319268 -30.9131 0.251025 0.0317523 -0.0652065 0.965274
-4.04294 0.316528 -30.8734 0.251696 0.0232596 -0.0482433 0.966338
-4.04174 0.31717 -30.8337 0.252601 0.0152963 -0.0308728 0.966971
-4.0389 0.311034 -30.7938 0.252917 0.00758129 -0.013055 0.967385
-4.03634 0.312192 -30.7553 0.253732 0.000318731 0.00461675 0.967278
-4.03327 0.307061 -30.7176 0.253958 -0.0062873 0.0221481 0.966956
-4.02785 0.305098 -30.6792 0.254526 -0.0121897 0.0391443 0.966211
-4.02559 0.307345 -30.6413 0.254665 -0.0169448 0.055559 0.965298
-4.01825 0.301487 -30.6037 0.25404 -0.0211439 0.0713695 0.96434
-4.01282 0.299134 -30.5651 0.253762 -0.0244134 0.0864764 0.963099
-4.00901 0.298283 -30.5295 0.253593 -0.0268107 0.101129 0.961651
-4.00369 0.298998 -30.4936 0.253514 -0.0286889 0.114631 0.960102
-3.99753 0.297852 -30.4579 0.253368 -0.0298723 0.127357 0.958499
-3.98884 0.296381 -30.4225 0.253247 -0.0306826 0.138763 0.956922
-3.98517 0.292922 -30.3874 0.253098 -0.0305705 0.14926 0.955383
-3.9768 0.29097 -30.3552 0.253131 -0.0303941 0.158737 0.953852
-3.97217 0.290444 -30.3221 0.253312 -0.0296299 0.166888 0.952435
-3.96689 0.292124 -30.2894 0.253618 -0.0279909 0.171408 0.9516
-3.96456 0.288447 -30.2548 0.253745 -0.0247364 0.170628 0.951797
-3.95891 0.292489 -30.2232 0.254294 -0.0219828 0.169946 0.95184
-3.95179 0.297176 -30.1951 0.254834 -0.0196037 0.169001 0.951915
-3.95282 0.297806 -30.1695 0.255194 -0.0171664 0.168433 0.951967
-3.94853 0.292307 -30.1492 0.254967 -0.015448 0.167988 0.952136
-3.9495 0.293373 -30.1315 0.255223 -0.0138631 0.167722 0.952139
-3.95085 0.293067 -30.1201 0.255257 -0.013036 0.167527 0.952175
-3.94809 0.293918 -30.1121 0.255199 -0.0132151 0.167546 0.952185
-3.95034 0.292895 -30.1064 0.255072 -0.013865 0.167848 0.952156
-3.95247 0.293248 -30.1038 0.254599 -0.0126019 0.158382 0.953921
-3.95135 0.294127 -30.0992 0.253981 -0.012012 0.147187 0.955884
-3.9528 0.293699 -30.095 0.253178 -0.0112481 0.134419 0.957985
-3.95679 0.297027 -30.0895 0.252658 -0.0105313 0.120177 0.960021
-3.95987 0.298209 -30.0825 0.251761 -0.0101416 0.104952 0.962044
-3.9636 0.301863 -30.0728 0.251047 -0.00968522 0.0883877 0.963897
-3.9646 0.306007 -30.0624 0.250443 -0.0095846 0.0707607 0.96551
-3.96918 0.312875 -30.0504 0.250053 -0.00930108 0.0526794 0.966768
-3.96747 0.319609 -30.0379 0.249406 -0.00959098 0.0342753 0.96776
-3.96841 0.323091 -30.0231 0.248657 -0.00969628 0.0154259 0.968435
-3.96918 0.325415 -30.0074 0.247941 -0.00980357 -0.00338453 0.968735
-3.96686 0.331265 -29.9914 0.24743 -0.0102086 -0.0221049 0.968615
-3.96495 0.33838 -29.9736 0.246968 -0.0105066 -0.0406713 0.968128
-3.9646 0.343721 -29.954 0.246589 -0.0106346 -0.0586645 0.9673
-3.96313 0.349452 -29.9348 0.246313 -0.0107749 -0.0756154 0.966192
-3.96065 0.351471 -29.9128 0.246132 -0.0109832 -0.0917793 0.964834
-3.95817 0.357352 -29.8886 0.246424 -0.010939 -0.106888 0.963203
-3.95556 0.35839 -29.8659 0.246722 -0.0109548 -0.12074 0.961488
-3.95476 0.362028 -29.8398 0.247269 -0.0106806 -0.132908 0.959744
-3.95233 0.365059 -29.8119 0.248368 -0.0101646 -0.143441 0.957948
-3.94862 0.366631 -29.7856 0.249711 -0.0122912 -0.142795 0.95767
-3.94607 0.367888 -29.7571 0.251567 -0.0136636 -0.142155 0.957261
-3.94231 0.369061 -29.7274 0.253686 -0.0146775 -0.14155 0.956777
-3.93803 0.37013 -29.6957 0.25596 -0.0150326 -0.141154 0.956224
-3.93257 0.36858 -29.664 0.258112 -0.0150685 -0.140593 0.955727
-3.92767 0.370706 -29.6301 0.260455 -0.0146015 -0.140078 0.955174
-3.92234 0.372741 -29.5947 0.260449 -0.0140689 -0.14027 0.955156
-3.91452 0.372504 -29.5585 0.260216 -0.0133199 -0.140594 0.955182
-3.90833 0.373051 -29.5207 0.259915 -0.0118882 -0.14096 0.95523
-3.90135 0.372689 -29.4805 0.259537 -0.00988593 -0.14153 0.955271
-3.8953 0.375737 -29.4396 0.259227 -0.00742263 -0.142171 0.955282
-3.88515 0.37503 -29.3977 0.258739 -0.00466977 -0.143326 0.955259
-3.88017 0.377569 -29.3535 0.258235 -0.00121217 -0.144114 0.955288
-3.86872 0.37935 -29.3075 0.257716 0.00235018 -0.145346 0.955239
-3.86067 0.380905 -29.2607 0.25695 0.00630517 -0.146613 0.955234
-3.85537 0.382169 -29.2125 0.256254 0.0110056 -0.148133 0.955144
-3.85141 0.378827 -29.1624 0.255273 0.01591 -0.149648 0.955101
-3.84004 0.365558 -29.1149 0.253774 0.0207828 -0.151688 0.955085
