0 0 0 0 0 0 1
-0.300292 -0.00887445 -0.0965023 0.0029103 0.0117318 -0.0172571 0.999781
-0.527237 0.00408867 -0.264617 0.00323066 0.00906698 -0.0285693 0.999546
-0.735792 0.0335431 -0.463781 0.00276456 0.0055237 -0.0402901 0.999172
-0.932202 0.0737662 -0.686985 0.0024823 0.00224914 -0.0511998 0.998683
-1.10525 0.119387 -0.923982 0.00244499 -0.00130348 -0.0615464 0.998103
-1.25406 0.167275 -1.17357 0.00198165 -0.00453423 -0.0713516 0.997439
-1.37183 0.213352 -1.4268 0.000781913 -0.00815779 -0.0808018 0.9967
-1.44394 0.259112 -1.70141 0.000673852 -0.0111423 -0.0879294 0.996065
-1.48395 0.298225 -1.97902 0.000301663 -0.0132792 -0.0941007 0.995477
-1.4858 0.319118 -2.25454 0.000235565 -0.0163555 -0.0969114 0.995159
-1.4726 0.322003 -2.52522 0.000533605 -0.0180478 -0.0988632 0.99494
-1.48751 0.261721 -2.52541 -0.00179635 -0.0226989 -0.102199 0.994504
-1.45935 0.166014 -2.78021 -0.0028763 -0.0239579 -0.0990935 0.994789
-1.41555 0.0485251 -3.01986 -0.00196337 -0.0258971 -0.0946257 0.995175
-1.33081 -0.0693191 -3.24843 -0.000597123 -0.028989 -0.0882301 0.995681
-1.17306 -0.235414 -3.3247 -0.0250519 -0.054231 -0.089893 0.99416
-1.14072 -0.238542 -3.25127 -0.0182188 -0.0442833 -0.0810798 0.99556
-1.10748 -0.186334 -3.15869 -0.0048253 -0.0339885 -0.0689626 0.99703
-1.02277 -0.187807 -3.14831 -0.00752219 -0.0334393 -0.0615524 0.997519
-1.02018 -0.146139 -3.12601 -0.00575214 -0.0301962 -0.0512932 0.998212
-1.07224 -0.166799 -3.21586 -0.0106613 -0.0358556 -0.0391739 0.998536
-1.18127 -0.14482 -3.17715 -0.00813113 -0.0359936 -0.026135 0.998979
-1.33746 -0.114393 -3.00081 -0.0056859 -0.0338963 -0.0132734 0.999325
-1.48026 -0.0989451 -2.80242 -0.00470097 -0.0338953 0.000408191 0.999417
-1.6067 -0.075241 -2.64036 -0.00549599 -0.0373929 0.0109674 0.999229
-1.73562 -0.0552498 -2.45978 -0.00430766 -0.0407931 0.0245882 0.998858
-1.89698 0.0202499 -2.28697 0.00878137 -0.0364577 0.0396528 0.998514
-2.02579 0.0739495 -2.35914 0.0168627 -0.0258477 0.0541902 0.998056
-2.14712 0.167396 -2.4614 0.0332452 -0.0169762 0.0706482 0.996807
-2.2886 0.228145 -2.51066 0.0447915 -0.00459976 0.0839806 0.995452
-2.37729 0.256336 -2.60323 0.0442714 -0.0024865 0.091507 0.994821
-2.46139 0.277149 -2.6161 0.0441789 -0.00375963 0.0920919 0.994766
-2.57575 0.31736 -2.61659 0.0464062 -0.00161109 0.0924801 0.994636
-2.71609 0.335496 -2.41032 0.0485246 -0.000876975 0.092998 0.994486
-2.85961 0.34704 -2.20238 0.0498167 4.05906e-05 0.0938042 0.994348
-2.9903 0.339258 -2.01164 0.0484165 -0.00126446 0.0950869 0.994293
-3.15451 0.383744 -2.02574 0.0486304 0.0100438 0.0934462 0.99439
-3.30917 0.442744 -2.0353 0.052655 0.0187014 0.0939346 0.994013
-3.41304 0.480972 -2.03231 0.0535422 0.0195497 0.0947382 0.993875
-3.515 0.509032 -2.01901 0.0509324 0.0174131 0.0952706 0.993999
-3.60793 0.515374 -2.01326 0.0490439 0.0166576 0.0979109 0.993852
-3.72943 0.527077 -1.81443 0.0468809 0.0134173 0.0978921 0.994006
-3.84765 0.527425 -1.61763 0.0432751 0.00992618 0.0985093 0.994151
-3.98646 0.529257 -1.42944 0.0390183 0.00798879 0.0912862 0.995032
-4.11765 0.535672 -1.22056 0.0341612 0.00623602 0.0821691 0.996019
-4.25462 0.521109 -1.01993 0.0269438 0.00461186 0.0730237 0.99696
-4.38062 0.509719 -0.808518 0.0186404 0.00168162 0.0619514 0.99791
-4.51481 0.49868 -0.602951 0.00951673 -0.000765905 0.0495457 0.998731
-4.65647 0.485353 -0.400951 -0.00033833 -0.00350757 0.036108 0.999348
-4.79085 0.479769 -0.196224 -0.0105772 -0.00673901 0.0214924 0.999695
-4.92939 0.485108 -0.00201038 -0.020851 -0.0105598 0.00489264 0.999721
-5.06256 0.486397 0.200056 -0.0329175 -0.0149052 -0.013179 0.999265
-5.19758 0.481884 0.402089 -0.0451261 -0.0188942 -0.0306201 0.99834
-5.32188 0.493799 0.607865 -0.0569171 -0.0237094 -0.0495853 0.99687
-5.45938 0.480113 0.825018 -0.0716342 -0.0275215 -0.0685368 0.994699
-5.59785 0.474735 1.03847 -0.0860025 -0.0310761 -0.0878581 0.991932
-5.73806 0.468407 1.24377 -0.100351 -0.0351634 -0.107405 0.988519
-5.86447 0.46307 1.44776 -0.114502 -0.0400796 -0.126317 0.984549
-5.99891 0.468261 1.64492 -0.127635 -0.0448998 -0.145232 0.980109
-6.11162 0.463473 1.85685 -0.14106 -0.0506809 -0.162794 0.975214
-6.25037 0.456476 2.06205 -0.154586 -0.0549071 -0.179799 0.969935
-6.36964 0.450437 2.26572 -0.167036 -0.0597777 -0.194827 0.964665
-6.50003 0.443469 2.46543 -0.178684 -0.0641 -0.209046 0.959311
-6.6241 0.439396 2.66909 -0.189273 -0.0683759 -0.221308 0.954219
-6.74775 0.426869 2.88611 -0.199762 -0.072952 -0.231534 0.949305
-6.88751 0.418721 3.09847 -0.208926 -0.0765792 -0.240458 0.944816
-7.01542 0.417356 3.30724 -0.216113 -0.0801368 -0.246458 0.941354
-7.16625 0.397476 3.51377 -0.222887 -0.0824413 -0.250545 0.93849
-7.31184 0.390943 3.72748 -0.227686 -0.0851117 -0.252142 0.936672
-7.45525 0.380468 3.92644 -0.23042 -0.0871792 -0.250586 0.936229
-7.60331 0.374313 4.13053 -0.231274 -0.0887138 -0.245947 0.937106
-7.74982 0.370431 4.34265 -0.230239 -0.0902654 -0.238136 0.939226
-7.9035 0.372344 4.55445 -0.227451 -0.0909812 -0.227549 0.942457
-8.05693 0.370489 4.77251 -0.223357 -0.0914534 -0.214189 0.946512
-8.18607 0.371561 5.00029 -0.217523 -0.0930674 -0.198082 0.95121
-8.3322 0.369875 5.22349 -0.210575 -0.0934252 -0.17994 0.956329
-8.47185 0.367905 5.44233 -0.202151 -0.0940528 -0.160028 0.961611
-8.62513 0.379247 5.66455 -0.192722 -0.093806 -0.138484 0.966899
-8.76937 0.379299 5.88559 -0.182365 -0.0937407 -0.11619 0.971839
-8.93192 0.394572 6.11405 -0.171094 -0.092831 -0.0932712 0.976434
-9.08568 0.397608 6.33702 -0.159608 -0.0922658 -0.0699769 0.980373
-9.23811 0.401448 6.55489 -0.147282 -0.0916426 -0.0469011 0.983729
-9.39091 0.404472 6.7855 -0.135174 -0.0914808 -0.0242286 0.9863
-9.53489 0.414887 7.02669 -0.12321 -0.0918448 -0.00224972 0.988126
-9.67584 0.431223 7.25834 -0.110703 -0.0920485 0.0189485 0.989408
-9.81863 0.433954 7.48929 -0.0993893 -0.092319 0.0386338 0.99001
-9.95756 0.432015 7.74118 -0.0893089 -0.0939608 0.0560514 0.989985
-10.1004 0.423799 7.99354 -0.0804001 -0.095111 0.0706312 0.989704
-10.2609 0.388852 8.22862 -0.0734852 -0.0956514 0.0827517 0.989252
-10.4078 0.366719 8.47208 -0.0677012 -0.0969195 0.092723 0.988655
-10.5543 0.347651 8.72447 -0.0631166 -0.097732 0.0991306 0.988258
-10.712 0.311664 8.94717 -0.0596867 -0.0984508 0.0994458 0.988367
-10.8465 0.251534 9.14988 -0.056564 -0.0992875 0.0992672 0.988486
-10.9459 0.128361 9.32501 -0.0546767 -0.100127 0.095455 0.988882
-10.9875 -0.0233977 9.48939 -0.0536956 -0.100778 0.0878455 0.989576
-10.9735 -0.18523 9.6455 -0.0539176 -0.101859 0.0784393 0.990242
-10.9478 -0.357001 9.78409 -0.0555284 -0.102436 0.0667084 0.990955
-10.9211 -0.529401 9.93357 -0.0584021 -0.102415 0.0532885 0.991602
-10.8403 -0.697424 10.0893 -0.0622027 -0.104186 0.0400584 0.991811
-10.7599 -0.870483 10.2278 -0.066446 -0.105581 0.025732 0.991862
-10.6806 -1.03991 10.3649 -0.0709261 -0.106839 0.0109733 0.991692
-10.6062 -1.21085 10.5033 -0.0757717 -0.107346 -0.00410448 0.991329
-10.5331 -1.3904 10.6275 -0.080714 -0.107819 -0.0194355 0.990707
-10.4473 -1.55176 10.7862 -0.085845 -0.108778 -0.0335922 0.98979
-10.3715 -1.70245 10.9296 -0.0900414 -0.10886 -0.0471026 0.988859
-10.3117 -1.82954 11.0963 -0.0936147 -0.10814 -0.0595879 0.98793
-10.2517 -1.95156 11.2768 -0.0970436 -0.106985 -0.0700172 0.987043
-10.1999 -2.05712 11.4476 -0.0990902 -0.10521 -0.0784793 0.986392
-10.1658 -2.12757 11.6108 -0.0983935 -0.102158 -0.0854941 0.986201
-10.1136 -2.20586 11.793 -0.0974908 -0.0993415 -0.0894033 0.98623
-10.0873 -2.23153 11.9281 -0.09159 -0.0945926 -0.0912755 0.987092
-10.0444 -2.28391 12.0711 -0.0860415 -0.0898586 -0.0895217 0.988193
-9.98897 -2.3364 12.2246 -0.0791491 -0.0846681 -0.0847578 0.989647
-9.96598 -2.38217 12.3487 -0.0707262 -0.0765286 -0.0775121 0.991539
-9.92279 -2.4327 12.4793 -0.0615405 -0.0689227 -0.0674153 0.993447
-9.8762 -2.47345 12.5878 -0.0503173 -0.061179 -0.0551013 0.995342
-9.84974 -2.51104 12.6761 -0.0386824 -0.0518263 -0.0425512 0.997009
-9.78796 -2.55555 12.7767 -0.0267072 -0.043628 -0.0273704 0.998324
-9.71812 -2.61873 12.8724 -0.0160617 -0.0353063 -0.0104829 0.999202
-9.64029 -2.63331 12.9336 -0.00187699 -0.0277853 0.0049961 0.999608
-9.55937 -2.66006 12.9763 0.0108058 -0.0202221 0.0210325 0.999526
-9.48644 -2.71477 13.0111 0.020574 -0.0114162 0.0384159 0.998993
-9.41336 -2.7613 13.0264 0.0303284 -0.00343588 0.0553346 0.998011
-9.33904 -2.80347 13.0366 0.039701 0.00331343 0.071867 0.996627
-9.26969 -2.82993 13.0349 0.0488955 0.00856963 0.0859412 0.995073
-9.19838 -2.85589 13.0262 0.0572237 0.0122229 0.0992609 0.993348
-9.12669 -2.87543 13.0182 0.0646924 0.0143759 0.110537 0.99167
-9.06255 -2.88902 13.0014 0.0713795 0.0147611 0.120262 0.990072
-9.0131 -2.91611 12.9965 0.0752104 0.0150862 0.127882 0.988829
-8.97846 -2.93473 12.9884 0.0780471 0.0144569 0.132702 0.987981
-8.9479 -2.94997 12.976 0.079558 0.0117553 0.135299 0.987546
-8.92347 -2.96071 12.9586 0.0790233 0.00694278 0.134469 0.987746
-8.91813 -2.96025 12.9499 0.0779446 0.00230068 0.130801 0.988348
-8.91509 -2.94675 12.9363 0.0761651 -0.00369829 0.123869 0.989373
-8.91138 -2.95103 12.9309 0.0710751 -0.0104468 0.11535 0.990734
-8.89852 -2.93816 12.9172 0.0659405 -0.0194628 0.104143 0.992192
-8.8811 -2.92583 12.9081 0.0592239 -0.029311 0.0909943 0.993667
-8.84735 -2.89775 12.8763 0.0527703 -0.042516 0.0759716 0.994814
-8.82339 -2.91235 12.8643 0.0415013 -0.0539563 0.0606395 0.995847
-8.84479 -2.88084 12.8469 0.0342922 -0.0620028 0.0427239 0.99658
-8.79946 -2.89886 12.835 0.0208115 -0.0760291 0.0253903 0.996576
-8.76935 -2.89891 12.8231 0.00880329 -0.0887276 0.00688763 0.996003
-8.74366 -2.87897 12.7993 -0.00174204 -0.101107 -0.012955 0.994801
-8.69158 -2.89216 12.7992 -0.0156463 -0.114809 -0.0316685 0.992769
-8.64661 -2.89875 12.7908 -0.0284722 -0.127755 -0.0504666 0.990123
-8.6092 -2.87145 12.7609 -0.0376242 -0.139354 -0.0701476 0.987048
-8.55944 -2.83753 12.7331 -0.0461806 -0.151311 -0.0903942 0.983272
-8.50467 -2.82341 12.7255 -0.0557812 -0.162225 -0.108575 0.979185
-8.4497 -2.79868 12.7093 -0.0634832 -0.171978 -0.126256 0.974923
-8.39728 -2.7755 12.6941 -0.0704214 -0.180289 -0.142741 0.970661
-8.34276 -2.7591 12.6816 -0.0767305 -0.187162 -0.157173 0.966645
-8.27242 -2.72727 12.6679 -0.0800277 -0.193775 -0.170573 0.962794
-8.2154 -2.70488 12.652 -0.0831845 -0.198081 -0.181984 0.959557
-8.14891 -2.69076 12.6505 -0.0860317 -0.201723 -0.191568 0.956676
-8.08924 -2.66671 12.6443 -0.0872486 -0.203795 -0.200158 0.954367
-8.02844 -2.65652 12.6471 -0.0888452 -0.205155 -0.20702 0.952461
-7.97458 -2.64112 12.6433 -0.0892941 -0.205477 -0.213077 0.951014
-7.91063 -2.63101 12.6474 -0.0894902 -0.205721 -0.217936 0.94984
-7.83786 -2.61561 12.6503 -0.0886016 -0.206117 -0.222162 0.948859
-7.77249 -2.60789 12.6552 -0.0882281 -0.20581 -0.225526 0.948165
-7.7012 -2.60056 12.6614 -0.0874554 -0.205754 -0.228425 0.947557
-7.6319 -2.59119 12.667 -0.0864714 -0.205621 -0.231001 0.947049
-7.57015 -2.57799 12.6602 -0.0851233 -0.205178 -0.233795 0.946583
-7.49642 -2.5673 12.6702 -0.084134 -0.205688 -0.235987 0.946016
-7.42195 -2.54923 12.675 -0.0826051 -0.2066 -0.238669 0.94528
-7.35217 -2.53965 12.6764 -0.0821155 -0.207804 -0.241285 0.944393
-7.27524 -2.53372 12.6818 -0.0826489 -0.209706 -0.244005 0.943228
-7.17826 -2.51428 12.6819 -0.0822438 -0.213431 -0.247529 0.941507
-7.07202 -2.49387 12.683 -0.0825646 -0.218168 -0.251596 0.939314
-6.96503 -2.47892 12.6796 -0.0844376 -0.223614 -0.256342 0.936578
-6.84377 -2.45454 12.6722 -0.0861791 -0.230737 -0.261989 0.933125
-6.72018 -2.42754 12.6561 -0.0897116 -0.23837 -0.265139 0.929976
-6.58794 -2.40618 12.6436 -0.0949451 -0.247332 -0.268626 0.92611
-6.43976 -2.36554 12.6221 -0.0991181 -0.257537 -0.273197 0.92154
-6.27832 -2.33043 12.6045 -0.104408 -0.269121 -0.27808 0.916172
-6.11461 -2.29943 12.5892 -0.111041 -0.280785 -0.283505 0.910208
-5.93564 -2.26099 12.574 -0.117351 -0.293401 -0.289461 0.90354
-5.75549 -2.2307 12.5688 -0.124836 -0.306002 -0.295522 0.896365
-5.5698 -2.20346 12.5723 -0.132705 -0.318609 -0.302433 0.888504
-5.37788 -2.1751 12.595 -0.140386 -0.331519 -0.309699 0.880056
-5.26586 -2.16937 12.6803 -0.152904 -0.338818 -0.315611 0.873065
-5.06334 -2.15212 12.7384 -0.160734 -0.351726 -0.323155 0.863742
-4.85194 -2.13562 12.8056 -0.167462 -0.364523 -0.330878 0.854183
-4.62822 -2.12085 12.8768 -0.173023 -0.377315 -0.338783 0.844363
-4.39264 -2.11505 12.9421 -0.178105 -0.389904 -0.346255 0.834501
-4.14227 -2.11444 12.9851 -0.181927 -0.402268 -0.353955 0.824516
-3.87996 -2.12353 12.9882 -0.185164 -0.413928 -0.360747 0.815028
-3.60726 -2.13541 12.961 -0.186632 -0.425188 -0.367081 0.806017
-3.3288 -2.15164 12.9218 -0.187534 -0.435376 -0.372693 0.797753
-3.04422 -2.15876 12.9085 -0.18682 -0.443933 -0.377392 0.790965
-2.75255 -2.15192 12.9753 -0.184388 -0.452403 -0.380603 0.785179
-2.4709 -2.14089 13.0631 -0.184352 -0.457568 -0.376699 0.784075
-2.18211 -2.1384 13.1029 -0.184001 -0.461345 -0.371477 0.784437
-1.88883 -2.13948 13.0894 -0.182535 -0.464112 -0.364725 0.786312
-1.59951 -2.13011 13.0549 -0.180192 -0.465493 -0.356932 0.789608
-1.31328 -2.10126 13.0109 -0.176816 -0.465658 -0.34793 0.794276
-1.02446 -2.04652 12.9736 -0.172621 -0.46548 -0.338142 0.799515
-0.746405 -1.9577 12.9463 -0.167497 -0.464021 -0.327773 0.805744
-0.46752 -1.85465 12.9458 -0.161555 -0.462101 -0.316606 0.8125
-0.188094 -1.75929 12.9738 -0.154868 -0.459322 -0.305014 0.819778
0.0935692 -1.67393 13.0208 -0.147202 -0.455918 -0.293058 0.827418
0.368639 -1.61017 13.0792 -0.140254 -0.451199 -0.28081 0.835418
0.639653 -1.56113 13.1434 -0.133461 -0.4457 -0.268683 0.843435
0.914984 -1.52765 13.2175 -0.126625 -0.440123 -0.256554 0.851157
1.19784 -1.50052 13.2923 -0.119325 -0.43412 -0.244606 0.85878
1.47993 -1.481 13.372 -0.112003 -0.427936 -0.233262 0.865993
1.7657 -1.46598 13.4554 -0.104584 -0.422386 -0.22228 0.872512
2.05326 -1.45714 13.542 -0.097683 -0.416844 -0.212277 0.878446
2.32785 -1.45037 13.625 -0.0909828 -0.410394 -0.20373 0.884209
2.60777 -1.44787 13.7082 -0.0848586 -0.403863 -0.195801 0.889598
2.89641 -1.44065 13.8006 -0.078214 -0.39914 -0.189297 0.893739
3.17636 -1.44391 13.8873 -0.0730962 -0.394244 -0.18408 0.897426
3.44439 -1.44188 13.9731 -0.0678796 -0.389376 -0.180411 0.900702
3.71588 -1.43507 14.0604 -0.0617493 -0.386187 -0.177487 0.903092
3.9725 -1.44151 14.1413 -0.057964 -0.382573 -0.175824 0.905206
4.21656 -1.44206 14.2212 -0.0537312 -0.378806 -0.174535 0.907296
4.24416 -1.4253 14.2592 -0.0504804 -0.374989 -0.177513 0.908492
4.46405 -1.42873 14.3301 -0.0468938 -0.371056 -0.178536 0.910095
4.68715 -1.4319 14.4001 -0.0425626 -0.36826 -0.179451 0.911265
4.90728 -1.43967 14.4704 -0.0387454 -0.366436 -0.18018 0.912025
5.12247 -1.44388 14.5385 -0.0340364 -0.364818 -0.180873 0.912726
5.32888 -1.44892 14.6037 -0.0294297 -0.363092 -0.180821 0.913582
5.52793 -1.45305 14.6662 -0.0242674 -0.361489 -0.180506 0.914434
5.72005 -1.46123 14.7275 -0.0196436 -0.360169 -0.179529 0.915255
5.90261 -1.46614 14.7844 -0.0140536 -0.358344 -0.177601 0.916453
6.07388 -1.47149 14.8372 -0.0082718 -0.356009 -0.174775 0.917972
6.24557 -1.46883 14.8949 -0.000752691 -0.355658 -0.170454 0.91896
6.40492 -1.47583 14.9432 0.00593857 -0.353585 -0.164853 0.920759
6.56393 -1.47826 14.9943 0.0144029 -0.352789 -0.157368 0.922282
6.71146 -1.48282 15.0389 0.0231722 -0.351066 -0.148449 0.924235
6.83908 -1.48498 15.0807 0.0322545 -0.349969 -0.137296 0.926103
6.97166 -1.48755 15.1235 0.0433483 -0.348161 -0.124568 0.928127
7.0963 -1.49266 15.1622 0.0547809 -0.345935 -0.109891 0.930209
7.21319 -1.49771 15.198 0.0667253 -0.343538 -0.0937151 0.932083
7.32464 -1.50501 15.2321 0.0788312 -0.341237 -0.075919 0.933604
7.42556 -1.51282 15.2629 0.0911615 -0.338499 -0.0570748 0.934817
7.51966 -1.52328 15.2906 0.10322 -0.335605 -0.0376818 0.935592
7.60838 -1.5313 15.3169 0.115876 -0.333001 -0.0176545 0.93563
7.68914 -1.53095 15.3412 0.128593 -0.330783 0.0027009 0.93492
7.75867 -1.53843 15.362 0.14085 -0.327737 0.0233565 0.933936
7.83118 -1.54112 15.3826 0.153144 -0.325942 0.0427629 0.931942
7.89026 -1.55249 15.3988 0.163436 -0.32449 0.060831 0.929692
7.93846 -1.56167 15.4131 0.174483 -0.322758 0.0785122 0.926961
7.98821 -1.57479 15.4293 0.184466 -0.323072 0.0946667 0.9234
8.03573 -1.58462 15.4449 0.194068 -0.323442 0.109468 0.919661
8.08966 -1.59175 15.4578 0.202454 -0.324295 0.124519 0.915627
8.15034 -1.59599 15.4716 0.210934 -0.325304 0.136708 0.91161
8.21708 -1.60253 15.4873 0.217838 -0.327399 0.146816 0.907653
8.28703 -1.60733 15.502 0.224101 -0.330277 0.154546 0.903797
8.36464 -1.61438 15.5178 0.228553 -0.334725 0.159563 0.900165
8.44728 -1.61889 15.5313 0.232156 -0.340396 0.16162 0.896745
8.53858 -1.62502 15.5443 0.233956 -0.347924 0.160364 0.893606
8.61527 -1.62744 15.5477 0.235176 -0.355531 0.157568 0.890786
8.71957 -1.63319 15.5489 0.234572 -0.365978 0.150372 0.887952
8.8309 -1.64288 15.5418 0.232035 -0.377905 0.141341 0.885104
8.94343 -1.6485 15.5336 0.229751 -0.39034 0.12928 0.88214
9.06831 -1.65823 15.5259 0.22491 -0.404014 0.114892 0.87922
9.19888 -1.66844 15.5235 0.218715 -0.418587 0.0985737 0.875938
9.33042 -1.67694 15.5244 0.211949 -0.43365 0.0809908 0.872069
9.47398 -1.68357 15.5276 0.203467 -0.449181 0.0615438 0.867806
9.62601 -1.69516 15.5345 0.192947 -0.465283 0.0409122 0.862931
9.77986 -1.70477 15.5442 0.181826 -0.481424 0.0189416 0.857233
9.94519 -1.71338 15.554 0.169656 -0.498084 -0.00360647 0.850386
10.1115 -1.73075 15.5638 0.155574 -0.514421 -0.0265381 0.842912
10.2874 -1.7404 15.5767 0.141601 -0.530511 -0.0498308 0.834306
10.4646 -1.75021 15.5913 0.126792 -0.546447 -0.0732823 0.824613
10.6414 -1.7667 15.6011 0.110345 -0.561618 -0.0967155 0.814308
10.8145 -1.78245 15.6117 0.0932383 -0.57616 -0.119427 0.803195
10.9919 -1.80186 15.6234 0.0754346 -0.590759 -0.141424 0.790794
11.1672 -1.82183 15.6328 0.0571607 -0.604342 -0.162546 0.777896
11.3416 -1.84663 15.6388 0.0381059 -0.617376 -0.18254 0.764276
11.512 -1.87006 15.6372 0.0193974 -0.629141 -0.201152 0.750589
11.6864 -1.89825 15.6216 0.000214469 -0.640521 -0.218242 0.736309
11.8508 -1.93732 15.5881 -0.0207634 -0.651351 -0.234463 0.721375
12.0077 -1.9503 15.5238 -0.040638 -0.661442 -0.249738 0.706061
12.1503 -1.93159 15.435 -0.0604436 -0.670621 -0.263677 0.690749
12.2906 -1.88958 15.3493 -0.079671 -0.679665 -0.275731 0.675079
12.4358 -1.83394 15.2527 -0.0979418 -0.687339 -0.286612 0.660207
12.5789 -1.78019 15.167 -0.116009 -0.694546 -0.296307 0.645293
12.7249 -1.72636 15.0893 -0.133592 -0.70151 -0.304642 0.630301
12.885 -1.68727 15.0219 -0.150759 -0.708036 -0.312248 0.615235
13.0399 -1.64371 14.9592 -0.167046 -0.71392 -0.317375 0.601448
13.1979 -1.62177 14.909 -0.183005 -0.719811 -0.324218 0.585938
13.3606 -1.60112 14.8674 -0.197837 -0.725491 -0.328906 0.571314
13.5156 -1.59814 14.8319 -0.211982 -0.730272 -0.334761 0.556566
13.67 -1.594 14.8116 -0.225736 -0.735568 -0.338076 0.541983
13.8175 -1.59648 14.7935 -0.237747 -0.740525 -0.341999 0.52745
13.9636 -1.6059 14.7886 -0.249178 -0.745141 -0.345191 0.513402
14.1039 -1.61602 14.7888 -0.259293 -0.749659 -0.34759 0.500032
14.2417 -1.62848 14.7973 0.267595 0.754366 0.349491 -0.487054
14.3719 -1.64842 14.8108 0.275142 0.758238 0.352352 -0.474624
14.5002 -1.66599 14.8256 0.280541 0.763133 0.352729 -0.463193
14.6206 -1.68609 14.8468 0.278573 0.769996 0.358218 -0.448587
14.7339 -1.70459 14.8733 0.27526 0.776552 0.363266 -0.43506
14.8462 -1.7222 14.9021 0.271894 0.782886 0.367661 -0.421942
14.9537 -1.74192 14.9261 0.268896 0.787933 0.372281 -0.410249
15.0587 -1.7605 14.9582 0.265641 0.792707 0.375722 -0.399912
15.1205 -1.76745 14.9998 0.261878 0.798808 0.378212 -0.387714
15.2127 -1.78312 15.0363 0.259365 0.803585 0.379564 -0.378097
15.3013 -1.80082 15.0665 0.256284 0.807815 0.381199 -0.369433
15.386 -1.81633 15.0979 0.253895 0.81204 0.381988 -0.360913
15.4695 -1.8334 15.1256 0.251038 0.815767 0.382932 -0.353423
15.5448 -1.84972 15.161 0.248456 0.819699 0.383319 -0.345649
15.6144 -1.86515 15.1928 0.245884 0.823326 0.38416 -0.337839
15.6692 -1.87536 15.2265 0.24315 0.827639 0.38443 -0.328862
15.7328 -1.88991 15.2543 0.2405 0.830988 0.385361 -0.321179
15.7936 -1.90321 15.283 0.237701 0.834608 0.385917 -0.313114
15.8485 -1.91453 15.3103 0.235527 0.838179 0.38654 -0.304317
15.8986 -1.92615 15.334 0.232812 0.841621 0.387895 -0.29505
15.9493 -1.9375 15.3565 0.230089 0.844828 0.389105 -0.286288
16.0014 -1.94887 15.3824 0.227521 0.848307 0.391311 -0.274824
16.0685 -1.96591 15.4136 0.220667 0.852372 0.39498 -0.262294
16.1413 -1.98273 15.4537 0.214821 0.856243 0.398299 -0.2492
16.2161 -2.00043 15.4964 0.208846 0.860086 0.402099 -0.234502
16.3047 -2.01705 15.5497 0.202877 0.8642 0.404406 -0.220223
16.3937 -2.03503 15.6025 0.197242 0.867801 0.4076 -0.204737
16.4941 -2.05586 15.6619 0.191498 0.871034 0.410317 -0.190553
16.596 -2.08396 15.7184 0.186195 0.873282 0.414847 -0.175072
16.7161 -2.11074 15.7841 0.181337 0.875477 0.41783 -0.161613
16.8408 -2.14015 15.8584 0.176534 0.877277 0.420813 -0.148918
16.9623 -2.16833 15.9382 0.172797 0.878956 0.42347 -0.135254
17.0954 -2.19723 16.027 0.16963 0.880572 0.425144 -0.122925
17.2326 -2.22594 16.1217 0.167103 0.882051 0.426322 -0.111157
17.3833 -2.26451 16.2099 0.164646 0.882217 0.429244 -0.101846
17.5553 -2.31284 16.3002 0.162102 0.881635 0.432643 -0.0964674
17.7106 -2.34151 16.4165 0.161828 0.882681 0.432226 -0.088911
17.8685 -2.38418 16.5256 0.16217 0.882206 0.434234 -0.0830516
18.0539 -2.43195 16.6393 0.162713 0.881493 0.435668 -0.0820181
18.2425 -2.48617 16.7502 0.163931 0.880159 0.437826 -0.08246
18.4393 -2.53561 16.8705 0.166448 0.879156 0.438393 -0.0850374
18.6402 -2.58191 17.0026 0.16995 0.878339 0.437747 -0.0897729
18.8377 -2.63015 17.1396 0.170488 0.878064 0.437202 -0.0939776
19.0265 -2.67713 17.2823 0.17262 0.877514 0.43645 -0.0986238
19.2476 -2.7162 17.4452 0.175112 0.877742 0.432719 -0.108159
19.4769 -2.7718 17.6065 0.177533 0.876751 0.430577 -0.120152
19.692 -2.8101 17.7845 0.181508 0.87631 0.426499 -0.131429
19.917 -2.85849 17.9653 0.185964 0.874867 0.423156 -0.144941
20.1618 -2.92053 18.1459 0.189854 0.872378 0.42011 -0.162664
20.406 -2.96015 18.3435 0.194981 0.870551 0.414026 -0.180974
20.6414 -3.00731 18.5331 0.200308 0.867501 0.409049 -0.200092
20.864 -3.03041 18.751 0.207174 0.865143 0.401127 -0.218515
21.0886 -3.05163 18.9688 0.214201 0.862004 0.392977 -0.238068
21.3151 -3.07935 19.1489 0.220517 0.857028 0.387214 -0.258817
21.542 -3.1113 19.3237 0.226986 0.850993 0.381731 -0.280376
21.7775 -3.15857 19.4628 0.232377 0.842944 0.378373 -0.303853
22.0066 -3.18465 19.6428 0.23892 0.835757 0.371421 -0.326369
22.223 -3.22409 19.7829 0.245363 0.826526 0.367292 -0.348995
22.4279 -3.28946 19.9102 0.251221 0.815972 0.364967 -0.371376
22.6854 -3.35729 20.0034 0.254656 0.803854 0.361168 -0.398218
22.9159 -3.41314 20.1317 0.259244 0.792648 0.35553 -0.422071
23.1277 -3.44984 20.2572 0.264149 0.781937 0.34894 -0.443951
23.3178 -3.51502 20.3667 0.25939 0.773127 0.351281 -0.460042
23.5268 -3.55988 20.4916 0.251865 0.765929 0.35179 -0.475619
23.7361 -3.60569 20.6231 0.242727 0.759505 0.352865 -0.489662
23.9528 -3.63844 20.755 -0.231694 -0.753757 -0.353646 0.503178
24.176 -3.66727 20.8902 -0.218931 -0.748503 -0.354245 0.516134
24.3969 -3.68889 21.0221 -0.204644 -0.743682 -0.355119 0.528232
24.6077 -3.72988 21.1578 -0.190534 -0.738826 -0.357089 0.538878
24.7911 -3.76598 21.3067 -0.176806 -0.734573 -0.359762 0.547532
25.0253 -3.76529 21.4456 -0.15918 -0.730814 -0.359887 0.557782
25.2375 -3.77634 21.5723 -0.141774 -0.726585 -0.361751 0.566733
25.4444 -3.78317 21.712 -0.124598 -0.722937 -0.362726 0.574745
25.6594 -3.75375 21.8532 -0.106214 -0.719959 -0.361887 0.582657
25.8787 -3.74075 21.9762 -0.0872123 -0.71571 -0.362016 0.590898
26.086 -3.73217 22.0901 -0.0684659 -0.711039 -0.36259 0.598612
26.2641 -3.72548 22.2348 -0.0513217 -0.707671 -0.36269 0.604223
26.4753 -3.69194 22.3638 -0.0320391 -0.703734 -0.360417 0.611477
26.6547 -3.6926 22.5017 -0.0152565 -0.699809 -0.359416 0.617184
26.8259 -3.69115 22.6456 0.00131257 -0.696195 -0.357708 0.622436
27.0059 -3.67751 22.7855 0.0177037 -0.692322 -0.35436 0.628384
27.1832 -3.66784 22.9173 0.0334067 -0.6879 -0.35051 0.634737
27.3503 -3.64155 23.0608 0.0430124 -0.684655 -0.339434 0.643617
27.5034 -3.6127 23.206 0.0525671 -0.681076 -0.328714 0.652218
27.646 -3.58005 23.3459 0.0620366 -0.677386 -0.318163 0.660402
27.7853 -3.52668 23.4598 0.0719434 -0.671988 -0.307798 0.669764
27.9033 -3.45522 23.6012 0.0827143 -0.667591 -0.297221 0.677642
28.0118 -3.39389 23.7446 0.0925364 -0.66344 -0.286938 0.684848
28.091 -3.34619 23.9094 0.10141 -0.659958 -0.27724 0.690917
28.1691 -3.30266 24.068 0.110575 -0.656125 -0.267669 0.696916
28.236 -3.27363 24.2351 0.119107 -0.652678 -0.258522 0.702173
28.2978 -3.25034 24.4005 0.127619 -0.64913 -0.249816 0.707107
28.3432 -3.22885 24.5501 0.135958 -0.644332 -0.241661 0.712746
28.3926 -3.18679 24.7038 0.145733 -0.639675 -0.232637 0.717998
28.4197 -3.15046 24.8586 0.154739 -0.634832 -0.224259 0.723054
28.4357 -3.15443 25.0216 0.161474 -0.630855 -0.217293 0.727183
28.443 -3.16468 25.1933 0.168217 -0.627343 -0.211062 0.730514
28.4336 -3.17698 25.3496 0.17477 -0.623164 -0.205657 0.734092
28.4219 -3.17508 25.4983 0.181675 -0.618896 -0.199886 0.737605
28.4024 -3.18547 25.6378 0.187402 -0.614609 -0.194954 0.741075
28.3902 -3.18912 25.7621 0.193143 -0.610346 -0.190177 0.744352
28.3872 -3.20788 25.8805 0.198098 -0.606441 -0.18652 0.747167
28.3854 -3.22319 25.9904 0.201032 -0.603245 -0.180919 0.750336
28.3904 -3.2467 26.0995 0.203929 -0.600232 -0.176481 0.753028
28.3953 -3.26306 26.2004 0.206871 -0.597191 -0.172141 0.755638
28.4045 -3.27256 26.3087 0.210598 -0.594638 -0.1678 0.757601
28.4227 -3.28774 26.4138 0.213772 -0.592553 -0.164086 0.759151
28.4319 -3.30193 26.5116 0.216656 -0.590399 -0.160691 0.760742
28.4454 -3.31188 26.593 0.220079 -0.587579 -0.157894 0.762521
28.4537 -3.3244 26.6744 0.223416 -0.5851 -0.155646 0.763923
28.4709 -3.34627 26.7564 0.226034 -0.58251 -0.153981 0.765463
28.4975 -3.36717 26.8488 0.229361 -0.580161 -0.152674 0.766524
28.5206 -3.38266 26.9515 0.232592 -0.577947 -0.150842 0.767579
28.5467 -3.39838 27.0601 0.236185 -0.575603 -0.149258 0.768558
28.5811 -3.4256 27.178 0.239456 -0.573576 -0.148319 0.769237
28.6204 -3.44007 27.2928 0.243343 -0.570915 -0.146821 0.770289
28.6711 -3.49192 27.4248 0.245765 -0.569387 -0.146783 0.770652
28.73 -3.53646 27.5552 0.248912 -0.567287 -0.146374 0.771275
28.7804 -3.57598 27.6975 0.25231 -0.565304 -0.145144 0.771853
28.8446 -3.64004 27.8428 0.25526 -0.563829 -0.145464 0.771907
28.9164 -3.69263 27.9885 0.259169 -0.561643 -0.144812 0.772315
28.9885 -3.76591 28.1534 0.262392 -0.560464 -0.144592 0.77213
29.0673 -3.85433 28.318 0.265258 -0.559363 -0.144296 0.771998
29.147 -3.94048 28.4823 0.268346 -0.55779 -0.143313 0.772259
29.2286 -4.02381 28.647 0.271828 -0.55574 -0.142069 0.772743
29.3255 -4.11389 28.829 0.275631 -0.554306 -0.140556 0.772708
29.428 -4.20468 29.0104 0.279628 -0.552506 -0.138913 0.772853
29.542 -4.29251 29.2006 0.284016 -0.550842 -0.136673 0.772846
29.6618 -4.37323 29.3959 0.289004 -0.549138 -0.134206 0.772636
29.7862 -4.47058 29.6018 0.292997 -0.547967 -0.131789 0.772386
29.9142 -4.56562 29.809 0.297357 -0.54636 -0.129095 0.772307
30.0487 -4.6576 30.0169 0.301648 -0.544978 -0.126382 0.772074
30.1763 -4.75476 30.2118 0.305698 -0.543393 -0.123817 0.772008
30.3033 -4.85333 30.4006 0.309763 -0.541815 -0.121668 0.771844
30.4287 -4.9555 30.5911 0.31356 -0.540693 -0.119687 0.771401
30.5608 -5.03873 30.7657 0.317336 -0.53899 -0.117064 0.771457
30.6881 -5.12357 30.9346 0.321041 -0.537618 -0.114823 0.771212
30.8314 -5.20863 31.1133 0.324607 -0.536933 -0.112901 0.770487
30.9673 -5.28958 31.2928 0.327645 -0.537151 -0.110867 0.769337
31.1039 -5.36535 31.4699 0.329671 -0.537832 -0.108682 0.768314
31.2353 -5.43519 31.6511 0.331882 -0.539439 -0.106351 0.766553
31.3874 -5.50616 31.8269 0.3338 -0.541444 -0.104224 0.764603
31.5264 -5.57952 32.002 0.33277 -0.544991 -0.104213 0.762524
31.692 -5.60939 32.1023 0.33254 -0.5452 -0.103734 0.762548
31.8539 -5.62689 32.2051 0.33286 -0.545478 -0.102387 0.762384
32.0126 -5.62993 32.3081 0.333416 -0.545324 -0.100687 0.762485
32.1875 -5.63821 32.4199 0.334535 -0.545603 -0.099425 0.761953
32.3275 -5.66476 32.5319 0.334617 -0.545994 -0.0978754 0.761847
32.5054 -5.69901 32.6719 0.334579 -0.547138 -0.0971575 0.761125
32.6655 -5.73349 32.8216 0.334817 -0.548131 -0.0961016 0.760449
32.7712 -5.76845 32.9676 0.334151 -0.548553 -0.0946522 0.760611
32.8766 -5.81954 33.1648 0.33407 -0.549433 -0.0943886 0.760053
32.9759 -5.87286 33.3683 0.333941 -0.550238 -0.0940484 0.75956
33.0539 -5.91806 33.5976 0.333789 -0.551203 -0.0938534 0.75896
33.1158 -5.95538 33.8244 0.334043 -0.551812 -0.0934208 0.75845
33.1849 -5.99473 34.0326 0.333851 -0.552136 -0.0930428 0.758355
33.2412 -6.03647 34.249 0.333736 -0.552113 -0.0928357 0.758438
33.3196 -6.08437 34.4755 0.334239 -0.551889 -0.0940478 0.758239
33.3747 -6.12916 34.6929 0.33505 -0.551336 -0.0941758 0.758258
33.4327 -6.17021 34.9027 0.335714 -0.550395 -0.0939067 0.758691
33.4941 -6.23559 35.1111 0.334975 -0.549067 -0.0937205 0.759993
33.5584 -6.29137 35.3254 0.334978 -0.547076 -0.094972 0.76128
33.63 -6.34653 35.53 0.33423 -0.545318 -0.0957689 0.762759
33.688 -6.38762 35.7173 0.334362 -0.541112 -0.0962782 0.765637
33.7684 -6.42018 35.8955 0.334781 -0.536846 -0.0989414 0.768104
33.8746 -6.46585 36.0625 0.333852 -0.533111 -0.101097 0.770833
33.986 -6.48584 36.2281 0.336625 -0.527682 -0.103156 0.773078
34.1071 -6.52474 36.3757 0.336838 -0.522437 -0.106068 0.776156
34.2468 -6.55951 36.5112 0.337112 -0.518066 -0.106931 0.778835
34.3999 -6.59149 36.6429 0.337997 -0.513867 -0.107986 0.781094
34.5573 -6.61911 36.7621 0.339284 -0.509273 -0.108926 0.783402
34.7305 -6.6472 36.874 0.340151 -0.505512 -0.109826 0.785341
34.9028 -6.6687 36.9831 0.34199 -0.501254 -0.110957 0.787103
35.0736 -6.69841 37.0724 0.342469 -0.496063 -0.113189 0.789869
35.2472 -6.73214 37.1594 0.34257 -0.491491 -0.115337 0.79236
35.3363 -6.7512 37.1989 0.342704 -0.48584 -0.117244 0.795509
