0 0 0 0 0 0 1
0.0574339 0.0842693 -0.104538 -0.000407702 0.0198741 0.00995296 0.999753
0.137949 0.192988 -0.212617 -0.000399378 0.0400652 0.0206685 0.998983
0.235984 0.315204 -0.345712 -0.00044476 0.0611472 0.033178 0.997577
0.338316 0.440405 -0.493006 0.000330613 0.0833863 0.0454215 0.995482
0.479524 0.574592 -0.682315 0.00105385 0.104954 0.059232 0.992712
0.608658 0.715806 -0.858991 0.000975453 0.127515 0.0729368 0.989152
0.727056 0.863021 -1.0299 0.00264633 0.149801 0.0874932 0.984835
0.837864 1.00284 -1.1927 0.00284413 0.172146 0.101049 0.979871
0.947831 1.14466 -1.33976 0.00334688 0.194896 0.113714 0.974205
1.04895 1.28409 -1.494 0.00360896 0.218003 0.124834 0.967925
1.18952 1.45164 -1.64241 0.00498798 0.239533 0.134727 0.961484
1.32184 1.60889 -1.80774 0.00704303 0.260306 0.143174 0.954826
1.43505 1.7225 -2.00273 0.00930987 0.280515 0.151673 0.947747
1.56807 1.85964 -2.18227 0.013034 0.297985 0.159509 0.941059
1.68169 1.91585 -2.38511 0.013763 0.313971 0.167361 0.934466
1.84013 2.02386 -2.56953 0.0158856 0.327411 0.173142 0.928748
1.94656 2.08376 -2.75145 0.0169836 0.340124 0.17716 0.923389
2.05286 2.14161 -2.9293 0.0179944 0.350975 0.178225 0.919092
2.1496 2.18484 -3.11028 0.0193351 0.35893 0.179323 0.915775
2.25432 2.23633 -3.26644 0.0211802 0.364992 0.180388 0.913124
2.36748 2.30034 -3.41926 0.022616 0.3683 0.177257 0.912375
2.45338 2.34846 -3.57727 0.0243212 0.3692 0.171401 0.913085
2.53713 2.38632 -3.73137 0.0254682 0.368133 0.163636 0.914909
2.60082 2.40873 -3.87885 0.0264837 0.365762 0.153867 0.917521
2.66013 2.42528 -4.01902 0.0270888 0.361442 0.142507 0.921044
2.69462 2.43617 -4.14108 0.0273856 0.356617 0.128949 0.924906
2.7249 2.44397 -4.2602 0.0274527 0.349982 0.114066 0.929383
2.76865 2.45995 -4.36743 0.0273768 0.341802 0.0985546 0.934191
2.82833 2.50113 -4.45799 0.02797 0.332122 0.0822321 0.939232
2.81695 2.4924 -4.5498 0.0266913 0.323016 0.064903 0.943791
2.82863 2.50943 -4.59407 0.0253123 0.3139 0.0470149 0.947957
2.84477 2.53381 -4.6303 0.0236905 0.303601 0.0287959 0.952072
2.85964 2.55643 -4.67847 0.0221773 0.292272 0.0108117 0.95602
2.88047 2.5705 -4.73662 0.0200568 0.280277 -0.00628278 0.959692
2.89538 2.58103 -4.79512 0.0174751 0.268234 -0.0234725 0.962913
2.91187 2.59265 -4.84297 0.014422 0.256501 -0.0396544 0.965625
2.92769 2.60881 -4.8817 0.0109309 0.245043 -0.0552483 0.967879
2.94374 2.62258 -4.91564 0.0068598 0.234188 -0.0698111 0.96966
2.95912 2.65821 -4.9082 0.00214407 0.224659 -0.0840533 0.970807
2.96909 2.68128 -4.90185 -0.00304298 0.216213 -0.0956061 0.971652
2.97211 2.70136 -4.89473 -0.00912603 0.209185 -0.105851 0.972092
2.97438 2.72389 -4.87476 -0.0162343 0.203779 -0.114968 0.97211
2.98232 2.75485 -4.85257 -0.023696 0.199713 -0.1225 0.971882
2.98605 2.80299 -4.81948 -0.0316732 0.197695 -0.129488 0.97116
3.00399 2.81021 -4.83125 -0.0404453 0.194686 -0.134641 0.970744
3.02468 2.82799 -4.83529 -0.0498224 0.193217 -0.13788 0.970144
3.04333 2.84337 -4.86537 -0.0591122 0.191946 -0.141166 0.969404
3.06092 2.86901 -4.87655 -0.0686558 0.191689 -0.14319 0.968527
3.07951 2.85822 -4.92967 -0.0789836 0.190998 -0.144145 0.967737
3.10582 2.919 -4.90793 -0.0879646 0.191034 -0.1449 0.96684
3.1172 2.91824 -4.92858 -0.0984361 0.191227 -0.145029 0.965775
3.10907 2.95281 -4.90027 -0.10909 0.193434 -0.146008 0.964039
3.11974 2.96678 -4.89859 -0.119661 0.193951 -0.145757 0.96272
3.10951 3.01155 -4.86798 -0.129426 0.195438 -0.146849 0.960987
3.11864 2.98778 -4.89204 -0.140038 0.194925 -0.146038 0.959728
3.10376 3.01706 -4.87441 -0.148939 0.195819 -0.147041 0.95805
3.1037 3.04145 -4.86073 -0.157546 0.195673 -0.147036 0.956705
3.08079 3.07441 -4.83695 -0.165841 0.195941 -0.148814 0.95497
3.09149 3.08734 -4.8268 -0.174491 0.193774 -0.149235 0.953806
3.07626 3.13173 -4.80799 -0.181158 0.192606 -0.151735 0.952402
3.08631 3.15041 -4.80569 -0.187233 0.189706 -0.150324 0.952036
3.09358 3.16121 -4.80342 -0.193267 0.18638 -0.149334 0.95164
3.07246 3.19393 -4.78877 -0.198322 0.184242 -0.149847 0.950938
3.06341 3.20248 -4.77713 -0.204295 0.180565 -0.150372 0.950294
3.0699 3.20445 -4.77905 -0.209878 0.176005 -0.15024 0.949955
3.07586 3.21857 -4.77833 -0.21483 0.171747 -0.150632 0.949563
3.06782 3.23296 -4.7798 -0.219563 0.167915 -0.151522 0.949026
3.06008 3.25192 -4.77806 -0.223956 0.164588 -0.152554 0.948415
3.05234 3.26882 -4.78293 -0.227924 0.161541 -0.153505 0.947842
3.05439 3.29012 -4.79322 -0.23157 0.158622 -0.154164 0.947342
3.06203 3.30771 -4.81458 -0.234631 0.156014 -0.154299 0.947002
3.08504 3.32616 -4.84271 -0.237242 0.153521 -0.153494 0.946888
3.07997 3.35044 -4.86291 -0.240103 0.153434 -0.15375 0.946141
3.09358 3.37603 -4.88151 -0.243099 0.153638 -0.15278 0.945498
3.10418 3.40186 -4.90356 -0.246262 0.1548 -0.152039 0.944611
3.10465 3.44016 -4.93636 -0.248751 0.158391 -0.15086 0.94355
3.18065 3.4776 -4.98738 -0.250775 0.159994 -0.147161 0.94333
3.2254 3.49406 -5.0424 -0.254136 0.164339 -0.143018 0.942318
3.21293 3.51125 -5.09137 -0.258341 0.17333 -0.140778 0.9399
3.22674 3.5328 -5.14319 -0.263021 0.182692 -0.136606 0.93744
3.25485 3.53639 -5.21005 -0.266507 0.195897 -0.121017 0.935932
3.29626 3.53478 -5.28871 -0.269681 0.210432 -0.102729 0.93405
3.33749 3.52636 -5.36764 -0.273658 0.226746 -0.0823038 0.931096
3.38071 3.50879 -5.46195 -0.277059 0.244033 -0.060179 0.927403
3.3972 3.4842 -5.53551 -0.281374 0.264294 -0.0374504 0.921732
3.43505 3.49691 -5.61357 -0.283876 0.285217 -0.0145336 0.915351
3.45602 3.50199 -5.69943 -0.285936 0.307054 0.00834798 0.907692
3.49674 3.49516 -5.79952 -0.287773 0.327866 0.0325016 0.899248
3.53659 3.49656 -5.90174 -0.288803 0.349056 0.0564701 0.889708
3.58584 3.4955 -6.0108 -0.289266 0.369421 0.0804965 0.879425
3.61667 3.51692 -6.10725 -0.288659 0.390831 0.101922 0.868076
3.65656 3.54516 -6.22296 -0.286487 0.410512 0.122638 0.85696
3.70578 3.55896 -6.35127 -0.284282 0.428355 0.143019 0.84573
3.74462 3.56552 -6.46989 -0.282193 0.445868 0.161191 0.834028
3.77966 3.57049 -6.60153 -0.279265 0.461731 0.177195 0.823065
3.84215 3.57741 -6.75735 -0.275703 0.474368 0.193096 0.813445
3.91442 3.5807 -6.91249 -0.272689 0.485205 0.207057 0.804589
3.97851 3.59519 -7.09017 -0.267909 0.493839 0.217255 0.798226
4.04484 3.60808 -7.26078 -0.263302 0.500966 0.224842 0.793203
4.10356 3.62729 -7.43773 -0.257918 0.506227 0.228387 0.790613
4.16443 3.63404 -7.60708 -0.253263 0.509779 0.228942 0.789676
4.22328 3.64195 -7.76802 -0.248775 0.512199 0.225692 0.790471
4.29004 3.63841 -7.93781 -0.244661 0.512262 0.2204 0.793204
4.34242 3.64253 -8.10368 -0.23993 0.511426 0.211274 0.797658
4.39084 3.65076 -8.27431 -0.234739 0.509111 0.199356 0.803729
4.44808 3.64939 -8.43907 -0.230646 0.505518 0.185705 0.810423
4.50867 3.64919 -8.60854 -0.226596 0.500453 0.169924 0.818136
4.5662 3.6736 -8.78573 -0.220748 0.494421 0.152278 0.826829
4.61219 3.70685 -8.96943 -0.214223 0.487586 0.132481 0.835965
4.66841 3.72252 -9.15892 -0.208666 0.479447 0.113103 0.844875
4.716 3.73008 -9.34895 -0.203635 0.470964 0.0927755 0.85331
4.78844 3.73046 -9.55352 -0.199564 0.460674 0.0733521 0.861736
4.85325 3.73436 -9.75888 -0.19514 0.450489 0.0531547 0.869583
4.92117 3.76317 -9.96528 -0.189805 0.440593 0.0334126 0.876785
4.99286 3.76854 -10.194 -0.185601 0.429715 0.0147136 0.883573
5.06298 3.78478 -10.4046 -0.182137 0.420156 -0.00333262 0.888989
5.14596 3.80689 -10.6216 -0.17862 0.411216 -0.0195632 0.893663
5.22719 3.82293 -10.8385 -0.17666 0.40268 -0.0347838 0.897467
5.32025 3.8259 -11.082 -0.174896 0.394659 -0.0465224 0.900839
5.40744 3.84802 -11.3154 -0.173509 0.388974 -0.057052 0.902971
5.49916 3.86352 -11.553 -0.173067 0.384576 -0.064562 0.904434
5.59198 3.87523 -11.7865 -0.174014 0.381755 -0.0692191 0.905101
5.68021 3.88641 -12.0202 -0.175699 0.38052 -0.0720302 0.905078
5.76689 3.90004 -12.2505 -0.177872 0.380642 -0.0730901 0.904515
5.85852 3.90588 -12.4807 -0.181001 0.381797 -0.0721563 0.903484
5.94664 3.9395 -12.6882 -0.184066 0.385442 -0.0703636 0.901454
6.03933 3.95015 -12.9225 -0.18806 0.38939 -0.0660144 0.899262
6.15098 3.93979 -13.1933 -0.192753 0.392871 -0.0588335 0.897249
6.25145 3.94971 -13.456 -0.197236 0.398072 -0.0510393 0.894457
6.35507 3.95858 -13.7253 -0.201479 0.404363 -0.0416281 0.891169
6.49228 3.9616 -13.993 -0.206664 0.409899 -0.0306864 0.887892
6.59401 3.98785 -14.2576 -0.210809 0.416918 -0.0214961 0.883909
6.71246 3.98468 -14.5278 -0.216098 0.423204 -0.00824778 0.879861
6.81299 3.99288 -14.7797 -0.220588 0.430328 0.00311467 0.87531
6.93847 3.99391 -15.0407 -0.225532 0.435912 0.0180232 0.871099
7.06592 4.00443 -15.2905 -0.229511 0.441176 0.0328704 0.866965
7.16347 4.00486 -15.5397 -0.232858 0.447052 0.046514 0.862428
7.26148 4.02109 -15.7707 -0.235574 0.452932 0.0597573 0.857791
7.36837 4.02745 -15.9917 -0.238814 0.458011 0.0735735 0.853114
7.46841 4.03189 -16.2152 -0.24103 0.461966 0.087034 0.84908
7.55623 4.04816 -16.4342 -0.241504 0.465523 0.098917 0.845697
7.65014 4.0533 -16.6453 -0.242213 0.467911 0.111122 0.842653
7.75202 4.05193 -16.8588 -0.242354 0.46878 0.12421 0.840301
7.84478 4.05705 -17.0573 -0.241703 0.470006 0.13591 0.837988
7.9296 4.07084 -17.2446 -0.240445 0.471263 0.146483 0.835861
8.01388 4.07314 -17.4331 -0.239417 0.470972 0.157179 0.834374
8.0973 4.0786 -17.6178 -0.237906 0.469888 0.167239 0.833463
8.17452 4.08255 -17.8006 -0.235796 0.468273 0.177162 0.83292
8.2539 4.08425 -17.9727 -0.23389 0.466249 0.18693 0.832459
8.32405 4.09206 -18.1371 -0.231464 0.464213 0.195439 0.832319
8.39927 4.10061 -18.302 -0.229075 0.460976 0.204007 0.832725
8.47695 4.10769 -18.4698 -0.227029 0.457692 0.212048 0.833086
8.5546 4.10975 -18.6398 -0.225372 0.454576 0.220091 0.833158
8.63872 4.11736 -18.8205 -0.2236 0.450717 0.227516 0.833736
8.72459 4.12203 -18.9971 -0.222711 0.447054 0.234394 0.834042
8.81398 4.12741 -19.1929 -0.221618 0.442648 0.241512 0.834651
8.91619 4.12911 -19.3898 -0.221102 0.438173 0.248553 0.835083
9.02073 4.13664 -19.6 -0.220151 0.433242 0.254978 0.835968
9.12316 4.14272 -19.8099 -0.22005 0.428889 0.260675 0.836484
9.23131 4.14293 -20.0251 -0.221253 0.424419 0.266488 0.836613
9.34713 4.13796 -20.2515 -0.226935 0.41753 0.26608 0.838687
9.4641 4.14198 -20.4773 -0.232124 0.411357 0.264851 0.840702
9.58688 4.13828 -20.7119 -0.237787 0.405118 0.263917 0.842442
9.71372 4.15371 -20.9544 -0.24195 0.399055 0.262361 0.844632
9.85284 4.15759 -21.1971 -0.247343 0.393241 0.261709 0.846
9.98772 4.15551 -21.4399 -0.252743 0.388562 0.261129 0.846744
10.1444 4.15099 -21.6874 -0.258195 0.38379 0.260682 0.847414
10.301 4.1559 -21.9487 -0.26182 0.379305 0.260328 0.848428
10.448 4.15889 -22.1955 -0.265603 0.376809 0.259032 0.848762
10.6113 4.161 -22.4446 -0.268163 0.374123 0.258613 0.849271
10.783 4.15695 -22.6792 -0.271095 0.372521 0.258425 0.849104
10.957 4.15621 -22.9146 -0.272789 0.371264 0.258637 0.849046
11.129 4.14968 -23.1393 -0.273001 0.372083 0.258171 0.848763
11.3121 4.14925 -23.3568 -0.271694 0.373591 0.257906 0.848598
11.5042 4.1335 -23.5605 -0.270357 0.376288 0.258835 0.847552
11.7085 4.12316 -23.7527 -0.266556 0.379755 0.259106 0.847125
11.9209 4.11551 -23.9345 -0.260901 0.38416 0.259269 0.846851
12.1502 4.09916 -24.0907 -0.259707 0.38627 0.249116 0.849301
12.396 4.08036 -24.2159 -0.257374 0.388845 0.23714 0.852261
12.6604 4.06087 -24.3127 -0.253444 0.392531 0.223275 0.855487
12.9411 4.03504 -24.366 -0.248945 0.39727 0.20747 0.858594
13.2341 4.01023 -24.3871 -0.242989 0.402275 0.190552 0.861885
13.5283 3.98823 -24.3925 -0.235705 0.407676 0.172354 0.865195
13.8175 3.96124 -24.3939 -0.228647 0.413609 0.152675 0.867964
14.1117 3.94308 -24.4084 -0.219714 0.419376 0.132538 0.870809
14.4069 3.92427 -24.4209 -0.211333 0.42544 0.111411 0.872898
14.7016 3.91787 -24.4464 -0.201828 0.431404 0.0891217 0.874779
15.0038 3.90188 -24.4896 -0.192722 0.436055 0.0679603 0.876424
15.2944 3.90796 -24.5325 -0.182599 0.442146 0.0448181 0.87703
15.5754 3.91923 -24.596 -0.171349 0.447476 0.0213516 0.877481
15.8614 3.94014 -24.6675 -0.160216 0.452655 -0.00193796 0.877187
16.1407 3.95694 -24.7492 -0.148795 0.457829 -0.0241964 0.87618
16.4141 3.97891 -24.8548 -0.136086 0.461949 -0.0455775 0.875233
16.6863 4.00371 -24.9559 -0.125128 0.46578 -0.0675327 0.873416
16.958 4.0317 -25.0803 -0.113149 0.468636 -0.0877433 0.871726
17.2265 4.05652 -25.2059 -0.102557 0.47076 -0.107147 0.86972
17.4828 4.08079 -25.3555 -0.0916943 0.472263 -0.125152 0.867712
17.7229 4.09282 -25.517 -0.0820839 0.47352 -0.141741 0.865434
17.954 4.10639 -25.6943 -0.0732329 0.474067 -0.156809 0.863329
18.1714 4.11548 -25.8887 -0.0650318 0.474008 -0.170188 0.861481
18.374 4.10724 -26.0929 -0.055521 0.474135 -0.175455 0.861021
18.552 4.09771 -26.3137 -0.0473535 0.473557 -0.179813 0.860927
18.7212 4.09091 -26.55 -0.0403281 0.472127 -0.183538 0.861286
18.8731 4.07928 -26.7898 -0.0349301 0.470544 -0.186592 0.86173
19.0269 4.06423 -27.0379 -0.0308533 0.468502 -0.188417 0.862602
19.1834 4.04135 -27.2834 -0.0276661 0.466086 -0.190307 0.863603
19.3313 4.02967 -27.5286 -0.0253259 0.463631 -0.191612 0.864708
19.4924 4.02293 -27.7706 -0.0235102 0.460874 -0.191963 0.866153
19.6651 4.02735 -27.9955 -0.0227155 0.458162 -0.192485 0.867497
19.837 4.03249 -28.218 -0.022769 0.454845 -0.192314 0.869276
20.0143 4.0398 -28.4336 -0.0235199 0.450971 -0.191705 0.871408
20.2004 4.04708 -28.6411 -0.0236392 0.446876 -0.190237 0.873831
20.3849 4.05106 -28.8388 -0.0244036 0.441928 -0.189209 0.876546
20.607 4.04687 -29.0026 -0.0257528 0.436764 -0.188762 0.879187
20.8462 4.02791 -29.1392 -0.0271656 0.432359 -0.187689 0.88155
21.0914 4.01265 -29.2547 -0.02837 0.428805 -0.186973 0.883397
21.2987 3.99401 -29.3622 -0.0297094 0.425622 -0.186458 0.885001
21.5057 3.97648 -29.4684 -0.0308843 0.422806 -0.185223 0.886567
21.7417 3.95549 -29.5742 -0.0314231 0.420083 -0.184544 0.887985
21.9782 3.9433 -29.6822 -0.0316385 0.417654 -0.184408 0.889149
22.1971 3.93707 -29.7963 -0.0300092 0.415295 -0.182833 0.890636
22.5053 3.93868 -29.84 -0.0276796 0.412617 -0.183126 0.891894
22.807 3.93628 -29.8679 -0.0254328 0.398268 -0.19139 0.896737
23.0709 3.9397 -29.8688 -0.0208146 0.384671 -0.198868 0.901152
23.1279 4.01786 -29.8225 -0.00803676 0.372885 -0.201123 0.9058
23.0319 4.02551 -29.6768 -0.000696532 0.36661 -0.201306 0.908352
22.9017 4.01921 -29.4983 0.00388825 0.362024 -0.201667 0.910102
22.7743 4.02187 -29.2993 0.00826715 0.35791 -0.201577 0.911718
22.5707 4.04993 -29.0744 0.0112144 0.355659 -0.203734 0.912089
22.3678 4.07733 -28.8482 0.0147365 0.353784 -0.205005 0.912482
22.1597 4.10545 -28.6239 0.0179527 0.352164 -0.206371 0.912744
21.9584 4.12066 -28.3947 0.0212028 0.350807 -0.207803 0.912871
21.7542 4.13838 -28.1792 0.0242772 0.349208 -0.209161 0.913099
21.5492 4.15627 -27.9646 0.0269427 0.347417 -0.210611 0.913373
21.3408 4.17815 -27.7533 0.0285277 0.34581 -0.212454 0.913509
21.1612 4.21486 -27.5411 0.030788 0.343873 -0.214561 0.913674
20.9796 4.25324 -27.3271 0.0333253 0.341442 -0.215997 0.914159
20.7971 4.28307 -27.1322 0.0346912 0.338596 -0.21719 0.914883
20.6318 4.31577 -26.9371 0.0354764 0.335523 -0.218074 0.915775
20.4747 4.34959 -26.7484 0.0356722 0.331996 -0.219074 0.916813
20.3272 4.35492 -26.5882 0.0339537 0.327266 -0.21856 0.918701
20.1839 4.37142 -26.4198 0.0319389 0.32197 -0.218029 0.920767
20.0471 4.38881 -26.2548 0.0292682 0.316564 -0.218056 0.922723
19.9271 4.40525 -26.0883 0.0261183 0.310717 -0.216855 0.925083
19.803 4.42163 -25.9347 0.0225313 0.304803 -0.215353 0.927495
19.6827 4.44173 -25.781 0.0188519 0.298307 -0.213909 0.930018
19.5544 4.46109 -25.6401 0.0150185 0.291944 -0.21284 0.93235
19.4266 4.4773 -25.5057 0.0103936 0.285421 -0.21221 0.934573
19.303 4.4838 -25.3834 0.00508101 0.278148 -0.210893 0.937106
19.1843 4.48804 -25.2751 -8.95059e-05 0.270486 -0.209693 0.939627
19.064 4.48924 -25.1737 -0.00534442 0.262583 -0.208309 0.942159
18.9462 4.48572 -25.0683 -0.0115579 0.254368 -0.208445 0.944323
18.8367 4.50071 -24.964 -0.0158152 0.246085 -0.207599 0.946641
18.7206 4.5044 -24.8803 -0.0205278 0.237889 -0.20702 0.948769
18.5914 4.48971 -24.8195 -0.0247188 0.229235 -0.206027 0.951015
18.5075 4.51706 -24.7161 -0.0272055 0.220352 -0.205634 0.953128
18.4198 4.52643 -24.6373 -0.0299625 0.210617 -0.204722 0.955441
18.3372 4.5391 -24.5664 -0.0311659 0.200829 -0.204234 0.957611
18.2445 4.53975 -24.5112 -0.0327461 0.190977 -0.204278 0.959563
18.1437 4.5542 -24.4335 -0.0332086 0.181889 -0.204745 0.961211
18.0478 4.56313 -24.3686 -0.0333709 0.172397 -0.205176 0.962863
17.947 4.57199 -24.3088 -0.033346 0.162888 -0.205945 0.964352
17.845 4.58102 -24.2511 -0.0322038 0.153483 -0.207052 0.965697
17.7495 4.58836 -24.1945 -0.0306551 0.144643 -0.208124 0.96688
17.6559 4.58458 -24.1515 -0.0291004 0.13499 -0.209973 0.967925
17.5715 4.58347 -24.1105 -0.0266239 0.12556 -0.209307 0.969407
17.4865 4.59507 -24.0615 -0.0231628 0.116192 -0.210453 0.970417
17.399 4.59232 -24.0243 -0.0200738 0.10759 -0.21219 0.971098
17.3096 4.59947 -23.9848 -0.0160455 0.0994935 -0.213448 0.971762
17.2255 4.59608 -23.95 -0.0121134 0.0913978 -0.214246 0.972436
17.1402 4.61595 -23.9155 -0.00677523 0.0843152 -0.214674 0.973036
17.0779 4.63244 -23.881 -0.00143493 0.076947 -0.214742 0.973651
17.0052 4.63406 -23.8634 0.0038335 0.0704421 -0.214388 0.974217
16.9337 4.62851 -23.8436 0.00827458 0.0645646 -0.214718 0.974522
16.8676 4.62837 -23.8139 0.0128763 0.0594852 -0.215242 0.974682
16.7812 4.65582 -23.7641 0.0181033 0.0560174 -0.215659 0.97471
16.6988 4.68742 -23.7103 0.0232817 0.0534445 -0.216523 0.974555
16.6504 4.68547 -23.6943 0.0280325 0.049937 -0.21622 0.974681
16.5998 4.68181 -23.6814 0.0326825 0.0473315 -0.216612 0.974582
16.5531 4.67968 -23.6664 0.0367173 0.045775 -0.216987 0.974427
16.5039 4.68216 -23.6452 0.0400049 0.0452715 -0.214293 0.97492
16.4521 4.67785 -23.6329 0.0435718 0.04568 -0.211055 0.975451
16.412 4.68138 -23.6136 0.046869 0.0469224 -0.207154 0.976078
16.3736 4.68946 -23.6061 0.0500382 0.049144 -0.202781 0.976727
16.3354 4.68842 -23.6085 0.0531676 0.051649 -0.197197 0.977578
16.2955 4.69002 -23.5958 0.0555086 0.055541 -0.192883 0.978092
16.2616 4.68784 -23.588 0.0575351 0.0596765 -0.188159 0.978655
16.2278 4.69637 -23.5777 0.0606145 0.0644639 -0.182195 0.97929
16.213 4.69668 -23.566 0.0632234 0.0693165 -0.175813 0.979963
16.1989 4.69591 -23.5527 0.0651396 0.0747236 -0.170252 0.980419
16.172 4.69554 -23.5416 0.0672464 0.0810257 -0.164387 0.98078
16.146 4.69176 -23.5367 0.0690165 0.087518 -0.15874 0.981027
16.1353 4.69285 -23.5287 0.0706434 0.094028 -0.153148 0.981201
16.1256 4.68982 -23.5162 0.0725646 0.100591 -0.147348 0.981295
16.1118 4.69417 -23.5213 0.0746241 0.107283 -0.142045 0.981217
16.1032 4.69532 -23.5223 0.0764188 0.11391 -0.136992 0.981047
16.1077 4.67627 -23.5089 0.0773033 0.120169 -0.132343 0.980872
16.1125 4.6572 -23.4957 0.0786789 0.127 -0.128023 0.980472
16.1127 4.64078 -23.486 0.0806295 0.133334 -0.123691 0.980032
16.1124 4.62292 -23.4769 0.0821341 0.139555 -0.120296 0.97946
16.1115 4.6034 -23.4646 0.0838591 0.145182 -0.118098 0.978767
16.1109 4.58384 -23.4525 0.0859155 0.150605 -0.115645 0.978058
16.0931 4.5695 -23.4388 0.0875694 0.155666 -0.113694 0.977351
16.0764 4.54972 -23.4211 0.0894999 0.16041 -0.11217 0.976582
16.0568 4.53124 -23.3986 0.0912591 0.165686 -0.112135 0.975545
16.0325 4.51004 -23.3709 0.0942377 0.170555 -0.110805 0.974571
16.0085 4.4887 -23.343 0.0964072 0.175267 -0.110511 0.973559
15.9865 4.46446 -23.3117 0.0984861 0.18026 -0.110365 0.972452
15.9645 4.43504 -23.2682 0.100455 0.185289 -0.110098 0.971338
15.9417 4.40543 -23.2247 0.102998 0.18994 -0.109925 0.970189
15.9146 4.37625 -23.1786 0.104744 0.194439 -0.110441 0.969055
15.8763 4.35259 -23.1374 0.10694 0.198593 -0.110329 0.967981
15.8342 4.33058 -23.0949 0.109267 0.202827 -0.109626 0.966926
15.7921 4.30785 -23.0483 0.111251 0.206993 -0.108785 0.965908
15.7541 4.27415 -22.9823 0.112844 0.211281 -0.107524 0.964938
15.7192 4.23834 -22.911 0.114699 0.21626 -0.105998 0.963782
15.684 4.20384 -22.8386 0.116107 0.221909 -0.104972 0.962444
15.6415 4.16866 -22.765 0.118493 0.227191 -0.102383 0.961196
15.5834 4.13774 -22.6952 0.120469 0.232907 -0.0995465 0.959882
15.5258 4.09392 -22.6187 0.121312 0.238973 -0.0964052 0.958602
15.465 4.05059 -22.5403 0.122712 0.245076 -0.0924608 0.957274
15.4035 4.00816 -22.4615 0.123071 0.251125 -0.0886729 0.956014
15.3168 3.97735 -22.3805 0.124751 0.258004 -0.0836335 0.954422
15.2264 3.94596 -22.2937 0.12617 0.26419 -0.078216 0.952998
15.1276 3.91379 -22.1929 0.127852 0.271376 -0.0732719 0.951149
15.0034 3.88199 -22.0838 0.128842 0.279752 -0.0686741 0.948926
14.8778 3.84862 -21.9728 0.129611 0.287573 -0.063686 0.946833
14.7402 3.81006 -21.8417 0.130324 0.294451 -0.0597975 0.94487
14.6016 3.77188 -21.7085 0.13024 0.301427 -0.0551984 0.942962
14.4572 3.7352 -21.5775 0.130466 0.306708 -0.0516534 0.941425
14.2951 3.70217 -21.4594 0.130337 0.311572 -0.0471046 0.940086
14.1324 3.66937 -21.323 0.129946 0.315685 -0.0431198 0.938956
13.9684 3.63821 -21.1858 0.128948 0.319121 -0.0408501 0.938036
13.7906 3.62252 -21.0919 0.127172 0.319941 -0.0399833 0.938034
13.61 3.60729 -20.9925 0.124842 0.319606 -0.038044 0.938544
13.404 3.61404 -20.9003 0.122986 0.317976 -0.0380518 0.93934
13.1903 3.62385 -20.8238 0.120695 0.314658 -0.038628 0.940732
12.9564 3.66255 -20.7546 0.117607 0.310185 -0.0418436 0.942467
12.7189 3.70315 -20.6904 0.114365 0.303172 -0.0459499 0.944956
12.4805 3.74683 -20.6306 0.110683 0.29393 -0.0515672 0.948017
12.2704 3.77544 -20.5673 0.106297 0.282294 -0.0592357 0.951602
12.0586 3.80195 -20.5053 0.100642 0.26857 -0.0683632 0.955567
11.8562 3.83092 -20.4401 0.0947019 0.252128 -0.0781249 0.959898
11.6547 3.8486 -20.3795 0.0875688 0.234556 -0.0894563 0.96403
11.4618 3.86475 -20.3158 0.0804444 0.215952 -0.10125 0.967826
11.2804 3.88394 -20.2568 0.0729167 0.195664 -0.113183 0.971406
11.1092 3.90672 -20.2041 0.0654499 0.17417 -0.12552 0.97451
10.9555 3.92434 -20.1416 0.0579633 0.152123 -0.139546 0.976763
10.8069 3.95764 -20.0718 0.0503872 0.129904 -0.152385 0.978473
10.6739 3.98812 -20.0035 0.0427285 0.108098 -0.165213 0.979405
10.5477 4.01858 -19.9448 0.0355226 0.0859288 -0.177832 0.979681
10.4334 4.06566 -19.8574 0.0282534 0.063921 -0.189895 0.979335
10.3285 4.11782 -19.7696 0.0211445 0.0438572 -0.200207 0.978566
10.2521 4.1501 -19.718 0.0144323 0.0235642 -0.209454 0.977449
10.1934 4.16484 -19.6933 0.00802813 0.00452182 -0.217108 0.976127
10.1304 4.19973 -19.6256 0.00185362 -0.0130671 -0.224088 0.974501
10.0919 4.21095 -19.5938 -0.00399791 -0.0290724 -0.229009 0.973005
10.056 4.23271 -19.5608 -0.00882013 -0.0429645 -0.232199 0.971701
10.0056 4.26785 -19.5216 -0.0124699 -0.0535266 -0.233713 0.970775
9.97511 4.28643 -19.497 -0.0156305 -0.0616458 -0.23431 0.970102
9.96461 4.28533 -19.49 -0.0179965 -0.0675442 -0.232094 0.970202
9.94929 4.29044 -19.4819 -0.0195744 -0.070034 -0.227724 0.971029
9.94393 4.28687 -19.4831 -0.0206715 -0.0703874 -0.221735 0.972367
9.939 4.28974 -19.4817 -0.020688 -0.0686562 -0.214281 0.974159
9.94387 4.28155 -19.4877 -0.0200887 -0.065263 -0.205013 0.976398
9.94881 4.27614 -19.4761 -0.0193782 -0.0601903 -0.194335 0.978917
9.9556 4.27543 -19.453 -0.0183337 -0.0537535 -0.183165 0.981464
9.95913 4.26246 -19.4392 -0.0175524 -0.045586 -0.171034 0.984075
9.97896 4.25536 -19.4059 -0.0166062 -0.0360399 -0.158826 0.986533
10.0339 4.24408 -19.3893 -0.0148338 -0.0262505 -0.146543 0.988767
10.0998 4.23042 -19.3844 -0.0130068 -0.0155149 -0.134705 0.990703
10.1799 4.22142 -19.3768 -0.011079 -0.00468261 -0.12277 0.992384
10.2669 4.19243 -19.3901 -0.00971325 0.00619035 -0.110985 0.993779
10.3581 4.16071 -19.4122 -0.0085361 0.0172975 -0.0995402 0.994869
10.4519 4.14071 -19.4296 -0.00711871 0.0280499 -0.0890952 0.995626
10.5623 4.13018 -19.4364 -0.00584471 0.0380325 -0.0799397 0.996079
10.681 4.10958 -19.4685 -0.00504033 0.0467075 -0.0713691 0.996367
10.8016 4.08459 -19.5027 -0.00462588 0.053956 -0.0652603 0.99642
10.9444 4.05057 -19.539 -0.00506651 0.0594682 -0.0607319 0.996392
11.0952 4.01818 -19.5708 -0.00643858 0.0635591 -0.0577363 0.996308
11.2629 3.98329 -19.6057 -0.00813975 0.0658139 -0.0555713 0.996274
11.4328 3.95172 -19.632 -0.0107464 0.0667446 -0.0564835 0.996134
11.587 3.92156 -19.6739 -0.013432 0.066871 -0.0595775 0.995915
11.7443 3.88809 -19.7137 -0.0169206 0.0657297 -0.0652008 0.995583
11.9432 3.85331 -19.7537 -0.0209541 0.0621336 -0.0713501 0.995318
12.138 3.82307 -19.8021 -0.0253018 0.0575437 -0.077901 0.995
12.3408 3.78639 -19.8697 -0.0298485 0.052122 -0.0862486 0.994486
12.5449 3.7449 -19.9364 -0.0344171 0.0461489 -0.0953916 0.993796
12.7617 3.70902 -20.0013 -0.0393121 0.0393091 -0.1053 0.99291
12.969 3.68246 -20.0627 -0.0442491 0.0332894 -0.115742 0.991757
13.194 3.63625 -20.1392 -0.0495923 0.0264787 -0.126536 0.990393
13.4379 3.59423 -20.2203 -0.0546216 0.018752 -0.137302 0.988867
13.6638 3.56278 -20.3025 -0.0593723 0.0121168 -0.147673 0.987204
13.8845 3.55297 -20.3958 -0.0636899 0.00559426 -0.157617 0.985452
14.1028 3.52234 -20.5237 -0.0677432 -0.00195133 -0.167663 0.983538
14.3133 3.4918 -20.656 -0.0725872 -0.00853266 -0.176097 0.981679
14.5198 3.45932 -20.8174 -0.0764005 -0.0138805 -0.183925 0.979895
14.7326 3.44515 -20.9885 -0.0788299 -0.0182245 -0.190533 0.978365
14.946 3.40396 -21.185 -0.0812353 -0.0215564 -0.196962 0.976829
15.106 3.42028 -21.3204 -0.0835747 -0.0219474 -0.203606 0.975257
15.2844 3.40336 -21.4995 -0.0839913 -0.0217412 -0.207057 0.974502
15.452 3.38779 -21.6906 -0.0836865 -0.0200698 -0.209903 0.973952
15.6374 3.34968 -21.8964 -0.0826652 -0.0177391 -0.210625 0.973931
15.814 3.32753 -22.1182 -0.0794447 -0.0141502 -0.210784 0.974221
15.9571 3.32452 -22.3195 -0.0760755 -0.0083613 -0.209184 0.974904
16.1091 3.29533 -22.5203 -0.072732 -0.00251113 -0.207078 0.975639
16.2599 3.26105 -22.7281 -0.0692388 0.00476112 -0.204255 0.976482
16.4073 3.22416 -22.9455 -0.0650999 0.0122461 -0.200852 0.977405
16.555 3.18498 -23.1674 -0.0610069 0.0204663 -0.197175 0.978282
16.6917 3.16405 -23.3629 -0.0572117 0.0300203 -0.192084 0.979275
16.8404 3.12937 -23.5702 -0.0527716 0.0390807 -0.187102 0.980171
16.9984 3.07968 -23.7936 -0.0484748 0.0481534 -0.181148 0.981105
17.1522 3.02711 -24.0218 -0.0442494 0.0575625 -0.175606 0.981808
17.3101 2.96543 -24.2481 -0.0403782 0.0673297 -0.170278 0.982289
17.462 2.92042 -24.4585 -0.0364477 0.077239 -0.164691 0.982669
17.6393 2.85344 -24.6156 -0.0317327 0.0872507 -0.159044 0.982922
17.8142 2.85648 -24.7236 -0.0259014 0.0979938 -0.150815 0.98338
18.001 2.83852 -24.8262 -0.0190862 0.0996461 -0.145479 0.984171
18.1898 2.81021 -24.9064 -0.0138536 0.0958584 -0.137802 0.985741
18.3683 2.78787 -24.9894 -0.00930788 0.0919916 -0.132018 0.986951
18.5341 2.76172 -25.084 -0.00428609 0.0878876 -0.126881 0.988036
18.6994 2.7412 -25.1762 0.00245348 0.0803446 -0.117816 0.989802
18.8505 2.71637 -25.2582 0.00310266 0.0754994 -0.11409 0.990621
18.8548 2.69157 -25.1911 0.00347786 0.0767441 -0.110314 0.990949
18.8628 2.66116 -25.097 0.00163607 0.0772061 -0.109186 0.991046
18.7915 2.64892 -24.9175 -0.00179685 0.0782475 -0.110538 0.990813
18.7246 2.61497 -24.782 -0.00519846 0.0793157 -0.113011 0.990439
18.629 2.62859 -24.6074 -0.00786917 0.080645 -0.115633 0.990009
18.5655 2.61854 -24.4705 -0.0108856 0.0798273 -0.117853 0.989788
18.5002 2.60991 -24.3251 -0.0142859 0.0783074 -0.120905 0.989495
18.4425 2.60172 -24.1926 -0.0173495 0.0756359 -0.124203 0.989248
18.3846 2.60268 -24.0824 -0.0197873 0.0717722 -0.127967 0.989008
18.3253 2.59904 -23.9737 -0.0223114 0.0669819 -0.132721 0.988666
18.2601 2.59655 -23.8745 -0.024976 0.0617197 -0.137279 0.98832
18.2026 2.5934 -23.7719 -0.0274978 0.0551514 -0.141899 0.987991
18.1613 2.57955 -23.6814 -0.0296703 0.0467893 -0.146397 0.987701
18.1245 2.56943 -23.6138 -0.030861 0.0372961 -0.150592 0.98744
18.0883 2.55973 -23.558 -0.031001 0.026477 -0.155138 0.987079
18.0484 2.55742 -23.4867 -0.0312654 0.0145073 -0.160393 0.986482
18.0078 2.56402 -23.4177 -0.0299507 0.0018219 -0.165284 0.985818
17.9952 2.55556 -23.3785 -0.0280088 -0.0133661 -0.169595 0.985056
17.9427 2.58676 -23.3121 -0.0248333 -0.0279571 -0.173641 0.984128
17.9526 2.55215 -23.3049 -0.022052 -0.0458132 -0.177685 0.982805
17.9319 2.5394 -23.2958 -0.0180393 -0.063175 -0.181781 0.981171
17.9174 2.52734 -23.2758 -0.013684 -0.0814027 -0.185785 0.979149
17.9084 2.54101 -23.2578 -0.00780203 -0.100714 -0.189153 0.976768
17.9058 2.53812 -23.2638 -0.00202407 -0.120654 -0.192113 0.973958
17.8941 2.55358 -23.2685 0.00472125 -0.140257 -0.194995 0.970743
17.8704 2.57759 -23.2603 0.0117025 -0.159716 -0.19755 0.967156
17.8616 2.58792 -23.269 0.0190343 -0.178902 -0.199257 0.963321
17.8598 2.59908 -23.263 0.0258699 -0.199007 -0.201016 0.958845
17.8708 2.59177 -23.2718 0.0327036 -0.218957 -0.203443 0.953761
17.8698 2.59528 -23.2592 0.0397496 -0.238561 -0.204788 0.948492
17.8694 2.59661 -23.2477 0.045734 -0.257158 -0.205961 0.94309
17.854 2.60399 -23.2282 0.0517366 -0.2749 -0.207183 0.937494
17.8424 2.60888 -23.2111 0.0571206 -0.291877 -0.208181 0.931809
17.8249 2.62395 -23.1837 0.0625523 -0.30779 -0.208503 0.926254
17.8049 2.6445 -23.1489 0.0673233 -0.322792 -0.208776 0.920732
17.7799 2.6659 -23.131 0.0721477 -0.336402 -0.20966 0.915281
17.7629 2.67762 -23.1172 0.0751314 -0.348264 -0.210057 0.910498
17.7464 2.68849 -23.103 0.0773511 -0.359048 -0.209226 0.906308
17.7328 2.68297 -23.0934 0.0787517 -0.368511 -0.208935 0.902445
17.7168 2.6867 -23.076 0.079494 -0.376778 -0.208749 0.899006
17.713 2.68527 -23.0751 0.0794164 -0.383572 -0.208668 0.896151
17.6992 2.70394 -23.0693 0.0796905 -0.388868 -0.208438 0.893899
17.6849 2.71975 -23.063 0.0795882 -0.393338 -0.208109 0.892023
17.673 2.72345 -23.0557 0.0786917 -0.397327 -0.208548 0.890234
17.668 2.72553 -23.0487 0.0779666 -0.39997 -0.208883 0.889031
17.6638 2.74047 -23.0293 0.0776004 -0.402058 -0.208954 0.888109
17.6613 2.74919 -23.0239 0.0765539 -0.401932 -0.208487 0.888363
17.6594 2.75541 -23.0147 0.0753599 -0.401699 -0.208708 0.888522
17.6557 2.75808 -22.9913 0.0741259 -0.401411 -0.209099 0.88866
17.6558 2.74351 -22.9549 0.072925 -0.400285 -0.209484 0.88918
17.6517 2.72779 -22.9008 0.0717611 -0.399159 -0.209883 0.889683
17.6466 2.71112 -22.8448 0.0705203 -0.39757 -0.210719 0.8903
17.6415 2.69258 -22.7866 0.0694271 -0.395427 -0.211235 0.891213
17.6198 2.67906 -22.7053 0.0684891 -0.39306 -0.211645 0.892239
17.6031 2.65282 -22.6176 0.0663181 -0.390691 -0.21154 0.893464
17.5643 2.63269 -22.5169 0.0652849 -0.388139 -0.212473 0.894434
17.5129 2.64709 -22.4199 0.0655807 -0.38449 -0.212348 0.896012
17.4673 2.64281 -22.3087 0.0651309 -0.381073 -0.211356 0.897742
17.4312 2.62846 -22.2027 0.0654989 -0.377038 -0.210666 0.899575
17.3963 2.60553 -22.0896 0.0652859 -0.372992 -0.209285 0.901602
17.3446 2.58382 -21.9734 0.0652421 -0.368847 -0.208374 0.903515
17.2932 2.5897 -21.8321 0.0664593 -0.365603 -0.206831 0.905103
17.2145 2.59311 -21.6656 0.0676117 -0.362265 -0.205833 0.906581
17.1387 2.59597 -21.5036 0.0687893 -0.359021 -0.204627 0.908059
17.0673 2.5986 -21.3584 0.0697097 -0.356723 -0.203657 0.909108
16.9968 2.59913 -21.2176 0.0705745 -0.354401 -0.20281 0.910142
16.9284 2.59906 -21.0811 0.0714756 -0.352128 -0.201786 0.911177
16.859 2.59893 -20.9479 0.0723741 -0.349858 -0.200638 0.912238
16.7924 2.60071 -20.8201 0.0731072 -0.348448 -0.199686 0.912923
16.7151 2.60558 -20.6772 0.0742684 -0.348401 -0.199786 0.91283
16.6106 2.61282 -20.4893 0.0741519 -0.350169 -0.19978 0.912159
16.5093 2.6192 -20.3082 0.074086 -0.352605 -0.199992 0.911184
16.4104 2.61701 -20.1218 0.0731761 -0.356529 -0.200917 0.909521
16.3078 2.6133 -19.9335 0.0714104 -0.361573 -0.201977 0.907438
16.2045 2.61236 -19.7546 0.0689488 -0.368079 -0.203275 0.904714
16.0888 2.6123 -19.5797 0.0652683 -0.375374 -0.205181 0.901559
15.9721 2.61091 -19.4077 0.0608828 -0.384286 -0.207633 0.897536
15.8489 2.61715 -19.243 0.0557324 -0.394803 -0.209961 0.892757
15.7314 2.62141 -19.0848 0.0496782 -0.406488 -0.212729 0.887193
15.6073 2.63047 -18.9298 0.0433796 -0.419335 -0.215813 0.880781
15.4491 2.63421 -18.7826 0.0351286 -0.432877 -0.219295 0.873705
15.2902 2.64312 -18.6404 0.027023 -0.446794 -0.223325 0.865937
15.1424 2.65357 -18.5043 0.0188402 -0.460955 -0.226918 0.857754
15.0006 2.66694 -18.3781 0.0106295 -0.475235 -0.230415 0.849132
14.8428 2.69557 -18.2457 0.0023577 -0.489793 -0.233635 0.839989
14.7018 2.71194 -18.1207 -0.00617811 -0.504335 -0.236566 0.830496
14.5489 2.73548 -17.9967 -0.0154029 -0.518317 -0.240033 0.82071
14.393 2.79151 -17.8783 -0.02286 -0.531965 -0.242258 0.8111
14.2461 2.83406 -17.7736 -0.0296357 -0.544481 -0.245612 0.801504
14.0939 2.8795 -17.6672 -0.0366878 -0.556318 -0.24866 0.792096
13.9357 2.93842 -17.5718 -0.0436867 -0.566629 -0.251569 0.78346
13.7768 3.01891 -17.4896 -0.0489501 -0.575411 -0.253762 0.776013
13.6293 3.07345 -17.3902 -0.05497 -0.583896 -0.25585 0.768545
13.4816 3.16173 -17.2991 -0.0594938 -0.590751 -0.257403 0.762433
13.3433 3.28116 -17.222 -0.0611403 -0.596067 -0.258043 0.75793
13.2052 3.39115 -17.1495 -0.0633068 -0.59959 -0.258877 0.754689
13.0663 3.53246 -17.0965 -0.0629325 -0.60092 -0.259359 0.753489
12.9452 3.66211 -17.0381 -0.0625618 -0.600907 -0.259324 0.753549
12.8221 3.80217 -16.9905 -0.0610865 -0.5988 -0.259153 0.755397
12.7081 3.94784 -16.9551 -0.0581418 -0.594629 -0.258573 0.759121
12.5964 4.10629 -16.9338 -0.0533428 -0.588381 -0.258403 0.764375
12.495 4.26247 -16.8911 -0.0479555 -0.582014 -0.256532 0.77022
12.3895 4.41491 -16.8579 -0.0414075 -0.573638 -0.255025 0.777345
12.2848 4.56319 -16.8193 -0.0340173 -0.564326 -0.252881 0.785185
12.1754 4.70895 -16.7714 -0.0259408 -0.553717 -0.250322 0.793813
12.0653 4.84528 -16.7143 -0.0163741 -0.542241 -0.24694 0.803002
11.9465 4.96612 -16.6396 -0.00660595 -0.530083 -0.242906 0.812428
11.8262 5.06494 -16.552 0.00383434 -0.517216 -0.238519 0.821988
11.6997 5.1406 -16.448 0.0134484 -0.504337 -0.232435 0.831571
11.5758 5.20139 -16.3314 0.0243236 -0.490858 -0.225064 0.841365
11.4486 5.24611 -16.2179 0.0360603 -0.476586 -0.218027 0.850942
11.3231 5.27832 -16.1021 0.049183 -0.461895 -0.21063 0.860203
11.1949 5.29523 -15.9818 0.0624536 -0.447518 -0.204097 0.868471
11.07 5.30879 -15.8593 0.0764999 -0.43278 -0.196972 0.876431
10.9578 5.31033 -15.7291 0.0910597 -0.419417 -0.190573 0.882921
10.8509 5.31283 -15.6017 0.106123 -0.406462 -0.183774 0.888725
10.7442 5.30247 -15.4772 0.121182 -0.39426 -0.177657 0.893522
10.6448 5.28431 -15.3562 0.135293 -0.383324 -0.168673 0.89799
10.5366 5.27337 -15.2365 0.149435 -0.37307 -0.159526 0.901725
10.4205 5.26836 -15.1045 0.163656 -0.363699 -0.149829 0.904748
10.3236 5.25919 -14.9733 0.178093 -0.356027 -0.139711 0.906685
10.2047 5.25194 -14.8432 0.191357 -0.348377 -0.129616 0.908457
10.1085 5.22335 -14.7113 0.203723 -0.342475 -0.119698 0.909367
10.0174 5.19986 -14.5861 0.215661 -0.337947 -0.109754 0.909569
9.93372 5.17689 -14.4631 0.227354 -0.334613 -0.100408 0.909028
9.85481 5.15246 -14.3413 0.237461 -0.331934 -0.0909062 0.908431
9.78955 5.13117 -14.2343 0.24699 -0.330152 -0.0817248 0.907406
9.72635 5.10253 -14.1199 0.255652 -0.32918 -0.0723317 0.906162
9.66949 5.07239 -14.0116 0.263937 -0.328809 -0.064423 0.904512
9.63523 5.05702 -13.9065 0.271555 -0.329425 -0.0565493 0.902562
9.59745 5.03482 -13.8005 0.277292 -0.330957 -0.0496666 0.900655
9.55809 5.01068 -13.6941 0.28146 -0.33332 -0.043415 0.898817
9.51776 4.98488 -13.5889 0.282719 -0.336894 -0.0381891 0.897321
9.46966 4.97718 -13.4799 0.282117 -0.34155 -0.0339519 0.895925
9.43665 4.98218 -13.3775 0.281586 -0.346398 -0.0300223 0.894364
9.40202 4.98276 -13.2769 0.280909 -0.351507 -0.0265787 0.892697
9.3626 4.98306 -13.1769 0.280403 -0.357002 -0.0242718 0.890733
9.32247 4.98661 -13.0768 0.274764 -0.363868 -0.0238161 0.88973
9.27593 4.98872 -12.9792 0.266398 -0.371657 -0.0239741 0.889044
9.20526 4.98911 -12.8866 0.2573 -0.379145 -0.0254757 0.888526
9.10229 4.98313 -12.8007 0.246603 -0.386678 -0.0278275 0.888236
8.97674 4.98804 -12.7213 0.234628 -0.394385 -0.0308894 0.887996
8.86036 4.99373 -12.6468 0.221556 -0.401959 -0.0350627 0.887798
8.71752 5.00469 -12.571 0.207171 -0.409378 -0.0398188 0.887686
8.55251 5.0192 -12.4897 0.192002 -0.416907 -0.0457186 0.887303
8.40392 5.02848 -12.4047 0.176572 -0.42475 -0.0530717 0.886383
8.24685 5.03854 -12.3103 0.159519 -0.432033 -0.0605545 0.885611
8.13329 5.03992 -12.2202 0.142386 -0.439115 -0.0687036 0.884458
8.01369 5.04324 -12.1293 0.124385 -0.445716 -0.0773065 0.883155
7.90425 5.03025 -12.0433 0.105948 -0.451779 -0.0872766 0.881553
7.79324 5.02319 -11.9595 0.0875987 -0.456968 -0.097302 0.879837
7.68413 5.01167 -11.8788 0.0694466 -0.461437 -0.107629 0.877925
7.59017 5.00168 -11.7789 0.0514451 -0.466183 -0.117743 0.87535
7.50303 4.98248 -11.6717 0.0333522 -0.470733 -0.12821 0.872321
7.4246 4.94063 -11.5766 0.0149251 -0.474103 -0.139387 0.869281
7.32561 4.91914 -11.4709 -0.0026334 -0.476907 -0.150137 0.866081
7.23218 4.89752 -11.3562 -0.0193155 -0.479493 -0.160592 0.862553
7.13841 4.87382 -11.2483 -0.0352282 -0.48078 -0.171079 0.859318
7.04154 4.85086 -11.1463 -0.0498165 -0.481294 -0.182033 0.856046
6.94916 4.83415 -11.0394 -0.0633093 -0.481424 -0.192233 0.852851
6.84975 4.81444 -10.9136 -0.0770915 -0.481533 -0.202351 0.849302
6.7527 4.80207 -10.8042 -0.0887968 -0.480371 -0.212207 0.846412
6.65345 4.79577 -10.6941 -0.0992977 -0.478731 -0.222076 0.843632
6.56067 4.76956 -10.5832 -0.110396 -0.477162 -0.231602 0.840581
6.46831 4.75341 -10.4662 -0.120355 -0.475534 -0.240677 0.837576
6.3744 4.75216 -10.3479 -0.128469 -0.4734 -0.249194 0.835092
6.27814 4.73006 -10.2339 -0.137515 -0.470868 -0.258248 0.832321
6.1914 4.70683 -10.127 -0.145552 -0.468206 -0.266363 0.829902
6.09569 4.69454 -10.0174 -0.15264 -0.464818 -0.273869 0.828082
5.99827 4.68523 -9.9099 -0.158883 -0.461228 -0.281317 0.826423
5.90204 4.66857 -9.79498 -0.16534 -0.458029 -0.288651 0.824397
5.80644 4.64699 -9.68827 -0.171464 -0.454407 -0.295534 0.822717
5.70794 4.63007 -9.58423 -0.176817 -0.450533 -0.302259 0.821264
5.62278 4.61883 -9.47332 -0.180959 -0.447914 -0.30693 0.820068
5.53015 4.59624 -9.35558 -0.186567 -0.445291 -0.312015 0.818312
5.43792 4.5739 -9.24098 -0.191843 -0.442424 -0.316588 0.816896
5.34968 4.55277 -9.13264 -0.196046 -0.439933 -0.320208 0.815825
5.26255 4.53203 -9.02031 -0.201256 -0.437497 -0.320908 0.815598
5.17683 4.50705 -8.90231 -0.206402 -0.435708 -0.320832 0.815293
5.07959 4.48624 -8.79444 -0.210936 -0.433094 -0.322096 0.815033
4.99291 4.46818 -8.67919 -0.214905 -0.431795 -0.321954 0.814735
4.89506 4.44735 -8.56656 -0.218856 -0.430154 -0.32301 0.81414
4.79775 4.42469 -8.44929 -0.222447 -0.429022 -0.324162 0.813299
4.7085 4.39921 -8.33209 -0.225244 -0.428685 -0.324721 0.812491
4.60561 4.37332 -8.20965 -0.228615 -0.428059 -0.325539 0.811544
4.50207 4.34806 -8.08917 -0.231282 -0.427488 -0.32661 0.810666
4.3876 4.31989 -7.95993 -0.234832 -0.427251 -0.328386 0.809045
4.28388 4.29793 -7.83357 -0.236691 -0.427426 -0.328936 0.808194
4.1734 4.27125 -7.70316 -0.23918 -0.427418 -0.329799 0.807106
4.07988 4.24888 -7.57477 -0.239621 -0.428432 -0.329615 0.80652
3.97166 4.22311 -7.4371 -0.24127 -0.429472 -0.330006 0.805307
3.85093 4.19064 -7.29429 -0.243315 -0.430049 -0.331163 0.803915
3.72912 4.16097 -7.14976 -0.24456 -0.430407 -0.331896 0.803035
3.59639 4.12005 -6.98452 -0.247267 -0.431512 -0.332822 0.801236
3.45711 4.08776 -6.82726 -0.248243 -0.431754 -0.333919 0.800339
3.32125 4.04817 -6.64982 -0.249759 -0.433077 -0.334025 0.799115
3.17693 4.01487 -6.47978 -0.249926 -0.433561 -0.334609 0.798549
3.01423 3.97151 -6.29377 -0.250508 -0.433816 -0.335098 0.798031
2.8492 3.93337 -6.10167 -0.25067 -0.433981 -0.334947 0.797945
2.68333 3.89054 -5.90649 -0.25031 -0.434198 -0.334899 0.797969
2.50756 3.84557 -5.69321 -0.250889 -0.434778 -0.334823 0.797495
2.32323 3.79319 -5.46633 -0.252353 -0.435599 -0.334831 0.796589
2.12745 3.7382 -5.24138 -0.253389 -0.435771 -0.335468 0.79589
1.94577 3.69454 -5.01996 -0.253033 -0.436323 -0.334754 0.79601
1.7556 3.65031 -4.80213 -0.252938 -0.436392 -0.335001 0.79589
1.57216 3.60145 -4.57139 -0.253685 -0.437447 -0.334259 0.795393
1.37909 3.55826 -4.34157 -0.254585 -0.438224 -0.334055 0.794755
1.18783 3.49534 -4.11041 -0.256373 -0.439366 -0.334074 0.79355
0.985527 3.44282 -3.89074 -0.257399 -0.439486 -0.335145 0.792691
0.790494 3.39472 -3.67496 -0.257834 -0.439678 -0.335618 0.792251
0.599514 3.34332 -3.45296 -0.258333 -0.440396 -0.335671 0.791658
0.408313 3.30035 -3.23782 -0.2584 -0.44106 -0.335659 0.791281
0.207803 3.25709 -3.02002 -0.258815 -0.44214 -0.336126 0.790335
0.00829093 3.20647 -2.80476 -0.259256 -0.442792 -0.336892 0.789508
-0.182168 3.16355 -2.58643 -0.259486 -0.44406 -0.336737 0.788777
-0.378468 3.13078 -2.38328 -0.258614 -0.445015 -0.336902 0.788464
-0.579265 3.09711 -2.179 -0.257992 -0.446289 -0.337174 0.787822
-0.772761 3.05913 -1.96512 -0.25689 -0.447148 -0.331951 0.789919
-0.975946 3.01837 -1.76417 -0.255607 -0.447258 -0.326675 0.79246
-1.16613 2.97558 -1.55019 -0.254378 -0.448825 -0.319272 0.794991
-1.37769 2.92141 -1.34856 -0.2542 -0.448681 -0.313085 0.797577
-1.59358 2.86741 -1.13969 -0.254613 -0.449018 -0.306445 0.79984
-1.81157 2.83182 -0.953585 -0.253542 -0.448608 -0.298833 0.803274
-2.012 2.78849 -0.764361 -0.252208 -0.44884 -0.289977 0.806812
-2.22557 2.74633 -0.5708 -0.251811 -0.448981 -0.281159 0.809963
-2.42734 2.68462 -0.355252 -0.253146 -0.450429 -0.271008 0.812209
-2.63806 2.6457 -0.159933 -0.253159 -0.451027 -0.261284 0.815046
-2.86813 2.61262 0.00251731 -0.252475 -0.45031 -0.252429 0.818447
-3.07983 2.5745 0.18552 -0.252542 -0.451061 -0.242311 0.821057
-3.32431 2.54367 0.333286 -0.252379 -0.44985 -0.233725 0.824264
-3.54857 2.50166 0.504448 -0.253871 -0.450449 -0.223752 0.826235
-3.78065 2.44928 0.650897 -0.255279 -0.449832 -0.214814 0.828514
-4.0183 2.40322 0.790371 -0.256616 -0.449321 -0.206222 0.830551
-4.26558 2.34918 0.921366 -0.258882 -0.448439 -0.198332 0.832253
-4.51811 2.28409 1.04029 -0.261998 -0.447457 -0.190949 0.833523
-4.768 2.20061 1.14051 -0.26589 -0.447403 -0.183526 0.833995
-5.02692 2.12473 1.20117 -0.268791 -0.446362 -0.177394 0.834942
-5.27645 2.02359 1.27876 -0.273502 -0.446277 -0.171785 0.834638
-5.51449 1.90685 1.36494 -0.278987 -0.446666 -0.166218 0.833734
-5.74643 1.76141 1.42633 -0.284506 -0.446684 -0.161635 0.832768
-5.94826 1.56061 1.43874 -0.289931 -0.445872 -0.158203 0.831983
-6.05792 1.29861 1.41009 -0.296477 -0.444979 -0.155754 0.830623
-6.05678 1.01969 1.33467 -0.303336 -0.444437 -0.153239 0.828895
-5.98784 0.765675 1.19858 -0.309447 -0.443228 -0.151596 0.827592
-5.89243 0.536223 1.06221 -0.317396 -0.441536 -0.151157 0.825557
-5.72682 0.370944 0.913297 -0.324059 -0.440734 -0.14944 0.823715
-5.52056 0.302178 0.741852 -0.327496 -0.440848 -0.146777 0.822765
-5.30617 0.253442 0.565853 -0.330194 -0.441174 -0.145351 0.821773
-5.1131 0.249594 0.371438 -0.331468 -0.440862 -0.144023 0.821654
-4.92632 0.25715 0.168217 -0.331884 -0.440448 -0.142618 0.821961
-4.7563 0.282082 -0.0445467 -0.330517 -0.439914 -0.140987 0.82307
-4.58012 0.307392 -0.264921 -0.327489 -0.440126 -0.139025 0.824508
-4.43055 0.343138 -0.483124 -0.323176 -0.439918 -0.137396 0.826583
-4.28269 0.383364 -0.708165 -0.316607 -0.43955 -0.135499 0.829636
-4.14235 0.432455 -0.92912 -0.307847 -0.439312 -0.133493 0.833368
-4.01642 0.491069 -1.14495 -0.29719 -0.438586 -0.131162 0.837984
-3.88928 0.579296 -1.35521 -0.283381 -0.437952 -0.128027 0.843557
-3.77247 0.686972 -1.54891 -0.267565 -0.437246 -0.124705 0.849572
-3.65089 0.796768 -1.73366 -0.249574 -0.436219 -0.120867 0.856098
-3.53121 0.902503 -1.91158 -0.229286 -0.434996 -0.117374 0.862861
-3.40401 0.992256 -2.0887 -0.206871 -0.433517 -0.113672 0.869731
-3.25392 1.05759 -2.26486 -0.182253 -0.431419 -0.108549 0.876913
-3.09548 1.10638 -2.43331 -0.156061 -0.429547 -0.102948 0.883528
-2.95261 1.13473 -2.59695 -0.129355 -0.426536 -0.0974715 0.889905
-2.80486 1.1598 -2.76557 -0.101309 -0.422951 -0.0914079 0.895867
-2.65646 1.19292 -2.92453 -0.0722758 -0.419293 -0.0849718 0.901025
-2.52627 1.21259 -3.07912 -0.0439211 -0.414989 -0.0789035 0.90538
-2.37334 1.24028 -3.23261 -0.0154478 -0.411186 -0.0714929 0.908665
-2.2549 1.2558 -3.37874 0.0128111 -0.406207 -0.0643432 0.911469
-2.12518 1.27729 -3.51746 0.0416663 -0.401544 -0.0574786 0.913136
-1.98377 1.30153 -3.67009 0.0689913 -0.396331 -0.0496663 0.914209
-1.86962 1.32093 -3.80913 0.0952634 -0.390895 -0.0419054 0.914585
-1.73193 1.34306 -3.95202 0.119653 -0.385772 -0.0336457 0.914229
-1.61829 1.35849 -4.08764 0.14305 -0.380306 -0.0262805 0.913405
-1.49859 1.37289 -4.22007 0.164439 -0.375519 -0.0192604 0.911953
-1.39944 1.38937 -4.35742 0.184105 -0.369762 -0.0118194 0.91068
-1.29007 1.40183 -4.4885 0.200108 -0.365489 -0.00387395 0.90909
-1.1846 1.42185 -4.61848 0.214716 -0.361354 0.00419181 0.907414
-1.07973 1.43728 -4.74139 0.227028 -0.358342 0.011732 0.905537
-0.996132 1.44358 -4.86173 0.236531 -0.355267 0.0186546 0.904206
-0.915159 1.45187 -4.98095 0.24426 -0.352406 0.0258511 0.903086
-0.832981 1.46009 -5.09531 0.250187 -0.349806 0.0331713 0.902242
-0.753134 1.4601 -5.21207 0.254628 -0.347581 0.0393232 0.901605
-0.710443 1.45372 -5.30697 0.252399 -0.346149 0.0441599 0.902565
-0.639155 1.44616 -5.40903 0.250623 -0.344246 0.0490283 0.903529
-0.579711 1.43611 -5.51529 0.249057 -0.341644 0.0530443 0.904729
-0.516088 1.43221 -5.61909 0.247395 -0.338653 0.0583518 0.905975
-0.458106 1.42633 -5.71408 0.245605 -0.335463 0.0636201 0.907301
-0.424645 1.41882 -5.80215 0.244206 -0.331153 0.0685075 0.908897
-0.369162 1.41197 -5.89583 0.242605 -0.326326 0.0734267 0.910693
-0.292175 1.40733 -5.99506 0.240502 -0.321287 0.0791861 0.912551
-0.273657 1.3956 -6.08443 0.240045 -0.314443 0.0827357 0.914745
-0.224347 1.3864 -6.18498 0.239319 -0.307178 0.0867385 0.917022
-0.209691 1.37445 -6.29 0.239021 -0.2977 0.0900712 0.919907
-0.178605 1.36019 -6.39844 0.239096 -0.287724 0.0925335 0.922806
-0.143602 1.35329 -6.51815 0.239941 -0.276301 0.0946058 0.925869
-0.143854 1.34665 -6.63069 0.240909 -0.262775 0.0961482 0.929383
-0.117041 1.3405 -6.75781 0.240881 -0.247886 0.0972402 0.933366
-0.0780452 1.3305 -6.90191 0.242174 -0.231246 0.0970162 0.93731
-0.0596987 1.32328 -7.03794 0.244193 -0.212994 0.0968177 0.941131
-0.0266804 1.30631 -7.18652 0.246184 -0.193949 0.0963375 0.944765
-0.0027881 1.29124 -7.33719 0.248983 -0.173412 0.0957344 0.948086
0.0340711 1.27563 -7.50557 0.252158 -0.151631 0.0953557 0.951008
0.0374601 1.24323 -7.66007 0.255504 -0.129092 0.0942326 0.953557
0.0596402 1.19632 -7.84866 0.258271 -0.10525 0.0925035 0.955901
0.0453672 1.1492 -8.01849 0.262272 -0.0803411 0.090229 0.957452
0.0537632 1.09954 -8.19272 0.266123 -0.0559246 0.088338 0.958296
0.0554492 1.04953 -8.37361 0.269781 -0.0306528 0.0858395 0.958649
0.0480616 1.00005 -8.55415 0.27343 -0.00469379 0.083226 0.958317
0.0311805 0.949947 -8.73248 0.276449 0.0214392 0.0802355 0.957484
