1.0 0.0 0.0 0.0 0.0 -1.0 0.0 0.0 0.0 0.0 -1.0 0.0
0.9997077917870291 0.0062242018811859805 0.02335787557215355 -0.300292 0.005414379324963718 -0.9993874489580729 0.03457472142477099 -0.00887445 0.023558767727268167 -0.03443815000863656 -0.9991291199275273 -0.0965023
0.9998147056153868 0.006976453720905313 0.01794111280544561 -0.527237 0.005940305730613897 -0.9983467176166321 0.05717118323004465 0.00408867 0.01831030319368016 -0.05705401403561865 -0.9982031718439783 -0.264617
0.9999236923605356 0.00596960613497481 0.010815417637156708 -0.735792 0.005079409891996298 -0.9967381501009899 0.08054352691809251 0.0335431 0.01126095250065195 -0.080482444892347 -0.9966924134420451 -0.463781
0.9999775591203435 0.005188370715342658 0.004238167651165112 -0.932202 0.004727748815135942 -0.9947448393011507 0.10227586750973142 0.0737662 0.004746540514963333 -0.10225353535720577 -0.9947470456654253 -0.686985
0.9999846460079571 0.004720229994600614 -0.002902960064961371 -1.10525 0.005041126320596935 -0.9924121650641817 0.12285227583583037 0.119387 -0.0023010418858579375 -0.12286502375135587 -0.9924207228513613 -0.923982
0.9999510276478569 0.003306100541697526 -0.009328022577323253 -1.25406 0.004600198678895896 -0.9898100454568375 0.1423197529679131 0.167275 -0.00876244703890126 -0.14235569399199077 -0.989776780850081 -1.17357
0.9998656790865557 0.00024033546417972628 -0.016387984123913985 -1.37183 0.002876973519764779 -0.9869410066330364 0.16105642629071082 0.213352 -0.01613526597697018 -0.1610819408407822 -0.9868091312542762 -1.4268
0.999750790564199 -0.0006170696928775163 -0.02231537566910851 -1.44394 0.003301866782719153 -0.9845359588805408 0.17515148685330528 0.259112 -0.02207837045636484 -0.1751815198477526 -0.9842885657477806 -1.70141
0.9996471457498196 -0.0018985558106907798 -0.026494895358773668 -1.48395 0.0030997431238685693 -0.982290037721325 0.18734106166562622 0.298225 -0.026381349222598598 -0.18735708494549022 -0.9819375474712858 -1.97902
0.9994648846925972 -0.0027012173507151636 -0.03259827742745398 -1.4858 0.0036389151080800162 -0.9812162653820432 0.19287664152652503 0.319118 -0.03250696176589327 -0.19289205264743195 -0.9806813720379371 -2.25454
0.999347987976309 -0.0025067027080285338 -0.0360182643840176 -1.4726 0.004630310770111643 -0.980451674273634 0.19670555314022184 0.322003 -0.03580724996248128 -0.19674407451194562 -0.9798008011808128 -2.52522
0.9989630674878143 -0.00821255353645048 -0.04478106474556908 -1.48751 0.0010666538456284755 -0.9791043023944519 0.20335591282833854 0.261721 -0.0455154044792477 -0.2031928123657039 -0.9780802773586663 -2.52541
0.9988354999221781 -0.010470694963251613 -0.047095739108740216 -1.45935 -0.0009744721206794644 -0.9803445465310429 0.1972907004674297 0.166014 -0.04823582174378294 -0.1970150619466176 -0.9792131386306414 -2.78021
0.9986509732326497 -0.008808839893012326 -0.051172629414765275 -1.41555 0.0009932671453469323 -0.9820842767323047 0.188439610526991 0.0485251 -0.05191576910592388 -0.1882362285398997 -0.9807506692239446 -3.01986
0.9983185726053133 -0.006304455448137965 -0.05762188328050919 -1.33081 0.003926293430901274 -0.9844302780154385 0.17573164753777723 -0.0693191 -0.057832618920334596 -0.17566240795329416 -0.9827502768358126 -3.24843
0.9928628265575911 -0.0595609625251424 -0.10332424392730757 -1.17306 -0.040061080786754064 -0.9825833619084859 0.18145260181880782 -0.235414 -0.11233217458176592 -0.17601826224484843 -0.9779565705643761 -3.3247
0.9954141595234712 -0.04345649320091484 -0.08521844999095404 -1.14072 -0.029094663314050112 -0.9861883736376006 0.1630521151922506 -0.238542 -0.09112711773574295 -0.15982498209198626 -0.9829302231147808 -3.25127
0.9976430041499114 -0.014309763119980955 -0.06710936559222017 -1.10748 -0.004934051452623343 -0.990441782792562 0.13784313561057124 -0.186334 -0.06844042231753905 -0.13718711884918897 -0.9881779207282744 -3.15869
0.9976504776576552 -0.019123447445527308 -0.06578615498150064 -1.02277 -0.010890433532082591 -0.9923094960517341 0.12330151054644985 -0.187807 -0.06763817625376337 -0.12229537114441881 -0.9901863053535497 -3.14831
0.9981102106155881 -0.014581384787482471 -0.05969414278290496 -1.02018 -0.008385965008883105 -0.9946718574859066 0.10275004387544664 -0.146139 -0.0608743218095796 -0.10205527494067024 -0.9929144161512653 -3.12601
0.9972014477205795 -0.02410039768302769 -0.07077035746342131 -1.07224 -0.018482028015681277 -0.9967035109368749 0.07899699947804496 -0.166799 -0.0724409228572365 -0.07746794251576956 -0.9943596082796029 -3.21586
0.9972767011399433 -0.018126973996992347 -0.07148841988143824 -1.18127 -0.014364217107574288 -0.9985016985962749 0.05280177238730427 -0.14482 -0.07233844503663954 -0.05163110219689854 -0.996042859848719 -3.17715
0.9976374415039111 -0.01226386511145894 -0.06759536169041963 -1.33746 -0.010464202784395185 -0.9995829780931536 0.02691412949567194 -0.114393 -0.06789724419752075 -0.02614321171835401 -0.9973497364071602 -3.00081
0.997658031911713 -0.0093687356563299 -0.06775454342144809 -1.48026 -0.009424078377720718 -0.9999554687671206 -0.00049722173918911 -0.0989451 -0.06774686788905933 0.0011345813893935352 -0.9977018966686857 -2.80242
0.9971431511396703 -0.010163225075003104 -0.07484814621166735 -1.6067 -0.01180362464430537 -0.9996990226634211 -0.02150670897781866 -0.075241 -0.07460704109200855 0.022328746983990545 -0.9969629965438137 -2.64036
0.9966347493152078 -0.006599393694334021 -0.08170449473731524 -1.73562 -0.010611491178631386 -0.9987537346011576 -0.04876857466859269 -0.0552498 -0.08128082622844467 0.04947146271445242 -0.995462707319824 -2.45978
0.9971874721353338 0.020427761182892926 -0.0721099992330957 -1.89698 0.014645212691306751 -0.9967011151123246 -0.07982734418151556 0.0202499 -0.07350281056918 0.0785467612757041 -0.9941970343606583 -2.28697
0.9980951006716126 0.03646104646760199 -0.04976707853401111 -2.02579 0.030858305293118483 -0.9935581741379858 -0.10904090791087595 0.0739495 -0.053422233290641795 0.10729746825568068 -0.9927906719425605 -2.35914
0.9972131551399847 0.06867616787856927 -0.029146306477350854 -2.14712 0.06387885819442786 -0.9878072843001929 -0.14197274583262068 0.167396 -0.038541077975755574 0.13971525703727675 -0.989441373836507 -2.4614
0.9959451471850441 0.0899477204224619 -0.001634438547017109 -2.2886 0.08840256551598653 -0.9818820487876329 -0.16760855789246748 0.228145 -0.016680833574886318 0.16678444129895192 -0.9858522708458118 -2.51066
0.9960677543146884 0.0885385492246421 0.003155014372229631 -2.37729 0.0876284283319623 -0.9793331997015723 -0.1822847840889358 0.256336 -0.013049420008701414 0.1818444644840074 -0.9832407148679111 -2.60323
0.9960682044209802 0.08858724695189822 0.0006571293994590364 -2.46139 0.08720232969000737 -0.9791347433391914 -0.18355083242178655 0.277149 -0.015616844694095333 0.1828864512848858 -0.9830099999990952 -2.6161
0.9956877788282338 0.09261166456015345 0.0053783528608426275 -2.57575 0.09201569514817896 -0.9785879942342143 -0.18411585859739227 0.31736 -0.0117880845982505 0.1838168031711333 -0.9828898330603738 -2.61659
0.9952892185478154 0.09667656214086204 0.007281055905804523 -2.71609 0.09635033655693181 -0.9779936120607932 -0.18505433638164 0.335496 -0.010769590885701272 0.18488411803318114 -0.9827013171921811 -2.41032
0.9950366335732236 0.09906177738667696 0.009426670051444807 -2.85961 0.09907700752650148 -0.9774383372358827 -0.18654233696709852 0.34704 -0.009265226757069691 0.18655042525426044 -0.9824016970723303 -2.20238
0.9953085147577905 0.09652027709700046 0.006693023215213361 -2.9903 0.09603934558162026 -0.9772287810439508 -0.18920981369793632 0.339258 -0.011721968729494832 0.18896493221884292 -0.9819138708871735 -2.01164
0.9950684591978902 0.09483716004392057 0.029063285849000878 -3.15451 0.0985913443106464 -0.9778059937163093 -0.18486531713515392 0.383744 0.010886153432526724 0.18681903470274452 -0.9823340266610836 -2.02574
0.9937554662121567 0.10116529836846982 0.04707075290961275 -3.30917 0.10819207735972663 -0.9768076657310337 -0.18477353318502188 0.442744 0.02728640265858199 0.1887123911541262 -0.981653241045353 -2.0353
0.993502160773391 0.10272308912863765 0.049004321222445746 -3.41304 0.11013141526369605 -0.9763160920326815 -0.1862201917356105 0.480972 0.02871459403540332 0.19040707811922897 -0.981285186218298 -2.03231
0.994205394498001 0.09793483006003224 0.04432158178796 -3.515 0.10457060407688477 -0.9766589894469219 -0.1876225122300432 0.509032 0.024912292429032507 0.19117004836958615 -0.9812407402326405 -2.01901
0.9946345001451911 0.09422178705447132 0.04271376786456149 -3.60793 0.10074555692841203 -0.976016569811857 -0.19298183389086201 0.515374 0.023506251936663083 0.19624961222116602 -0.9802721794598335 -2.01326
0.9952443556120454 0.09057211442427672 0.035851983363265644 -3.72943 0.09582585975674633 -0.9764388393726797 -0.19335096991330042 0.527077 0.017495062853403406 0.1958670085880962 -0.980474394220729 -1.81443
0.996057518901756 0.0840873540531419 0.028261916559556247 -3.84765 0.08799859302752087 -0.9768466346346272 -0.1950048718062698 0.527425 0.011210114381865803 0.19672307767861025 -0.9803950040897804 -1.61763
0.9968275286953862 0.07618976448328346 0.02302168158565787 -3.98646 0.07910680598252065 -0.9802889635654829 -0.18104049590894192 0.529257 0.008774467635899992 0.18228732182928567 -0.9832061538751745 -1.42944
0.9975882766366091 0.06702482245114473 0.018036171783210746 -4.11765 0.06907443151554486 -0.9841626847292717 -0.16325603479589088 0.535672 0.006808320498130529 0.164108144715201 -0.9864188580973754 -1.22056
0.9985055381382493 0.05304975727044951 0.013130634439805399 -4.25462 0.05439684555184493 -0.9878832500831547 -0.14535359437988538 0.521109 0.0052605609258084655 0.14585063407023607 -0.9892926356948464 -1.01993
0.9992994241368024 0.03699405822900878 0.005665736986888142 -4.38062 0.03741076781636345 -0.9916292248283906 -0.12357958940551575 0.509719 0.001046599850004782 0.12370497209891937 -0.9923184894512246 -0.808518
0.9998176922187677 0.019085019038079822 -0.0005868344347014602 -4.51481 0.018933231288930128 -0.9949093594956308 -0.09897928642374475 0.49868 -0.0024728686373315344 0.09895013105756835 -0.9950893208573756 -0.602951
0.9999751652846818 -0.0004229108010771128 -0.007034910115097927 -4.65647 -0.0009295097528292411 -0.9973922286745107 -0.07216563026338724 0.485353 -0.0069860450537174565 0.07217037706806614 -0.9973678518221654 -0.400951
0.9996854200967746 -0.020858078770246022 -0.013928438388756572 -4.79085 -0.02143742337197721 -0.998852409846223 -0.04282873128594319 0.479769 -0.013019129199212243 0.04311384805845026 -0.9989853344171209 -0.196224
0.9989074662724434 -0.041586523471154595 -0.021317478527048708 -4.92939 -0.04179318213094319 -0.9990826070198192 -0.009342070319362218 0.485108 -0.0209094177952875 0.010222789055106523 -0.9997291087246573 -0.00201038
0.9973885724051137 -0.06617882385484244 -0.028920562042931287 -5.06256 -0.06539308915210654 -0.9974855293321756 0.027319638798015265 0.486397 -0.030655823701769114 -0.02535709064737337 -0.9992083058236989 0.200056
0.9952133541960537 -0.0912582155313013 -0.03496166082843628 -5.19758 -0.08894407806551367 -0.9940521706456404 0.06284292332288799 0.481884 -0.040488647877100895 -0.059432483817632324 -0.9974108728404514 0.402089
0.9923966936422103 -0.11582799399808243 -0.041625452002214416 -5.32188 -0.11112549107305446 -0.9886035996414008 0.1015581016454966 0.493799 -0.05291434287394077 -0.09616027549068644 -0.9939583863199574 0.607865
0.9882223615460057 -0.14627960823041636 -0.04493150739059957 -5.45938 -0.1387347587550513 -0.9803427383641983 0.1402882106584972 0.480113 -0.06456958148860269 -0.132402384995668 -0.9890906821893761 0.825018
0.9832758641358577 -0.1760760256254927 -0.04653824457166944 -5.59785 -0.16515498962305483 -0.9697693596608246 0.17964191734014193 0.474735 -0.07676199847900222 -0.16895153820834116 -0.982630639318022 1.03847
0.9773867054016785 -0.20594862926177848 -0.0479623832732199 -5.73806 -0.19084191721007182 -0.9567882228988311 0.2193984028147902 0.468407 -0.09107464377990625 -0.20528384891971255 -0.9744557202013193 1.24377
0.9705661237784412 -0.23558882003774045 -0.04999307198918809 -5.86447 -0.21533807916686187 -0.9418671847289691 0.25790641324219044 0.46307 -0.10784670154630283 -0.23954981570427125 -0.9648756265766235 1.44776
0.963387093390963 -0.2632308645468018 -0.050939378065066696 -5.99891 -0.23714764403210745 -0.925234893248428 0.29614420008771325 0.468261 -0.12508518384578304 -0.27322134665050235 -0.9537839338743095 1.64492
0.9550675267527615 -0.29162534340018015 -0.0529214363853627 -6.11162 -0.25862351109347786 -0.90720137375088 0.33181251780817145 0.463473 -0.14477533923995722 -0.3032166330385644 -0.9418597425289563 1.85685
0.9461774687088199 -0.3196170064147089 -0.050923147175618765 -6.25037 -0.2801285611937907 -0.8875524613491096 0.36575759398354746 0.456476 -0.16209931187783141 -0.33180656648661555 -0.9293159933656024 2.06205
0.937051864842396 -0.34555655024119364 -0.050244135785115315 -6.36964 -0.2989718005215632 -0.8682842153142907 0.39585146700364904 0.450437 -0.18041525736002018 -0.3559117756150417 -0.9169390071811023 2.26572
0.9279274890290417 -0.3696213517023895 -0.04827661411031861 -6.50003 -0.31602274020085297 -0.848745805379586 0.4239813504465764 0.443469 -0.1976871335727299 -0.3781674420362717 -0.9043833164115429 2.46543
0.9190017992286345 -0.3914758785996497 -0.04671540954722753 -6.6241 -0.3309479893030508 -0.8303988096807883 0.4482312408311115 0.439396 -0.21426413930193883 -0.3964649459351513 -0.89269615505716 2.66909
0.9095476392528211 -0.41304574327348165 -0.04600332480676868 -6.74775 -0.3454832715589653 -0.8129770734130585 0.46873189263976145 0.426869 -0.23100736136005323 -0.4104406072361697 -0.8821417725791417 2.88611
0.9009722709550129 -0.4316163372368298 -0.04423013000692673 -6.88751 -0.35796087913851726 -0.7970621422951588 0.486370178286284 0.418721 -0.24517947707046422 -0.42237338783369743 -0.8726326519637794 3.09847
0.8937481902341591 -0.4463714060908229 -0.04434794558564015 -7.01542 -0.3673712194066376 -0.7851106106357475 0.4986378607956315 0.417356 -0.2573957256926489 -0.42936452682035237 -0.865675195153176 3.30724
0.8870509289488674 -0.459659684650702 -0.04305373105514404 -7.16625 -0.37703960942951925 -0.7750997537327685 0.5070123318861558 0.397476 -0.2664240649269264 -0.43351279804663084 -0.8608628645478872 3.51377
0.8818319332639719 -0.46944765704288655 -0.044624419019972494 -7.31184 -0.3836080024263518 -0.769170443032237 0.5110985521795733 0.390943 -0.2742578019863606 -0.433584740117242 -0.8583629367505763 3.72748
0.87861423832888 -0.47513800002542605 -0.04775878073820582 -7.45525 -0.38775547200995153 -0.7682292659024612 0.5093814768297971 0.380468 -0.27871618921781616 -0.42903108971588944 -0.8592145307925692 3.92644
0.8772862849851417 -0.4770869527907709 -0.05250536785687335 -7.60331 -0.3898127234934938 -0.7720483269089347 0.5019834872978391 0.374313 -0.28002645371384793 -0.41991596825309185 -0.8632819729535157 4.13053
0.8776857975989657 -0.4754780521083885 -0.05990210894684181 -7.74982 -0.38949732498729833 -0.7805651460315534 0.4888863739443738 0.370431 -0.2792122392030938 -0.40575691585474144 -0.8702883721590459 4.34265
0.8799787616641834 -0.4701237526905221 -0.06797820368435462 -7.9035 -0.3873142937373464 -0.7929781537735385 0.47029063939722576 0.372344 -0.27500003070310985 -0.38751684452948837 -0.8798895830268689 4.55445
0.8834974796294516 -0.4619903332174939 -0.07744117446162577 -8.05693 -0.3836381784453547 -0.8084721208611919 0.44631219771516073 0.370489 -0.26880095150043126 -0.3646063107020989 -0.8915202110264621 4.77251
0.8880460571787546 -0.45068341635743214 -0.09087716187063334 -8.18607 -0.37694459630850985 -0.8268970829090919 0.4173176075727561 0.371561 -0.263224185140884 -0.3363416009012679 -0.9042053726118252 5.00029
0.8938612524518683 -0.4363738591306463 -0.10290731962598416 -8.3322 -0.3691310556118583 -0.846561627282036 0.38350446541920047 0.369875 -0.25446871153061773 -0.3048134942567643 -0.9177877797023282 5.22349
0.900579642170683 -0.41887686555633014 -0.11618295748270603 -8.47185 -0.35867348074769095 -0.8670541030527367 0.3457896999445615 0.367905 -0.2455802156446238 -0.26973941847849797 -0.9310912972436277 5.44233
0.9081185089422876 -0.3986615637845027 -0.1280223858445475 -8.62513 -0.3466997100067144 -0.8873622699919022 0.30395314256654354 0.379247 -0.2347766700455891 -0.23164015056917991 -0.9440459500716007 5.66455
0.9159126767148478 -0.37623648192658893 -0.13982159454299858 -8.76937 -0.33267022816812836 -0.9064872280002969 0.2600219697696785 0.379299 -0.22457624078162985 -0.1916429365769626 -0.9554258196932666 5.88559
0.9242195296772027 -0.3514361269840304 -0.14936836885269406 -8.93192 -0.3168027637775719 -0.9240556875325905 0.21390908162479544 0.394572 -0.21320006994872676 -0.15037863873946955 -0.9653662492467416 6.11405
0.9320256826180742 -0.32585858834551795 -0.1585695662533619 -9.08568 -0.3000330945762555 -0.9392579918679473 0.16665703366850987 0.397608 -0.20324435809957622 -0.1077525178993855 -0.9731809316807609 6.33702
0.9398200637247324 -0.29836360393139516 -0.16648545783193683 -9.23811 -0.2811712692169781 -0.9522172107961008 0.11926902712191349 0.401448 -0.1941158550643242 -0.0652804971853282 -0.9788041129357204 6.55489
0.9467193297419104 -0.2710729444640807 -0.17390218363379434 -9.39091 -0.2622072747024562 -0.9622825125237414 0.07252386630693823 0.404472 -0.1870022881842337 -0.023061328464973187 -0.9820887532923345 6.7855
0.9527683290729704 -0.24390378967669518 -0.18095151974174317 -9.53489 -0.2430773010992605 -0.9696289013336309 0.02707802409400184 0.414887 -0.18206025597532116 0.018186123277992725 -0.9831191830669962 7.02669
0.9585444738384244 -0.2155692038395258 -0.18633950206494132 -9.67584 -0.22254582098993084 -0.9747719866868435 -0.0171152426363482 0.431223 -0.17794900739744218 0.05787479871737265 -0.9823363265397896 7.25834
0.9631984317585364 -0.18965699256794497 -0.19047048650113416 -9.81863 -0.2039233365089341 -0.9772586978495604 -0.05814387589803343 0.433954 -0.17511154697780576 0.09484546719513992 -0.9799695319077913 7.48929
0.9663911405499702 -0.16629288502773346 -0.1960480549653087 -9.95756 -0.1873590692625439 -0.9777646947909179 -0.09419543930305976 0.432015 -0.1760248352693476 0.12776101913172172 -0.976059618752268 7.74118
0.9689798480863553 -0.14570709118272626 -0.1996183798692202 -10.1004 -0.1725779567054229 -0.9770944139866683 -0.12451246931705406 0.423799 -0.17690365417911746 0.15509980572237297 -0.9719306289046338 7.99354
0.9709019539689776 -0.12955797589742274 -0.20140537892664256 -10.2609 -0.16121871326277043 -0.9755045703734408 -0.14966415627806595 0.388852 -0.17708168248895273 0.17777953780424666 -0.9680064636483532 8.22862
0.9720466824248528 -0.11589140733516458 -0.2041921371961038 -10.4078 -0.15183760342853847 -0.9736383310676582 -0.17021675141085035 0.366719 -0.1790826328037295 0.1964626732528607 -0.9640185831437196 8.47208
0.9729299350667574 -0.10537282026109301 -0.20567914381681568 -10.5543 -0.1441251274426825 -0.9723792798122132 -0.18359325649792294 0.347651 -0.18065239851888348 0.2082669079381191 -0.9612437807170818 8.72447
0.9734902429642441 -0.09840232864144402 -0.20647936596996413 -10.712 -0.13756386028565826 -0.9730964341868601 -0.18482292638124137 0.311664 -0.18273732841629547 0.20832741416040068 -0.9608364883332211 8.94717
0.9738854314500631 -0.09211198222061921 -0.2075151780972 -10.8465 -0.1315353182342437 -0.9738934926415579 -0.1850133104602044 0.251534 -0.18505573880952875 0.20747734267099158 -0.9605766631622088 9.14988
0.9739704549561097 -0.08902109703922384 -0.20846293952288494 -10.9459 -0.12725104437348095 -0.9757979471687623 -0.17783570509627103 0.128361 -0.187586578886783 0.19973384936750851 -0.9617263981187114 9.32501
0.9739215956135723 -0.08856446851927387 -0.2088852807485776 -10.9875 -0.12397544476022525 -0.9788002599214434 -0.16303416903894513 -0.0233977 -0.1900179325590558 0.18467914363461174 -0.9642545303043013 9.48939
0.9734356530832255 -0.09080214780188604 -0.21018563048172142 -10.9735 -0.12276068524362592 -0.981880596464412 -0.14436172777161588 -0.18523 -0.1932688372835872 0.1663293847798854 -0.9669445135548345 9.6455
0.9728474239150399 -0.09638383831596506 -0.21042349083064088 -10.9478 -0.12371670313531169 -0.9849334489470064 -0.12083161221586014 -0.357001 -0.19560691998802104 0.14358362321949097 -0.9701142592478286 9.78409
0.9722011093882889 -0.10490674420766041 -0.2093312636084957 -10.9211 -0.12673660925110686 -0.9874992338290957 -0.0937181682625183 -0.529401 -0.19688279452433943 0.11764284171464895 -0.973343375697184 9.93357
0.9705527222953735 -0.11503756672645508 -0.21164539089405224 -10.8403 -0.13173137020395417 -0.9890524904484671 -0.06649824991587279 -0.697424 -0.20167860409381197 0.0924203948235534 -0.9750816433875834 10.0893
0.9688756231061528 -0.12637503632698865 -0.21285999423098856 -10.7599 -0.1372421168649221 -0.9898457366136704 -0.03701376860271654 -0.870483 -0.20602094143338745 0.06507509432257992 -0.9763813823449359 10.2278
0.9671104419422722 -0.13832637735381426 -0.21345539677973308 -10.6806 -0.14301579610170873 -0.9896983408360462 -0.0066087980580520275 -1.03991 -0.21034228094136848 0.03691893111328956 -0.9769304567746033 10.3649
0.9654714738207687 -0.15110836798997748 -0.21220531181324942 -10.6062 -0.14934599558730113 -0.9884837729753281 0.02440500289895302 -1.21085 -0.21344930742541818 0.008129679444211103 -0.9769203148014395 10.5033
0.9637212721055791 -0.164115963131723 -0.21049289854185427 -10.5331 -0.1557340475066477 -0.9862152682498674 0.05591378289866686 -1.3904 -0.21676765473289972 -0.02110439092200929 -0.9759950760866621 10.6275
0.9615965298097002 -0.17724262477342687 -0.20956422839160394 -10.4473 -0.16262647026517832 -0.9830046499342457 0.08517329027776269 -1.55176 -0.22109894849824863 -0.04782164960639867 -0.9740782026110077 10.7862
0.9600848409878666 -0.18832814818806107 -0.20680813984308802 -10.3715 -0.16781817619833292 -0.9793481695298583 0.11275736151569396 -1.70245 -0.22377255828802564 -0.07355046864956963 -0.9718622179705623 10.9296
0.9590846448207857 -0.1978543681196334 -0.20250998267978895 -10.3117 -0.17207939659493302 -0.9753714942545622 0.13798235199889416 -1.82954 -0.22482287547425325 -0.09748895943440761 -0.9695104834151538 11.0963
0.9582743143794179 -0.20654995589580816 -0.19760428669463645 -10.2517 -0.17658738087654807 -0.971360822492418 0.15898128645225548 -1.95156 -0.22478264015670182 -0.11745325983680861 -0.9673042419207567 11.2768
0.9582246526719852 -0.2119937432380488 -0.19200043708172587 -10.1999 -0.17896704932916543 -0.9680447808268501 0.1756704231460374 -2.05712 -0.22310605161237917 -0.1339699785094258 -0.9655442685822947 11.4476
0.9597656965377805 -0.2115352890765096 -0.18466897201389024 -10.1658 -0.1766003344539736 -0.966019608175203 0.188728478221418 -2.12757 -0.21831658118451316 -0.14852251713577005 -0.9645096849091568 11.6108
0.9612542309350602 -0.21005631027672964 -0.17851232456716154 -10.1136 -0.1745310381863834 -0.9650057389815578 0.19571111476418532 -2.20586 -0.21337577233375982 -0.156972195772319 -0.964277195382836 11.793
0.9653276590976594 -0.1980798571745777 -0.1700202363330096 -10.0873 -0.16354454246603983 -0.9665607226551807 0.1975184853371176 -2.23153 -0.2034593158609535 -0.16286417531794503 -0.9654426793898221 11.9281
0.9690451184692076 -0.18613659484737352 -0.1621873189544239 -10.0444 -0.15395997129480513 -0.969165982830711 0.19238925376092264 -2.28391 -0.19299711295742766 -0.16146351223235123 -0.9678231494481268 12.0711
0.9731339582512133 -0.17100876681264524 -0.15416322833783835 -9.98897 -0.1423041656086471 -0.9731035638020797 0.18116009098617325 -2.3364 -0.18099675065799636 -0.15435496684237326 -0.9712953827041171 12.2246
0.9782827151515194 -0.15211684080854757 -0.14079558223963795 -9.96598 -0.12838966318051884 -0.9779797221049584 0.16453497360713842 -2.38217 -0.16272376477996253 -0.14288502333672276 -0.9762708878594608 12.3487
0.9829251867309012 -0.1315647952386066 -0.12864206910589965 -9.92279 -0.11297937662071261 -0.9833362105856625 0.14242737591286903 -2.4327 -0.14523683330484288 -0.12546155428996586 -0.9814100369604581 12.4793
0.9874508062604478 -0.1069061595005292 -0.1162410352519249 -9.8762 -0.09342221294180028 -0.9888642164257925 0.11584408315343762 -2.47345 -0.1273310462717116 -0.1035308385624837 -0.9864421777894031 12.5878
0.9916355791018722 -0.08154232625866462 -0.10004862461633714 -9.84974 -0.07272141627583156 -0.9933862658614921 0.08885562679199652 -2.51104 -0.1066324241219924 -0.0808367232517922 -0.9910070384713628 12.6761
0.9947667331697482 -0.055712182890341654 -0.08564636160619994 -9.78796 -0.050935799051432744 -0.9970752219675222 0.056978470613103335 -2.55555 -0.08857025998482167 -0.05231782120854557 -0.9946950058335527 12.7767
0.9969910312406837 -0.032837365094316326 -0.07021816772959398 -9.71812 -0.031356943633975384 -0.999264275210353 0.022082807209780245 -2.61873 -0.07089164768556665 -0.019814533605190095 -0.9972871996302947 12.8724
0.9984489338666959 -0.0034748142724573537 -0.05556664580690924 -9.64029 -0.004030077570720577 -0.9999430327357725 -0.009883812926192517 -2.63331 -0.05552913591289308 0.010092420371641386 -0.9984060587335245 12.9336
0.9989486240476602 0.02245154321033619 -0.03996967251255374 -9.55937 0.02075029245464955 -0.9988817599486108 -0.042481231208759275 -2.66006 -0.04087874602202104 0.04160718506988854 -0.9982974357746428 12.9763
0.9988927799776058 0.041983002028323065 -0.021228321867280846 -9.48644 0.04022877643277462 -0.9962019206460307 -0.07722291659787177 -2.71477 -0.024389744880438775 0.07628342442398507 -0.9967878307357178 13.0111
0.9981368020800869 0.06091521240534586 -0.0035016040536287453 -9.41336 0.06015473504616719 -0.9920366956068873 -0.11065533164241603 -2.7613 -0.010214312745467306 0.11023852079459001 -0.9938526733616799 13.0264
0.9968257587646179 0.07865655658726536 0.01231067703977561 -9.33904 0.07960904511774175 -0.9865181642831085 -0.14298360561591214 -2.80347 0.0008981084481824199 0.14350978240287196 -0.9896484910087497 13.0366
0.9950716834506969 0.09583426267632214 0.02545857207076057 -9.26969 0.0987801398010324 -0.9804470788092868 -0.17019403525160623 -2.82993 0.008650362737187235 0.1718700664793674 -0.9850816471099709 13.0349
0.9931522136568478 0.11125770058263233 0.03564273515834218 -9.19838 0.11611064265775357 -0.9737458881691949 -0.1957990396687084 -2.85589 0.012922815873711196 0.198596750564178 -0.9799960874897631 13.0262
0.9912166258325644 0.1251264356240309 0.042813266415117804 -9.12669 0.13148258653777103 -0.9671935727171056 -0.2173681723069392 -2.87543 0.014210211484849567 0.22108814532386603 -0.9751502970756917 13.0182
0.9893743497173596 0.13778874943124866 0.04639673104351375 -9.06255 0.14488941614961406 -0.9608847578361476 -0.2360244462889211 -2.88902 0.012060398383782221 0.24023892833664662 -0.9706388638945403 13.0014
0.9882318493198882 0.14487892964881946 0.04907043645216719 -9.0131 0.15259578289150885 -0.9559800950036 -0.25063237021708756 -2.91611 0.010599010969012602 0.25517083238630583 -0.9668378908926555 12.9965
0.9873995059808318 0.1503786840843317 0.049279478100665165 -8.97846 0.15805239465385124 -0.9525984469928093 -0.2599531483384483 -2.93473 0.007852141936594857 0.2644663497686479 -0.9643629470832311 12.9884
0.9870649413705376 0.15395023976116287 0.04474511364001135 -8.9479 0.16031203014912979 -0.9507304246329237 -0.26535205419737196 -2.94997 0.0016895285264139255 0.2690928898257644 -0.9631127463275405 12.976
0.987414445134359 0.1542401042060468 0.03496718167815697 -8.92347 0.15797439562038865 -0.9513476371715573 -0.26454066526049896 -2.96071 -0.007536834108453107 0.26673519359582504 -0.963740386530013 12.9586
0.9878389517330604 0.15346764393106446 0.024937676418933796 -8.91813 0.15467134324149537 -0.9536324642243177 -0.2581896565653353 -2.96025 -0.01584238046503622 0.25890694359885813 -0.9657723404288909 12.9499
0.9883706011339426 0.15162497656757692 0.011550813608195834 -8.91509 0.14979259426229788 -0.9577114267514308 -0.24566440884651933 -2.94675 -0.026186514053996045 0.24453770578506082 -0.9692861171661749 12.9363
0.9896785984469477 0.1432402071319299 -0.004302887040908518 -8.91138 0.13842015139508115 -0.963286160123599 -0.23004268169645056 -2.95103 -0.03709627291046656 0.22707271252868202 -0.9731710280115301 12.9309
0.9905462668884998 0.13490271690870315 -0.024886745948540623 -8.89852 0.12679520272339012 -0.969612709251695 -0.20922277749786744 -2.93816 -0.05235522628727052 0.20408932120088508 -0.977551266815286 12.9172
0.9912669704472431 0.1230293943569191 -0.047471690769490524 -8.8811 0.11236107921058684 -0.9764256214628265 -0.18430407925373024 -2.92583 -0.06902739440958695 0.17736057587610257 -0.9817221831790909 12.9081
0.9908155438896126 0.11145117784561501 -0.07657148910368655 -8.84735 0.09853138776224377 -0.9828875461754883 -0.1556394461528741 -2.89775 -0.09260736262510263 0.14666528740623028 -0.9848416978670586 12.8763
0.9907329237919121 0.08919969065372475 -0.10242894562578088 -8.82339 0.07611244683642836 -0.9892012242442129 -0.1252510813938259 -2.91235 -0.11249519612544011 0.11629425239895023 -0.9868234278267153 12.8643
0.9899595696255059 0.07364656789462423 -0.12064921692338113 -8.84479 0.0630507458148708 -0.9939975308000109 -0.08940644392698714 -2.88084 -0.12650950145768153 0.08090174164270782 -0.9886608388320561 12.8469
0.9875731874077244 0.04534029168359623 -0.15047743174108807 -8.79946 0.03761885441228114 -0.9978444755459231 -0.053770107078085785 -2.89886 -0.1525910262959621 0.04744112743735786 -0.987150099083932 12.835
0.9841001402200217 0.018758086469240567 -0.17662119977778973 -8.76935 0.01631364261845446 -0.9997501301488733 -0.015282091866902471 -2.89891 -0.17686373026556562 0.012157773617056469 -0.9841602559833563 12.8231
0.9795491402850067 -0.0060855115815369445 -0.20111302373465387 -8.74366 -0.0008462648386908687 -0.9996582742395488 0.02612697036072428 -2.87897 -0.2012032942144021 -0.025422456474509875 -0.9792195530646204 12.7993
0.9731486863413622 -0.03833724881418172 -0.22696230882117943 -8.69158 -0.023794211239310158 -0.9975046464554932 0.06647041305122314 -2.89216 -0.22894425038331925 -0.05928520602191285 -0.9716325409141869 12.7992
0.9657367564386953 -0.06927512665969564 -0.25010692531305845 -8.64661 -0.043486263405091645 -0.9932850628999584 0.10720880894259051 -2.89875 -0.2558543768598295 -0.09265927177627188 -0.9622644112693556 12.7908
0.9583305794802208 -0.09382264505652645 -0.26981440233556975 -8.6092 -0.05472201517845325 -0.987327715419605 0.14896134874225617 -2.87145 -0.28037118519547044 -0.1279894278403493 -0.9513205058618188 12.7609
0.9499457983461996 -0.11816878436164265 -0.28920428524987857 -8.55944 -0.0634594738214478 -0.9793929473800658 0.19173510321402443 -2.83753 -0.3059017413920792 -0.1637852039247722 -0.9378691441713041 12.7331
0.9411442082546169 -0.14446445653544726 -0.3055774861908312 -8.50467 -0.07401156836591932 -0.9702004587687159 0.23072355222861315 -2.82341 -0.3298027698743699 -0.19452786587759244 -0.923790583617468 12.7255
0.932788379155796 -0.16720529671082102 -0.3192933266821421 -8.4497 -0.08035418845470663 -0.9600594895610326 0.2680092925657526 -2.79868 -0.35135316151941526 -0.2243393974665529 -0.9089679810833029 12.7093
0.9250749842549513 -0.1881759130678412 -0.3298880101591845 -8.39728 -0.08523955304253028 -0.9493327340944864 0.30249227853582855 -2.7755 -0.3700952473388595 -0.2517085332637173 -0.8942439947684395 12.6941
0.9181675219130293 -0.2071711504363758 -0.3377106988695435 -8.34276 -0.08950661542160944 -0.93881956964949 0.33257537707851237 -2.7591 -0.3859494364549002 -0.2751325681739898 -0.8805368262770897 12.6816
0.9120954456453482 -0.2202014047904005 -0.3458225547319721 -8.27242 -0.08799299838411888 -0.9290023016491317 0.35946064564286856 -2.72727 -0.40042368844560894 -0.29743245427987447 -0.8667149501841215 12.6679
0.9076906872454792 -0.23173022527919201 -0.3498552829097837 -8.2154 -0.0875433309449948 -0.9199262116341668 0.38219357707249046 -2.70488 -0.41040684874266536 -0.3162860538191109 -0.8552948910549213 12.652
0.903814765016183 -0.241891215543277 -0.3529978900528131 -8.14891 -0.08731975784389531 -0.9118023383679013 0.4012377794237612 -2.69076 -0.4189201957757892 -0.33182093904668414 -0.8452222985589952 12.6505
0.901712949482202 -0.24811073546153978 -0.3540548258177562 -8.08924 -0.08494990442072152 -0.9046512321572733 0.417599882537385 -2.66671 -0.4239071484122651 -0.3464782981732929 -0.8368127140644559 12.6443
0.9000380400653119 -0.254180143191565 -0.3540112727619097 -8.02844 -0.08429900594864183 -0.8985006600315415 0.43080185876914995 -2.65652 -0.42758064038431687 -0.3578952622346366 -0.8301119064551101 12.6471
0.8996139084860274 -0.2573986312803738 -0.3527616196151216 -7.97458 -0.08227308557707595 -0.8932520382711698 0.4419637264686186 -2.64112 -0.42886589401364233 -0.3685739284585807 -0.8247589370309899 12.6433
0.899342937961265 -0.2596651187595565 -0.3517901448858194 -7.91063 -0.08033297206673723 -0.8889932225724062 0.45081888139168824 -2.63101 -0.42980099294688134 -0.377180429396746 -0.8203694473479379 12.6474
0.8993334751853816 -0.2597173952801861 -0.35177574532627987 -7.83786 -0.07655629787368773 -0.8855903294005103 0.45811450722299846 -2.61561 -0.43050950473463345 -0.38506706306976074 -0.8163240308063762 12.6503
0.8997181781650676 -0.26013519479730995 -0.3504809271659409 -7.77249 -0.07447703180720355 -0.882710090740987 0.46397852044812077 -2.60789 -0.43007019382017253 -0.39134712996495075 -0.8135644118664946 12.6552
0.9000362285072331 -0.2597300695344343 -0.3499643958377956 -7.7012 -0.07173741557109486 -0.8803501844009617 0.46886810089018893 -2.60056 -0.4298703648562615 -0.39689273589325147 -0.8109794236683899 12.6614
0.900487449561796 -0.25877729623321866 -0.3495091760396519 -7.6319 -0.06878657767989046 -0.8783249727031337 0.4730894725705991 -2.59119 -0.4294074520927411 -0.40196959248214814 -0.8087210191450174 12.667
0.9013143399642689 -0.2570856856662885 -0.34862502893548564 -7.57015 -0.06521182610007305 -0.8761907488274563 0.4775323961846725 -2.57799 -0.4282287686639791 -0.40767232171767015 -0.8064883134887053 12.6602
0.9012300280416149 -0.2562579144196125 -0.3494514527848182 -7.49642 -0.06210345225436932 -0.8744660010809339 0.481094974169975 -2.5673 -0.42886780920721795 -0.4118750954486447 -0.8040095198285718 12.6702
0.9009880841161175 -0.2547817291777888 -0.35115059840180296 -7.42195 -0.05755046670886538 -0.8724301158810797 0.4853386824531071 -2.54923 -0.4300097860076677 -0.4170754888277445 -0.8007119460559697 12.675
0.9001512858950595 -0.25537295274563654 -0.3528630293859717 -7.35217 -0.05481742191971374 -0.8700800512705074 0.4898527887388074 -2.53965 -0.43211423577052666 -0.4215985761207994 -0.7972025638803275 12.6764
0.8983876407209153 -0.2582456958730144 -0.3552587895646921 -7.27524 -0.05357355173277914 -0.8672647499692876 0.4949562889947396 -2.53372 -0.4359237565843858 -0.4256301375886951 -0.7929750717529431 12.6818
0.8953687242533117 -0.26052099236017845 -0.36116984947343556 -7.17826 -0.04920437744764165 -0.8639338150502187 0.5011958623659655 -2.51428 -0.44259888936709535 -0.43098396229145425 -0.7863580910619354 12.6819
0.8911743992195531 -0.2648817999316905 -0.36830126559735926 -7.07202 -0.045326620050689465 -0.8597686589364542 0.508668212713741 -2.49387 -0.4513908369588921 -0.4366182373373324 -0.7782100147993418 12.683
0.8857367123830451 -0.2728019789049331 -0.3755656489116485 -6.96503 -0.04352049786369859 -0.8543214193017501 0.517919760955246 -2.47892 -0.4621433139217433 -0.44239574232557416 -0.768576323190894 12.6796
0.878670463138853 -0.28172527813353 -0.38544660443171513 -6.84377 -0.03992955939633422 -0.8478739457286714 0.5286921622654424 -2.45454 -0.4757560798284857 -0.4491554739898863 -0.7562509588034597 12.6722
0.8702660600066934 -0.2932550449246403 -0.39577577417860377 -6.72018 -0.040455993614526065 -0.8433098010867146 0.5359028755024055 -2.42754 -0.4909178112282008 -0.45036658181678224 -0.7457678221816626 12.6561
0.8596284587156754 -0.3087303809440099 -0.40709269810238513 -6.58794 -0.04297842598885143 -0.8376554403784292 0.5445054803249836 -2.40618 -0.5091087976706296 -0.4505762034180088 -0.7333412009752213 12.6436
0.8477039843928719 -0.32339205527459863 -0.420494391674515 -6.43976 -0.0419649813360185 -0.8310817657981501 0.554564729224007 -2.36554 -0.5288070491076279 -0.4524606912684234 -0.7180824657871708 12.6221
0.833350173854129 -0.3409765821253857 -0.4350430532480471 -6.27832 -0.04163592268609556 -0.8235456887344369 0.5657198498453095 -2.33043 -0.5511750517570353 -0.4533293162911618 -0.7004988174948029 12.6045
0.8176637377525396 -0.36134004078383963 -0.4481733893158756 -6.11461 -0.04293187948906549 -0.8145940738496292 0.5784404451389973 -2.29943 -0.5740930810313626 -0.4537288504992801 -0.6815770422604618 12.5892
0.8002947050849349 -0.38190839579185104 -0.4622492425485536 -5.93564 -0.04220518623643743 -0.804887530854822 0.5919246446374534 -2.26099 -0.5981196429375684 -0.45420484354322194 -0.6602657441016555 12.574
0.7815628972244606 -0.40464788684439823 -0.47478366163387586 -5.75549 -0.042935534971169864 -0.7941705286465641 0.6061763037813145 -2.2307 -0.6223471519327834 -0.45337981770431746 -0.6380679927559076 12.5688
0.7617619013891985 -0.4285218610726245 -0.4858886911369381 -5.5698 -0.04310091473733174 -0.7818533018815728 0.6219708397390402 -2.20346 -0.6464217792902075 -0.452851442439721 -0.6140557420459041 12.5723
0.7407803563156196 -0.45242592833641143 -0.49654329425120614 -5.37788 -0.041751829277642205 -0.7687624072036915 0.6381701544434338 -2.1751 -0.6704485427300698 -0.4520123235480665 -0.5883737000510846 12.595
0.7236537684669861 -0.48084517911797064 -0.4950890193718057 -5.26586 -0.053119288739281845 -0.7540275227984037 0.6546914051874635 -2.16937 -0.6881159528359754 -0.4474711259751957 -0.5711970123093504 12.6803
0.7009145788883513 -0.5049763177490013 -0.5037039523514031 -5.06334 -0.05034007363493276 -0.7394776265662548 0.6712962958294704 -2.15212 -0.7114665347633677 -0.44516486644904707 -0.543731194241426 12.7384
0.6781683798311757 -0.5272961736449007 -0.5119046726262666 -4.85194 -0.04485978639393576 -0.7249605380238329 0.6873280278534301 -2.13562 -0.7335361260100615 -0.4431602007938459 -0.51529970722921 12.8056
0.6554019496858924 -0.5478298106675998 -0.5199334408285667 -4.62822 -0.03653166026495136 -0.710585871055217 0.7026614815506718 -2.12085 -0.7543962633432229 -0.44153167315675157 -0.48573249783515876 12.8768
0.6325183383182902 -0.5672524556935056 -0.5273947318667082 -4.39264 -0.027244338569026416 -0.6967815568368336 0.7167657972224785 -2.11505 -0.7740660809691934 -0.438998990388049 -0.4561815304582906 12.9421
0.6101768646246593 -0.5847567555359792 -0.5345500264071223 -4.14227 -0.015233482002562637 -0.6832456403132158 0.7300296816014135 -2.11444 -0.7921187631301871 -0.43730416399574656 -0.4258085640861199 12.9851
0.5887686114770553 -0.6004555625083192 -0.5411142574283165 -3.87996 -0.0031810217112930306 -0.6711620285184798 0.7413038598144703 -2.12353 -0.8082953688103458 -0.43473514802437757 -0.3970691977879545 12.9882
0.5687794844426944 -0.6129967132188651 -0.5483839235973015 -3.60726 0.011299424283353954 -0.6608496372972742 0.7504332614529594 -2.13541 -0.8224124397697102 -0.43302746618076027 -0.3689512060491239 12.961
0.5505714898202814 -0.6237153475315828 -0.5548425000399956 -3.3288 0.025310763646461676 -0.6518727091183321 0.7579058888479223 -2.15164 -0.8344042184940753 -0.4313248617460895 -0.3431158168884205 12.9218
0.5360568148315776 -0.6305916696856217 -0.5612461468871954 -3.04422 0.039536233172450364 -0.645357265354769 0.7628570549718654 -2.15876 -0.8432555825721864 -0.4311242815904874 -0.32101694080519927 12.9085
0.5226805110198927 -0.6339066912602712 -0.5700591111239597 -2.75255 0.05481494675374665 -0.6422963312053149 0.764493783187657 -2.15192 -0.850764600234617 -0.43083376109080357 -0.3009682130923208 12.9753
0.5133062717727919 -0.6338034688736762 -0.5786275435912226 -2.4709 0.05563756499415751 -0.648234916588863 0.7594050001656238 -2.14089 -0.8564001008408618 -0.422000776964599 -0.29747976657419417 13.0631
0.5066247057553621 -0.6314122009279411 -0.5870690249345693 -2.18211 0.0540819897621001 -0.6563079890997849 0.7525522984000304 -2.1384 -0.8604687942637227 -0.4130114477385944 -0.29835381367632197 13.1029
0.5025769043801565 -0.6255867391326997 -0.5967056954688588 -1.88883 0.05148603909738986 -0.6673232306065262 0.7429864693727138 -2.13948 -0.8629980550161864 -0.4041298525402254 -0.30317226014939846 13.0894
0.5017112298596135 -0.6168397278590649 -0.6064607093353273 -1.59951 0.04773497598926496 -0.6802716953336733 0.7314039872704782 -2.13011 -0.863717091355762 -0.39590298137625124 -0.3118551193059643 13.0549
0.5038128004166075 -0.6048954830065745 -0.6166636982785821 -1.31328 0.04315003125352129 -0.6953710535833416 0.7173542866960602 -2.10126 -0.8627344533164277 -0.38802132992483285 -0.32423557883762266 13.0109
0.5070774237972964 -0.5908028131610252 -0.6275543978302723 -1.02446 0.03876920490128277 -0.7117337249932156 0.7013786804990612 -2.04652 -0.8610281267336274 -0.37998307944999393 -0.3379991483795192 12.9736
0.513272777909546 -0.574089714396762 -0.6379436144996369 -0.746405 0.03426670206305005 -0.7290271613546465 0.683626499732791 -1.9577 -0.8575411643686497 -0.3727470963415136 -0.354517635079315 12.9463
0.5207410926222636 -0.555116475961372 -0.6485941817275255 -0.46752 0.03008003193017056 -0.7473295738646496 0.6637723252037261 -1.85465 -0.8531845674493009 -0.36516325957509566 -0.37246729752132646 12.9458
0.5300926470725432 -0.5340978529404193 -0.6585903651011442 -0.188094 0.026283725837950023 -0.7659718173557118 0.6423366257445264 -1.75929 -0.8475322715246303 -0.3578081308483954 -0.3919979467077322 12.9738
0.5409559324403296 -0.510799050135673 -0.6681698957137386 0.0935692 0.023624881515254464 -0.7849042986077327 0.6191664614629041 -1.67393 -0.8407190637371108 -0.35072720511474165 -0.41253106969220893 13.0208
0.5535095990637395 -0.48772956670894374 -0.675090359509158 0.368639 0.019060393225857314 -0.8029548750356099 0.5957349830810875 -1.61017 -0.8326246604289196 -0.3426125193486863 -0.435146913617886 13.0792
0.5670938376238618 -0.46461982675977487 -0.6800977840801707 0.639653 0.014372187917026685 -0.8200012407407576 0.5721812697022653 -1.56113 -0.8235277891750341 -0.3342549652067051 -0.4583400470078363 13.1434
0.5805284349736228 -0.44137275158529166 -0.6842344849136912 0.914984 0.01027481030325253 -0.8362972755471783 0.5481799842985868 -1.52765 -0.8141751436025961 -0.32526444790415565 -0.4809593272505446 13.2175
0.594616447452021 -0.417310449645924 -0.6872286875821287 1.19784 0.007428615251322185 -0.8518639073016205 0.523710510790326 -1.50052 -0.8039751837556841 -0.31651204092914564 -0.5034322515015113 13.2923
0.6086635366834975 -0.3936186555074259 -0.6889071440683887 1.47993 0.0056546229245556245 -0.8660922084854518 0.499852289822078 -1.481 -0.7934082961196702 -0.3081373726721898 -0.5249329816378109 13.372
0.6213171311364456 -0.3702651675362273 -0.6905568247912305 1.7657 0.005274154332196107 -0.8793116001870496 0.4762176950435277 -1.46598 -0.7835414512662727 -0.29952431534995566 -0.5443785251657924 13.4554
0.6334091425307601 -0.348580885120761 -0.6908576008750822 2.05326 0.005354146848157243 -0.890796266576137 0.45437137295998775 -1.45714 -0.773798546955198 -0.2915019347833607 -0.5623721461341961 13.542
0.64660930098347 -0.3281040728825482 -0.6886538529911463 2.32785 0.006323312055848851 -0.900435677587967 0.43494322187078904 -1.45037 -0.7627951413101111 -0.2855929058722949 -0.5801553796261013 13.625
0.6593972468256384 -0.30912469477108706 -0.6853008054580487 2.60777 0.007173269260563969 -0.9089246083468456 0.4168987893357916 -1.44787 -0.7517604772045972 -0.2798177610949948 -0.5971249496452988 13.7082
0.6691505540045071 -0.2909082356689576 -0.683820103898266 2.89641 0.011305832637864027 -0.9161011942512922 0.4007876994615987 -1.44065 -0.7430408563624383 -0.2759184667820013 -0.6097206618319932 13.8006
0.6784669569229934 -0.27633337054418117 -0.680677939033832 3.17636 0.0139475882533375 -0.9215453721607708 0.3880200920454789 -1.44391 -0.7344985045223498 -0.27275262670185013 -0.6213839002433784 13.8873
0.6875678572794569 -0.2627651991986989 -0.6769083333260162 3.44439 0.018216233301489665 -0.9256909536369645 0.37784180181524807 -1.44188 -0.725891596920947 -0.27212259818830853 -0.6316887533230288 13.9731
0.6941024790888211 -0.24860944110014685 -0.6755850015494909 3.71588 0.02555497545651611 -0.9293729084264564 0.3682566229036032 -1.43507 -0.7194224709808346 -0.2728723930316557 -0.6387268315712187 14.0604
0.7005663016594885 -0.23946163203758242 -0.6722090327874535 3.9725 0.029591305782499966 -0.9314545156302745 0.362652505760069 -1.44151 -0.7129734999291577 -0.27395366778685004 -0.645459662802331 14.1413
0.707246588662327 -0.22972323343602308 -0.6686026464539303 4.21656 0.03472857937681818 -0.9333029530954692 0.357406664064542 -1.44206 -0.7061134389033881 -0.2759942640037557 -0.6520973682181642 14.2212
0.7136795785953975 -0.22484536899213733 -0.6634048681903731 4.24416 0.04140737430690247 -0.9318840168001268 0.36038536122527215 -1.4253 -0.6992473728580643 -0.2846695264253823 -0.6557563360546694 14.2592
0.7202451123787131 -0.21784288658999243 -0.6586284649608721 4.46405 0.04713668715565009 -0.9318537533030379 0.3597592461341775 -1.42873 -0.6921163997613157 -0.29016040256585846 -0.6608947192739959 14.3301
0.7251552198924661 -0.20973382636149096 -0.6558670819171194 4.68715 0.05459580268057555 -0.9319738106013485 0.3583910080943237 -1.4319 -0.686417661043459 -0.29569670007115384 -0.6643750869611665 14.4001
0.7284553165301214 -0.2027161434523416 -0.6544150189312669 4.90728 0.061373428671081504 -0.9320700277058086 0.3570416862295619 -1.43967 -0.6823387385105409 -0.30025260804246634 -0.6665299822900247 14.4704
0.7315079483346052 -0.19409658144059133 -0.6536227035502767 5.12247 0.06983723238160411 -0.9322552960130261 0.3549969352388034 -1.44388 -0.6782469185308363 -0.30533028039934274 -0.6683969908480172 14.5385
0.7346042028506687 -0.18507661381295576 -0.6527658938499035 5.32888 0.0775340861968623 -0.9328773453750823 0.3517503716608653 -1.44892 -0.6740512819005324 -0.30900890845648676 -0.6709458725283133 14.6037
0.7374828225130812 -0.1748775894374238 -0.652331905712648 5.52793 0.086116967673636 -0.9336596870621965 0.3476542199278175 -1.45305 -0.6698529348870819 -0.31256586100768774 -0.6734980535648827 14.6662
0.7397926357244465 -0.16527441600355786 -0.6522202262599335 5.72005 0.09336095780332608 -0.9347688883684809 0.34276939317331107 -1.46123 -0.6663261871530501 -0.3144701778436824 -0.676104961940852 14.7275
0.7427934440491846 -0.15303790208962595 -0.6517954433728095 5.90261 0.10152190847905015 -0.9365230564623677 0.3355858560981919 -1.46614 -0.661778816203966 -0.3154424911745263 -0.6801064866513822 14.7844
0.7463858769556204 -0.13962535728200848 -0.6507018382370382 6.07388 0.10925313691250546 -0.938772373339612 0.3267570705112428 -1.47149 -0.6564844817327875 -0.31497807964711366 -0.6854319328612068 14.8372
0.7470225526776556 -0.1226257235429203 -0.6533913358137945 6.24557 0.11985904931973217 -0.9418917816717253 0.3138051623466908 -1.46883 -0.6539045145027901 -0.3127343977640424 -0.6889166004445185 14.8949
0.7498925823134497 -0.10563980947061116 -0.653070704936517 6.40492 0.12751109273002664 -0.9455781451371943 0.2993708280205303 -1.47583 -0.6491548630504596 -0.3077697225100552 -0.6956117894947029 14.9432
0.7506740056861498 -0.08446526203300277 -0.6552512164786926 6.56393 0.13759747516440035 -0.9500575508561271 0.28010281128478426 -1.47826 -0.6461853232745947 -0.3004268123369707 -0.7015613005387014 14.9943
0.7524392801974626 -0.0613957287681786 -0.6557939418025664 6.71146 0.1470592439011859 -0.9548533195077713 0.25812539008823016 -1.48282 -0.6420348186813043 -0.29066424395514096 -0.7094403349731748 15.0389
0.752971489706001 -0.036355414533568185 -0.6570481105094342 6.83908 0.15583511648164963 -0.9602203278594438 0.23171607289234974 -1.48498 -0.639335085976889 -0.27686676542986244 -0.717353080455733 15.0807
0.753817581442284 -0.006273782416387361 -0.6570537980734129 6.97166 0.16719953177644875 -0.9652085923488317 0.20103902563861312 -1.48755 -0.6354552466399516 -0.2614058394722246 -0.7265422331892203 15.1235
0.7546650826249093 0.02588413405194946 -0.6555994391937198 7.0963 0.17793911277710345 -0.969847151454942 0.16653580683694502 -1.49266 -0.6315206134488695 -0.24233554097390608 -0.7365155805344841 15.1622
0.7550665578516258 0.059995727970649226 -0.6528973930407206 7.21319 0.18877041705171504 -0.973531272089379 0.12885104543680256 -1.49771 -0.6278855173200119 -0.2205388285298243 -0.7464063251677826 15.198
0.7546950218633204 0.09537795832852253 -0.6491058997111376 7.32464 0.1989995937544523 -0.9760447851457295 0.08795305040412274 -1.50501 -0.6251676460440718 -0.19554953964381974 -0.7555963154256409 15.2321
0.7542239662869096 0.13179485109234992 -0.6432544798942232 7.42556 0.20907140222289103 -0.9768648446299232 0.04499137804857801 -1.51282 -0.6224430555890206 -0.16841969169815407 -0.7643294119666612 15.2629
0.7534390507888392 0.1678449352863652 -0.6357339651498324 7.51966 0.21842784579861527 -0.9758523300498992 0.0012272391611194006 -1.52328 -0.6201764853057465 -0.13978665041733457 -0.771907260905682 15.2906
0.7513741520590095 0.20506961042940045 -0.6272027889733421 7.60838 0.22858472040878594 -0.9725230242889121 -0.04413607168275657 -1.5313 -0.6190201202006619 -0.11020627072123529 -0.7776044422972878 15.3169
0.7481020268328196 0.24222637705461456 -0.6177942535404674 7.68914 0.23865285939011974 -0.9669142904696539 -0.09011974029304268 -1.53095 -0.6191834705105971 -0.08001960475134459 -0.7811585579777587 15.3412
0.7455076779671183 0.2783903738583063 -0.6055717148572151 7.75867 0.24777220408296544 -0.9592328172251877 -0.1359460821138268 -1.53843 -0.6187303426986146 -0.04869499051506704 -0.78409282672576 15.362
0.7406267489050697 0.31330787606651533 -0.5943990188425583 7.83118 0.2575569729629056 -0.9494383108740054 -0.17953077597699146 -1.54112 -0.6205936065449693 -0.020126317084966816 -0.7838740376336644 15.3826
0.7359984635262046 0.34335715403490963 -0.5834484779825152 7.89026 0.26440353197587096 -0.9391785162553251 -0.2191677140528025 -1.55249 -0.6232150784165534 0.007041262492889971 -0.782018789196753 15.3988
0.7307761172045042 0.37414457170007875 -0.570948426734739 7.93846 0.27278665107383937 -0.9267858095025618 -0.2581772768866406 -1.56167 -0.6257425265390139 0.03292267868880462 -0.7793345800800358 15.4131
0.7232025696238331 0.40182704293298016 -0.5617055018933154 7.98821 0.27949438646113806 -0.9140238214473249 -0.2940124857272907 -1.57479 -0.6315543770936881 0.05563705055594942 -0.773332779196148 15.4293
0.7154562147454676 0.42775093518882484 -0.5524052337072609 8.03573 0.28612993922858193 -0.9007123819429573 -0.3268743839637678 -1.58462 -0.6373790572799956 0.0758046334977647 -0.7668126204498295 15.4449
0.7076998063806637 0.45149173268156145 -0.5434300317142701 8.08966 0.2899734504199502 -0.8870184823027887 -0.35932382345845926 -1.59175 -0.6442642176159715 0.09671311893150156 -0.7586634237435079 15.4578
0.6993796480928364 0.4735045481290752 -0.5354078358920616 8.15034 0.2956246197888844 -0.873640306306673 -0.38646953226750014 -1.59599 -0.6507489469897113 0.11200918755826719 -0.7509858519934439 15.4716
0.6907230234500119 0.4915615221958647 -0.5303479751753174 8.21708 0.299298106292364 -0.8619878081830645 -0.4091425938637546 -1.60253 -0.6582722449305297 0.12387206480979071 -0.7425182577646694 15.4873
0.6814036815494757 0.5071505132176601 -0.5277190348223989 8.28703 0.3029862406366134 -0.8517941295763434 -0.42737114877372273 -1.60733 -0.6662494733624279 0.13132066768922265 -0.7340752832522996 15.502
0.6714567942310717 0.5182723003859646 -0.5296598872234644 8.36464 0.3046408079193894 -0.8446117389403128 -0.440255594620265 -1.61438 -0.6755292381763756 0.13425659423976846 -0.7250071829106138 15.5178
0.66048136913652 0.5263788205413262 -0.5354341213530109 8.44728 0.30632807862003275 -0.8399712899646395 -0.4478965731997722 -1.61889 -0.6855125595293696 0.13180883627686785 -0.7160300003539174 15.5313
0.648439200321334 0.5296994976208038 -0.546758672274064 8.53858 0.30652933004527555 -0.8391015568867362 -0.4493866342608006 -1.62502 -0.6968259275519417 0.12380234024655612 -0.7064747746670454 15.5443
0.6365935111095178 0.531003726194016 -0.5592707254821463 8.61527 0.3069308755277177 -0.8397351451667578 -0.4479266944708165 -1.62744 -0.7074900276760403 0.1134897737236003 -0.6975513830529769 15.5477
0.6220851656038188 0.5266249183158324 -0.5793757348599542 8.71957 0.3065011180304119 -0.8447338199390629 -0.43872752147234406 -1.63319 -0.7204631228465317 0.09534657235580868 -0.6869075045144156 15.5489
0.6067103988797055 0.5175570736135086 -0.6033549265928391 8.8309 0.3039114805030107 -0.8523706889088684 -0.4255608307956564 -1.64288 -0.7345340726676313 0.07482569238999642 -0.674433697147956 15.5418
0.5897127404874457 0.5062536171549029 -0.6292425278256101 8.94343 0.30440808831886773 -0.8610072027934647 -0.40743381364808984 -1.6485 -0.7480471906723795 0.048722395829340376 -0.6618546129413999 15.5336
0.5723933783054819 0.48830725857131824 -0.658727441130701 9.06831 0.3026427421339117 -0.8724357175763636 -0.3837489926119444 -1.65823 -0.7620847663519487 0.020296303199826005 -0.6471590754758189 15.5259
0.5539131724512943 0.4656683752326245 -0.6901689370676941 9.19888 0.30062755375844963 -0.884898032931127 -0.35577878693906556 -1.66844 -0.776404064457518 -0.010413242666439337 -0.6301494212256461 15.5235
0.5340685601756335 0.43989466718222137 -0.7219857718934414 9.33042 0.2994134412707542 -0.8970401926885335 -0.32506996768037966 -1.67694 -0.7906468011813684 -0.04256259491573694 -0.61079134022652 15.5244
0.513693349662049 0.40841315086355257 -0.7545315372565212 9.47398 0.29784005093818644 -0.9096304505057307 -0.2895923817538715 -1.68357 -0.8046181992536102 -0.07596803087119333 -0.5889129067319132 15.5276
0.4925869375672717 0.37105635730695735 -0.7871945684773163 9.62601 0.294916438934332 -0.9221984477543762 -0.25014858985353333 -1.69516 -0.8187688336669814 -0.10893669107105484 -0.5636935287495327 15.5345
0.47036005273985876 0.3299601804226184 -0.8184666762440793 9.77986 0.2934857652564696 -0.9331635134739594 -0.20753785850480438 -1.70477 -0.8322424685020477 -0.14259080074257557 -0.5357614554680185 15.5442
0.446280592438068 0.28494207402384586 -0.8483169497682553 9.94519 0.2921270853079878 -0.9424099843318563 -0.16286555025876545 -1.71338 -0.8458696110173171 -0.17513262369592933 -0.5038185836933702 15.554
0.4223569872385217 0.23495814352560432 -0.8754480259397477 10.1115 0.28956313897183894 -0.9501867698678041 -0.11531821589395283 -1.73075 -0.8589340858759624 -0.20479202415912182 -0.4693532390015382 15.5638
0.39704002153584805 0.18339778132922552 -0.8992910958651437 10.2874 0.2891364508520126 -0.9549340059935876 -0.06709066243331195 -1.7404 -0.8710679273670425 -0.23338015768388815 -0.4321740018926735 15.5767
0.3706624861681534 0.12901404797672714 -0.9197633917330601 10.4646 0.2891876245784504 -0.9571085919252055 -0.0177104786390464 -1.75021 -0.8825983453068089 -0.2594195803859254 -0.3920735162875371 15.5913
0.34484605605739116 0.07107230164411854 -0.9359647031596173 10.6414 0.28833179519406155 -0.9569420032785694 0.033567517652767775 -1.7667 -0.8932782172995336 -0.28144400917448315 -0.35049008002789606 15.6011
0.31871894218545993 0.012158481046550873 -0.947771284240466 10.8145 0.287384059388328 -0.9540894008614844 0.08440271069852953 -1.78245 -0.9032323279764003 -0.29927510170813476 -0.3075805182320853 15.6117
0.2906569781305495 -0.04778651384246621 -0.9556332822577919 10.9919 0.28638929591550255 -0.9486199289681796 0.13454144918733502 -1.80186 -0.912962043158991 -0.31278855391332544 -0.2620374558947072 15.6234
0.26303627217518677 -0.10753228973996065 -0.9587745961295918 11.1672 0.28538549737997587 -0.9406252787669017 0.1837911935590816 -1.82183 -0.9216111096364695 -0.32196411540413816 -0.21673041084874534 15.6328
0.23482317595709118 -0.16713745298909835 -0.9575610413136814 11.3416 0.28362604535348446 -0.9304572263789017 0.23196037652242374 -1.84663 -0.929738857115571 -0.32605892364356226 -0.17108838616876793 15.6388
0.20764288027256927 -0.22397789027380283 -0.952217590123501 11.512 0.2822134243783088 -0.9183265460152645 0.27754628079717253 -1.87006 -0.9366109210193847 -0.3263590960156783 -0.12747440164617063 15.6372
0.17950475216912515 -0.27924801391730264 -0.9432913604353338 11.6864 0.27987964560090234 -0.9047453116205368 0.32109703374365056 -1.89825 -0.9431041447936778 -0.32164649512142945 -0.08425024776869178 15.6216
0.1506589110534423 -0.33537704672703345 -0.9299592082714403 11.8508 0.2754668940492622 -0.8891968446953987 0.36530393053812 -1.93732 -0.9494313470720479 -0.31120926707346014 -0.04158015493665555 15.5881
0.12172837420711852 -0.38774154041827374 -0.9136950808376697 12.0077 0.27297544111799127 -0.8719651361623619 0.40640030741104455 -1.9503 -0.9542885367955175 -0.29888676643742124 -0.0002989803548852851 15.5238
0.09326952488696535 -0.43713740402441326 -0.8945455190934425 12.1503 0.2701396100885828 -0.8536487094123536 0.44531839393832734 -1.93159 -0.9582929545752427 -0.2831868127604457 0.03846871833102891 15.435
0.06346400944165685 -0.4823531516044216 -0.8736748575087135 12.2906 0.2672272945445746 -0.8352583330401258 0.4805549813886205 -1.88958 -0.9615414148938027 -0.26396771435975297 0.07588908498401757 15.3493
0.035990524866116896 -0.5232982254832911 -0.8513892466586008 12.4358 0.2646629900410765 -0.8165305936879095 0.5130607091506687 -1.83394 -0.9636691256973933 -0.24379654791999972 0.10911030840352745 15.2527
0.00834821637449773 -0.5612874542725497 -0.8275788185783909 12.5789 0.2618641795726177 -0.7974989058778664 0.5435279630160401 -1.78019 -0.9650686290311817 -0.22125073739955445 0.1403233852927907 15.167
-0.01987602587211186 -0.5957958472765013 -0.8028899376400274 12.7249 0.25899973332490983 -0.7787037468137595 0.5714364468913739 -1.72636 -0.9656728647596746 -0.19659039413533994 0.16978850137908325 15.0893
-0.04802763683449275 -0.6276348210163046 -0.7770250173243622 12.885 0.25664680673436757 -0.7595593268889766 0.5976638231723724 -1.68727 -0.9653112258195002 -0.170716608400577 0.19756031211520653 15.0219
-0.07511558510499612 -0.6540652029998779 -0.7526993816252688 13.0399 0.2522084583931658 -0.7427510486428416 0.6202513790834336 -1.64371 -0.9647530991861474 -0.1432466054211654 0.22075295614336882 14.9592
-0.10317193038996632 -0.6811701006846803 -0.7248191820811798 13.1979 0.25227722376806927 -0.7228001706838694 0.6433631288994146 -1.62177 -0.9621391558124446 -0.11647835503900145 0.24641639081019928 14.909
-0.13089056007960537 -0.7032517416563987 -0.698787985829242 13.3606 0.25116864691030816 -0.7053790845050407 0.6628383347031728 -1.60112 -0.9590526430239853 -0.08875435200637916 0.2689622518284593 14.8674
-0.15639288212880614 -0.7248505809068477 -0.6709194450740352 13.5156 0.2529529823270137 -0.6860175673426355 0.6821984213036284 -1.59814 -0.9547544475682297 -0.06302009724126623 0.2906413807295624 14.8319
-0.18396540423796648 -0.7420029031820082 -0.6446614783846116 13.67 0.2526509770643812 -0.6695149140475501 0.6985107469869847 -1.594 -0.9499074764586155 -0.03437254045561605 0.3106353402796468 14.8116
-0.2097198887766209 -0.7572656395460027 -0.6185194575876374 13.8175 0.2557009899874285 -0.6530495949777704 0.7128416585882302 -1.59648 -0.9437343757493262 -0.008658964277180548 0.33059106213973144 14.7935
-0.2345715145435215 -0.7702402020365701 -0.5930482575064379 13.9636 0.2585586192132371 -0.6375299130768513 0.7257431021806315 -1.6059 -0.9370825177087142 0.01690092006034355 0.34869860037833694 14.7886
-0.25835199196663916 -0.7804011268783217 -0.5694105104526216 14.1039 0.26181942318449297 -0.6239238488621083 0.7363216827341379 -1.61602 -0.9298950682148007 0.0411474420606992 0.3655161420808285 14.7888
-0.2812981380307783 -0.7879226140872506 -0.5477675709188442 14.2417 0.2666109730248194 -0.6125136860223995 0.7441408290760645 -1.62848 -0.9218405212417039 0.06328458457766167 0.38236777420653084 14.7973
-0.3011936969735452 -0.7954732749380063 -0.5258370714991585 14.3719 0.2731422862684273 -0.6003090243098873 0.7516796969349162 -1.64842 -0.9136058495628543 0.08277284694580683 0.3980866833404771 14.8108
-0.3220966063438012 -0.798215022596022 -0.5090251014280525 14.5002 0.27845768321139774 -0.5937745457493507 0.7549126489076028 -1.66599 -0.9048287654812637 0.10141285185904614 0.4135218720158196 14.8256
-0.3409302362866828 -0.8015434833730306 -0.491217485690132 14.6206 0.3017101643226168 -0.5881733297512959 0.7503486595667996 -1.68609 -0.8903581025238813 0.10761123747779228 0.4423598883698339 14.8468
-0.35754721720632754 -0.8036665871614641 -0.47568897837584634 14.7339 0.3246675082543305 -0.5845563029068396 0.7435623294760243 -1.70459 -0.8756431902047407 0.11141788641027278 0.4699309077257337 14.8733
-0.3736098016452869 -0.8050828604289282 -0.4607139068425706 14.8462 0.3462102047349096 -0.5818175285507579 0.7359530267676739 -1.7222 -0.8605545945795547 0.11545540833873275 0.4961006333732655 14.9021
-0.38623030641447775 -0.8072606188986157 -0.4462694741772091 14.9537 0.3660213858705311 -0.5782208287684348 0.7291700887061674 -1.74192 -0.8466726023040987 0.11828341537919967 0.5188010583584399 14.9261
-0.39783453655173784 -0.8081036658385532 -0.43439169741715344 15.0587 0.3831911844780391 -0.5765552209316386 0.7216291245195046 -1.7605 -0.8336019419752939 0.12063391925474848 0.5390317800095441 14.9582
-0.4132909949324506 -0.8072721634959457 -0.4213101085332758 15.1205 0.4011536535777807 -0.5767684477009243 0.7116276441776728 -1.76745 -0.8174755652182781 0.12509920775625133 0.5622133834139981 14.9998
-0.4259736184553269 -0.8061176724423037 -0.4107563445112908 15.2127 0.41387489876857775 -0.5773410489353601 0.7038358341144031 -1.78312 -0.8045210031747929 0.12981375655307398 0.5795639257754093 15.0363
-0.43643569423172973 -0.8052038806757938 -0.40146057757282994 15.3013 0.4264999541172031 -0.5780285387367272 0.695687284305174 -1.80082 -0.7922257720741557 0.13239984497923757 0.5956917047525356 15.0665
-0.4476786143291259 -0.8036111953696166 -0.39216438511033813 15.386 0.43709153898831493 -0.5792637830421857 0.6880439347894014 -1.81633 -0.7800864341963524 0.13661082069979474 0.6105756618557183 15.0979
-0.45693258647391327 -0.8021792079111226 -0.38434506607128915 15.4695 0.4473032068761432 -0.5807030392141996 0.6802233613789738 -1.8334 -0.7688513852082065 0.13889743929416298 0.6241594738694161 15.1256
-0.46720981390355143 -0.8001347147878106 -0.37616409714862215 15.5448 0.45663539261721686 -0.5826904825417467 0.6722766690616199 -1.84972 -0.7570991401405296 0.1423244172540168 0.6376085415454968 15.161
-0.4765920853896264 -0.7986853012000495 -0.36737143845290077 15.6144 0.4664213541531569 -0.5839404237251884 0.6644281013996796 -1.86515 -0.745191991726899 0.14531129063714826 0.6508252640144386 15.1928
-0.48814969029806377 -0.796228379986105 -0.3573936859635425 15.6692 0.47639155202827155 -0.5862018751212077 0.6553002752635426 -1.87536 -0.7312735254458478 0.14962529368085747 0.6654707375030986 15.2265
-0.4967022106162571 -0.7949157523136723 -0.3484190877269956 15.7328 0.48595402292955797 -0.5873299532792164 0.647218829747414 -1.88991 -0.7191214094765238 0.15215936614162734 0.678020593881835 15.2543
-0.5060774067319698 -0.7929984955157301 -0.33917406225304503 15.7936 0.4953017252507412 -0.589150925927123 0.6384178783859771 -1.90321 -0.7060891298972696 0.15509536611066593 0.6909294957171207 15.283
-0.5159748665422588 -0.791298291420628 -0.3280502264768197 15.8485 0.5046099954280082 -0.5902437066967385 0.6300643770433617 -1.91453 -0.6921984466977973 0.15955995957535493 0.7038479450062118 15.3103
-0.5249870085686602 -0.7902684537562066 -0.31601330958031365 15.8986 0.515515921716672 -0.5906902437260141 0.6207482343297575 -1.92615 -0.6772237261723328 0.1629748660520257 0.7175006743861533 15.334
-0.5332910765235027 -0.7891664036976426 -0.3046588501510054 15.9493 0.5256897526676937 -0.5913285657007755 0.6115397054373841 -1.9375 -0.6627600709461776 0.16597263226566233 0.7302069389551324 15.3565
-0.5427146502388296 -0.7889261797494123 -0.2881948842747615 16.0014 0.5388240342827735 -0.590237453010116 0.6010727153542804 -1.94887 -0.6443054155409387 0.17092463827701784 0.7454228997921175 15.3824
-0.5504029808422768 -0.789068039590444 -0.27281529938188925 16.0685 0.5575586161549629 -0.590609836043726 0.5833595898926887 -1.96591 -0.6214378072110669 0.16897233639059592 0.7650250984793926 15.4136
-0.558533459085369 -0.7891144179914454 -0.2556145739197092 16.1413 0.5749900248093162 -0.5904372472723047 0.5663658962219433 -1.98273 -0.5978518599552184 0.1693584729251107 0.7835118768701341 15.4537
-0.5666674739555815 -0.7895979616369931 -0.23542096962570286 16.2161 0.5937064556889978 -0.5894156508694999 0.5478155118133221 -2.00043 -0.5713148155211876 0.17065828280159595 0.8027920852108609 15.4964
-0.5759335120058682 -0.7882977181515668 -0.21653474849459955 16.3047 0.609592693999424 -0.5906110646078424 0.5287488229635273 -2.01705 -0.5446993089504623 0.17252616589904274 0.8206932343507316 15.5497
-0.5839058054745778 -0.788166910277333 -0.19454287927592495 16.3937 0.6266421037889576 -0.5899312418304672 0.5092158713859107 -2.03503 -0.5161140223749341 0.17542534439540244 0.8383628477286673 15.6025
-0.5906763006422593 -0.7877479098091654 -0.17479913744314102 16.4941 0.6417919954936414 -0.5899542547222059 0.4899561325827613 -2.05586 -0.48908541419660523 0.17722078864077306 0.8540422997098431 15.6619
-0.5945190398169626 -0.7897216766067392 -0.15128378892848302 16.596 0.6593365420435833 -0.5864826016745186 0.4704396690959406 -2.08396 -0.4602417143427212 0.1799384101033709 0.8693674326476374 15.7184
-0.5986162215170888 -0.7901793680776823 -0.13143510033837394 16.7161 0.6729588308281977 -0.5850881218494658 0.45254646356038386 -2.11074 -0.4344939946040093 0.1824512426239389 0.8820014244421783 15.7841
-0.601495373617833 -0.790886199696658 -0.11270463453523877 16.8408 0.6857339754927839 -0.5835207158692834 0.4350545816403513 -2.14015 -0.4098441537599454 0.18439792103160252 0.893322548885909 15.8584
-0.6047759995178532 -0.7911319954465544 -0.09141201336768787 16.9623 0.6976500676740124 -0.5816466752717533 0.4182959815964782 -2.16833 -0.3840968282629097 0.1892017730521265 0.9036992395660761 15.9382
-0.6082994647853726 -0.7904122292589228 -0.07225142891160616 17.0954 0.7070084410691406 -0.5809729778180599 0.40324863707419906 -2.19723 -0.36070878198182577 0.19421355998785378 0.9122336694718254 16.027
-0.6118043136372628 -0.7891903371937826 -0.05361057260281388 17.2326 0.7148949116316993 -0.5806706064328417 0.38954706024820784 -2.22594 -0.3385568595346177 0.20000064626115485 0.9194449381867181 16.1217
-0.6107688144245352 -0.7908796012336886 -0.03835246639903714 17.3833 0.723808014598429 -0.5772986964327577 0.3779261476798331 -2.26451 -0.32103490982995586 0.20306568259920343 0.9250410343444184 16.2099
-0.6070451483654454 -0.7941071893884157 -0.029832190794589375 17.5553 0.7315596610664146 -0.5731044182347537 0.36928551027652967 -2.31284 -0.3103492389975633 0.20234894998846684 0.928837042915601 16.3002
-0.6105660430295485 -0.7917814268188352 -0.01706690493231608 17.7106 0.7342304870442271 -0.5740011805602045 0.36253032509058886 -2.34151 -0.29684120164498085 0.2088176641479847 0.9318156921547001 16.4165
-0.609103444195446 -0.7930703199180661 -0.00569753756472946 17.8685 0.73919873907247 -0.570302041871002 0.35824684952060126 -2.38418 -0.28736426086574446 0.21399777733149983 0.9336095184145576 16.5256
-0.6069481808352107 -0.7947364086659741 -0.00281895752693867 18.0539 0.741356846280955 -0.5674526180519596 0.358312088462466 -2.43195 -0.28636328719510357 0.21538701680158756 0.933597611790073 16.6393
-0.6030351475635227 -0.7977129942160217 -0.0016092426632704215 18.2425 0.7436443990078005 -0.5628894915593403 0.3607609015905052 -2.48617 -0.28868948478835743 0.2163547992325944 0.9326569477689298 16.7502
-0.6011763856148788 -0.7991083258750317 -0.0035828614589895613 18.4393 0.7424933693366041 -0.5602308684519799 0.3672124324212309 -2.53561 -0.2954497416993409 0.21809919199929217 0.9301302019497315 16.8705
-0.6006543564360598 -0.799459148175904 -0.008911480922973808 18.6402 0.7384342165244401 -0.5590085314594666 0.37712646369814307 -2.58191 -0.30647879528658906 0.21994211091418658 0.9261188994326228 17.0026
-0.6000612110829717 -0.7997948487075233 -0.015960668361557767 18.8377 0.7357091950101198 -0.5595940890218647 0.3815579063646189 -2.63015 -0.31409954366601567 0.21721568891933113 0.9242071310891847 17.1396
-0.5995870016210674 -0.7999958586751938 -0.02240655238088951 19.0265 0.7319010757866202 -0.5594467364501869 0.38902463204484006 -2.67713 -0.32375336716310193 0.21685473289226234 0.9209548208640744 17.2823
-0.6021274451764542 -0.7974797910602605 -0.03832130759459593 19.2476 0.7217230155960246 -0.5641972505720743 0.4009954503556028 -2.7162 -0.34140654434889883 0.21379299637124619 0.9152781687434416 17.4452
-0.600351207962506 -0.797644952250949 -0.05780101423453557 19.4769 0.7123248697991766 -0.566189762485432 0.41475587123303753 -2.7718 -0.36355426962634574 0.20782608836541977 0.9080950446022613 17.6065
-0.601665716053796 -0.7951702179272899 -0.07551616149500504 19.692 0.699752312818094 -0.5703238052870993 0.4302062968258038 -2.8101 -0.38515589938517303 0.20599777096927463 0.8995664797692771 17.7845
-0.5998797259512918 -0.794283290335367 -0.09622041928107936 19.917 0.6864727767920088 -0.5727314826216752 0.4480332303941831 -2.85849 -0.41097377181040695 0.20271335305796057 0.88882386071478 17.9653
-0.5941122190394533 -0.7947225517128084 -0.12428490249060628 20.1618 0.6711978367667691 -0.5749430551486955 0.46790377991195353 -2.92053 -0.4433104274745028 0.1945675952859749 0.8749967518551179 18.1459
-0.5916804464521067 -0.7913982721291527 -0.15363275743547386 20.406 0.6502587634711311 -0.5811489249130556 0.48931530489184083 -2.96015 -0.4765267986328062 0.1896172511756016 0.8584681171956112 18.3435
-0.5853004591831436 -0.7898299499746236 -0.18328126637243833 20.6414 0.6295161165611353 -0.5851274931586948 0.5112096201555762 -3.00731 -0.511011576649481 0.1838327143707148 0.8396860732781667 18.5331
-0.5827154905551358 -0.7845702605636139 -0.21187770837497305 20.864 0.6034959300060921 -0.5923705325079188 0.5337507046200186 -3.03041 -0.544275040336381 0.18315746901348962 0.8186684444947193 18.751
-0.5778024071875415 -0.7794529187126573 -0.24206925818575514 21.0886 0.5754835157611133 -0.5993901465204386 0.5563723351690262 -3.05163 -0.578759968670528 0.18216640679479396 0.794891375535024 18.9688
-0.5661779663331874 -0.7778180605330791 -0.2728398342386522 21.3151 0.5495342907240179 -0.602893274262368 0.5783872086826016 -3.07935 -0.6143733179079853 0.177535248775448 0.7687825841452012 19.1489
-0.5513598733794345 -0.7769518255505594 -0.30388838543232793 21.542 0.522396552313517 -0.6055337672608472 0.6003588084119673 -3.1113 -0.6504645510386904 0.17226351175028115 0.7397439762252179 19.3237
-0.5290363213690117 -0.7790752249209695 -0.33639614234810145 21.7775 0.4966545433900603 -0.6056879133953639 0.6216722738684591 -3.15857 -0.6880805441242719 0.1618145403884043 0.7073621556999886 19.4628
-0.5110803652394742 -0.776754309287493 -0.3680347854075696 22.0066 0.46486333630924725 -0.6099440481253495 0.6417712495211183 -3.18465 -0.7229792105047848 0.1569108063830261 0.6728150265995158 19.6428
-0.4866233877994379 -0.7783754354948915 -0.39664765203482005 22.223 0.43587043015481775 -0.6098063494089097 0.6619314045558142 -3.22409 -0.7571094019778462 0.14922431986347512 0.6360168675420733 19.7829
-0.4577814108724526 -0.7821667068645296 -0.4226717668975823 22.4279 0.4089930798591096 -0.6073912118402137 0.6810290569473794 -3.28946 -0.7894053714581546 0.1388926148215734 0.5979531763115229 19.9102
-0.42198958158278255 -0.7834300661129372 -0.45624787620970514 22.6854 0.3778162719979514 -0.6094358478026458 0.6970242549772854 -3.35729 -0.824123569405194 0.12175910201438178 0.5531682053656857 20.0034
-0.3909356652857503 -0.7824247548541117 -0.48474819091882215 22.9159 0.34476643284892167 -0.6127988997173301 0.7110651273166609 -3.41314 -0.8534081159610668 0.11085581399598532 0.5093187372511144 20.1317
-0.36232979067048066 -0.7801962202643011 -0.5099127186862313 23.1277 0.3111436570902302 -0.6169521986786536 0.7228828461086155 -3.44984 -0.8785822371555225 0.10326588222096023 0.46629326622193884 20.2572
-0.3299565302076186 -0.7817946583496771 -0.529080145487676 23.3178 0.30449520413778086 -0.6186543300459346 0.7242578895479889 -3.51502 -0.893538672263512 0.07787125330523037 0.442181760227887 20.3667
-0.30009771428284404 -0.7784347455603315 -0.5513444556596487 23.5268 0.29929294975846377 -0.6256354199666158 0.7204193580881028 -3.55988 -0.9057400797729391 0.051182694220002545 0.42073179069959943 20.4916
-0.2714689478167436 -0.7736776134996307 -0.5724749433300865 23.7361 0.2982831202863151 -0.6331569675585882 0.7142404599182772 -3.60569 -0.9150583536166038 0.023134493759932095 0.40265742843630964 20.6231
-0.2435573519355681 -0.7662275703455148 -0.59462183508558 23.9528 0.2999340593004078 -0.6425352921573422 0.7051155638644335 -3.63844 -0.9223444998425009 -0.0066112612024992745 0.38631193980460804 20.755
-0.2162882656751 -0.7562483978431198 -0.6175012120562777 24.176 0.3042897139666767 -0.6531841396532787 0.6933673266598913 -3.66727 -0.9276999278351463 -0.03793205063163252 0.3713946733995303 20.8902
-0.18978823052023724 -0.7443302169246596 -0.6402756872854741 24.3969 0.3119670423978581 -0.6640497471666146 0.6794957672756233 -3.68889 -0.9309441401145023 -0.07078461316447382 0.35823532283350495 21.0221
-0.16425365803224354 -0.7329517778632118 -0.6601533360895666 24.6077 0.3222818384160753 -0.6723911249386523 0.6663517027297889 -3.72988 -0.9322849094832448 -0.10330472608206881 0.3466597483396756 21.1578
-0.1416268418323551 -0.7221005793477135 -0.677135577988847 24.7911 0.3349029482756099 -0.6786468980902223 0.6536653600649371 -3.76598 -0.9315480947910835 -0.13419814088956766 0.33794822987091755 21.3067
-0.11878002970682863 -0.703549405398536 -0.7006493693040848 25.0253 0.348422168343949 -0.6903068332290307 0.6340965767166771 -3.76529 -0.9297813168424854 -0.16880376228234426 0.3271268755238249 21.4456
-0.09596828438740823 -0.6863297482957951 -0.7209310403887241 25.2375 0.3649620612225763 -0.6980955506064803 0.6160075454826862 -3.77634 -0.9260630552289115 -0.2039952911899334 0.3174793519465924 21.5723
-0.07625568041277972 -0.6676371624650073 -0.7405711920541181 25.4444 0.381207336794001 -0.7058293585522757 0.5970643876334514 -3.78317 -0.9213392630183569 -0.23678162070008046 0.3083316826397088 21.712
-0.05916663117116397 -0.6448127077236346 -0.762047165019312 25.6594 0.3972856419119103 -0.7155337519327237 0.5746090571647139 -3.75375 -0.9157856891688675 -0.2687527149689738 0.2985105520920638 21.8532
-0.03962826926217486 -0.6212250646328016 -0.7826295543533069 25.8787 0.4151037186006089 -0.7226942812993455 0.5526317748566117 -3.74075 -0.9089106133604289 -0.3029725975219437 0.28651195799054396 21.9762
-0.020454734183858125 -0.5975573320683197 -0.801565242972061 26.086 0.43363107671978496 -0.7277013959628995 0.5314271047062682 -3.73217 -0.900858309143179 -0.33671339920626686 0.2740043679262312 22.0901
-0.006802272072326171 -0.5753144358767032 -0.8179040463077103 26.2641 0.45128307389232275 -0.7316606320313126 0.5108975501544676 -3.72548 -0.8923549273203744 -0.36563098802947647 0.2646066217607532 22.2348
0.0075359417586906285 -0.5464180794841778 -0.8374786516650041 26.4753 0.46805907594262885 -0.7381651688870114 0.4858321570972253 -3.69194 -0.8836650445782852 -0.3956506866603841 0.25019317164068355 22.3638
0.020129318741574892 -0.5218452242225124 -0.8528026574085914 26.6547 0.48418326393142924 -0.7411906337884426 0.4649763556493966 -3.6926 -0.8747350327131682 -0.42227243142365095 0.2377490614152872 22.5017
0.03069021398922167 -0.49639992120964505 -0.8675512832036814 26.8259 0.49966765317477946 -0.744104642170158 0.44344167358473374 -3.69115 -0.8656733489810717 -0.447096633541206 0.22519825296839335 22.6456
0.040811813805660374 -0.4683846042910389 -0.8825815873430733 27.0059 0.5128807936041458 -0.7482464035731413 0.42080947124778617 -3.67751 -0.8574891762616446 -0.46983314272514526 0.2096881746573698 22.7855
0.05142226421389122 -0.43979161144044365 -0.8966265048779979 27.1832 0.5246034862651497 -0.752071002312463 0.39897417169433147 -3.66784 -0.8497922881160828 -0.49088954560811837 0.19204301880330737 22.9173
0.0588521681583673 -0.40939844778823614 -0.9104555635788286 27.3503 0.5201257609086395 -0.7658832248405445 0.3780106860223096 -3.64155 -0.8520596312126684 -0.49579814123938715 0.16786479083268385 23.0608
0.06680878365787067 -0.37916184091404664 -0.9229154266891564 27.5034 0.5162932098962194 -0.7783829108742689 0.35715733994131876 -3.6127 -0.8538020308251877 -0.5003562155640435 0.14375586842009014 23.206
0.07465377163753467 -0.3490795984378234 -0.9341146869280983 27.646 0.5129463371892333 -0.7898598936959786 0.3361657381333304 -3.58005 -0.8551683281930176 -0.5042467474214043 0.12009308127654289 23.3459
0.086573886163811 -0.3172816208472391 -0.9443713969128057 27.7853 0.5100090767354466 -0.8001824944199923 0.3155926445138668 -3.52668 -0.8558012058194079 -0.5089600659151436 0.09254159833123575 23.4598
0.09501405531615877 -0.2847261333675901 -0.9538885460418941 27.9033 0.5089157750314427 -0.809647160400449 0.29236314675354524 -3.45522 -0.855556580955651 -0.5132275369005743 0.06797376074961388 23.6012
0.10262782527787367 -0.2539688408166994 -0.9617522328401199 28.0118 0.5074456313822997 -0.818219162090176 0.2702153474165919 -3.39389 -0.8555503846470723 -0.515768582488961 0.044903325573662 23.7446
0.10839360445923858 -0.22578888565794697 -0.9681271639746903 28.091 0.5060365203165318 -0.8257178997359994 0.24923280314097185 -3.34619 -0.8556739254051572 -0.5169229431635944 0.02475488260559762 23.9094
0.11460425741899001 -0.19711277064826419 -0.9736592935050774 28.1691 0.5053385438041794 -0.832263930099202 0.2279686531120049 -3.30266 -0.8552770430260086 -0.5181537477459707 0.004227690798971742 24.068
0.11969884255749258 -0.1701863432073275 -0.9781149194630018 28.236 0.5047026236360712 -0.8379688043467914 0.20756575978825362 -3.27363 -0.8549546472095831 -0.5185025472717819 -0.01441040205582983 24.2351
0.12474390514498579 -0.14383623614235141 -0.9817077443422665 28.2978 0.5047740330183502 -0.8426208978679208 0.1875985023038534 -3.25034 -0.8541909234589001 -0.5189423471337264 -0.032507024345064195 24.4005
0.1327512671243816 -0.11760629729758762 -0.9841472755196872 28.3432 0.5051989835258028 -0.8462392547497685 0.16927229768940993 -3.22885 -0.8527315451661015 -0.5196613152395588 -0.052924751507449436 24.5501
0.1392100748166858 -0.08834654724801344 -0.9863140689754392 28.3926 0.5068640590787479 -0.8492933798264851 0.1476129418347906 -3.18679 -0.8507111029507893 -0.5204763612040996 -0.07345050540324048 24.7038
0.14613532040577557 -0.06096091956104446 -0.9873845423218721 28.4197 0.508474912392221 -0.8515356529674337 0.12782916409430725 -3.15046 -0.8485857243659147 -0.5207406245066712 -0.09344233725018594 24.8586
0.1519498692576928 -0.039315968927379985 -0.9876059395426252 28.4357 0.5089708556144451 -0.8534290691273811 0.112283089125083 -3.15443 -0.8472661360916472 -0.5197240407713241 -0.10966775313034063 25.0216
0.1563332202431542 -0.019045759636958814 -0.9875207254980815 28.443 0.5105586773031037 -0.854319623185314 0.09730271564046383 -3.16468 -0.8455115382293202 -0.5193989222941793 -0.12383455996099971 25.1933
0.1622975893685433 0.000278422423458935 -0.986741817785237 28.4336 0.512877878742787 -0.8543305831408455 0.08411620656283791 -3.17698 -0.842980292759836 -0.5197299079244689 -0.1387985908695191 25.3496
0.16796847920832275 0.02059038111638445 -0.9855773060485541 28.4219 0.5153984361675277 -0.8540873856384054 0.06999421182798388 -3.17508 -0.840327937170073 -0.5197218235737613 -0.15407200950417305 25.4983
0.1743245114886046 0.03811450901104396 -0.98395032847045 28.4024 0.5173662719482561 -0.8537560626489075 0.058589471243543995 -3.18547 -0.8378204493473662 -0.5192762941759252 -0.16854976998588725 25.6378
0.1803910551964841 0.05538224296400515 -0.9820345586431138 28.3902 0.5196524201164916 -0.8530648634256223 0.04734660553511574 -3.18912 -0.8351170154368623 -0.5188575391693759 -0.18266478745211748 25.7621
0.18602324705915407 0.06979351701415681 -0.9800633737347619 28.3872 0.5222190853703593 -0.8519440850195639 0.03845130524603341 -3.20788 -0.8322755423707431 -0.5189606352922858 -0.1949289116280929 25.8805
0.19140702958140107 0.08340160945177935 -0.9779608993040966 28.3854 0.5199318814023974 -0.8537168282816611 0.028955410721730773 -3.22319 -0.8324867492808447 -0.5140153194697155 -0.20677055791929935 25.9904
0.1963190096466798 0.09526348116472846 -0.9759014886799408 28.3904 0.5189553006262456 -0.8545438870040514 0.020979540889408316 -3.2467 -0.8319520673712338 -0.5105679331297499 -0.21720069810280407 26.0995
0.2011777437812477 0.1070312845552282 -0.9736897963589558 28.3953 0.5182132994969115 -0.8551515545170455 0.013068857318264265 -3.26306 -0.8312535663873036 -0.5072081652867378 -0.22750249544752338 26.2004
0.20415759207964018 0.11953058903001865 -0.9716131513531396 28.4045 0.5186268771059619 -0.8549922729290582 0.003791513539397273 -3.27256 -0.8302685348365069 -0.504678760715902 -0.23654493979516983 26.3087
0.20640620099892376 0.13010438894295503 -0.9697779788008039 28.4227 0.519002779462708 -0.8547621829907515 -0.004210159007556502 -3.28774 -0.8294773023411646 -0.5024484635329931 -0.24395275443035885 26.4138
0.20902647987566142 0.1398865224427732 -0.9678531353204664 28.4319 0.5193506778113843 -0.8544860061008642 -0.011337496842306033 -3.30193 -0.8286029230986608 -0.5002853447950092 -0.25126036220560827 26.5116
0.21267374844041456 0.15007142158264938 -0.9655301368411375 28.4454 0.5211526830522062 -0.8532771602661666 -0.017831677307334648 -3.31188 -0.826540838477924 -0.49939629172859196 -0.2596797761396545 26.593
0.2155342152826827 0.15919862200858872 -0.9634317831549075 28.4537 0.5234503934608403 -0.851728234217314 -0.02363684883286607 -3.3244 -0.8243450052181851 -0.49921419630016806 -0.2669091579249532 26.6744
0.21922285984259463 0.1666415471982175 -0.9613386148854204 28.4709 0.5254044141185104 -0.8504048967954679 -0.027599150912206716 -3.34627 -0.8221262307865012 -0.4990411869311732 -0.2739823979731305 26.7564
0.22166147382428686 0.17445966636854815 -0.9593904397233795 28.4975 0.5287398280821166 -0.8481777222082302 -0.03207406661700035 -3.36717 -0.819329228834013 -0.5001583512851033 -0.2802520979725725 26.8488
0.2237972844164727 0.18269849621167386 -0.9573588851469471 28.5206 0.5313948790651698 -0.8463033901202365 -0.03728343297375378 -3.38266 -0.8170276971995051 -0.5003916779413781 -0.2864854458011545 26.9515
0.22584328872031526 0.19120527479141228 -0.955214819730061 28.5467 0.5348375455991612 -0.8438869941447392 -0.04246811663850805 -3.39838 -0.8142134908962497 -0.5012936105769724 -0.2928499739410014 27.0601
0.22738350300786273 0.19824194696230124 -0.9534132750410333 28.5811 0.5385128925034558 -0.8413329570330251 -0.046505053678360414 -3.4256 -0.8113572623495982 -0.5028508584805855 -0.2980610792403185 27.178
0.22972771381952622 0.20723154602541266 -0.9509365193508826 28.6204 0.5425002380978741 -0.8384654590808567 -0.05166396802490664 -3.44007 -0.8080338292218984 -0.5040146429026104 -0.30504191609146164 27.2928
0.23083581855640267 0.21163496242729352 -0.9496975663598352 28.6711 0.5459229927146544 -0.8361171115227103 -0.05363079194264192 -3.49192 -0.8054085366426599 -0.5060818298430774 -0.3085421698987214 27.4248
0.23250428817603078 0.21787351971092017 -0.9478780962700489 28.73 0.5499971317666972 -0.8332453085039343 -0.0566163483862169 -3.53646 -0.8021501798467437 -0.5081666904323408 -0.3135629182586456 27.5552
0.23358255667337902 0.22537959712805244 -0.9458558169278888 28.7804 0.5535642097092641 -0.8305547101351819 -0.0612008104621283 -3.57598 -0.7993784178640833 -0.5092964860183705 -0.3187651712192757 27.6975
0.23392511348821213 0.23002628654372012 -0.9446517605861079 28.8446 0.5580735620260705 -0.8273756444293724 -0.06327276169580412 -3.64004 -0.7961362575885239 -0.5123840849440845 -0.3219155306116071 27.8428
0.23481723906044502 0.23764246668458083 -0.9425427959875868 28.9164 0.5629560032296552 -0.8237310654893037 -0.06743641579702087 -3.69263 -0.7924275378024935 -0.5147748923324875 -0.3272085077689051 27.9885
0.23410783638581611 0.24310940906690318 -0.9413242460310334 28.9885 0.5672440665343919 -0.8204981405956567 -0.07083057433479353 -3.76591 -0.7895743726364723 -0.5173786007385803 -0.3299874142653173 28.1534
0.2335415600075848 0.24811694515711946 -0.9401576044872062 29.0673 0.5709558477234838 -0.817643019484575 -0.07395480132151241 -3.85433 -0.7870627419078995 -0.5195169623929958 -0.33261744705648405 28.318
0.23376886323259158 0.25457236822143414 -0.9383736078562057 29.147 0.5743068292849409 -0.8149150620726752 -0.07800709867547792 -3.94048 -0.7845532387413996 -0.520678740631129 -0.3367044173086563 28.4823
0.23456556135578369 0.2621856849459495 -0.9360756721736067 29.2286 0.577982729630549 -0.8118618003514556 -0.08256137946348321 -4.02381 -0.7816104923007788 -0.5216695158234923 -0.34197361679787125 28.647
0.2335917492669913 0.2701259488186872 -0.9340593484619653 29.3255 0.5817510038759257 -0.808554848013261 -0.0883449333216389 -4.11389 -0.7791024734678613 -0.5227533161339641 -0.34601778322393206 28.829
0.23313146160744433 0.27870729599930955 -0.9316501300195962 29.428 0.5856920038894811 -0.8050331078516373 -0.0942686153640695 -4.20468 -0.7762825504857759 -0.5236830514915373 -0.35091517976828973 29.0104
0.23186397247867613 0.2884127915537544 -0.9290086974482953 29.542 0.5895349023870726 -0.8013232121738711 -0.10163517353167445 -4.29251 -0.7737491176950525 -0.5241175166883087 -0.3558273901298326 29.2006
0.2298894861656661 0.29917855597672 -0.9260901769234845 29.6618 0.5939532450138629 -0.7969417374930701 -0.11001549790383527 -4.37323 -0.7709541924705957 -0.5247628594757934 -0.36090660069718944 29.3959
0.22781892084210986 0.3081619324939944 -0.9236529449246096 29.7862 0.5970076685995162 -0.7935819525210285 -0.1175139492412825 -4.47058 -0.7692076331782642 -0.524655990144475 -0.36476802089247606 29.6018
0.22618095971398536 0.3182198950005708 -0.9206401424490929 29.9142 0.6003340217482125 -0.7898379516395685 -0.12551921160295484 -4.56562 -0.7670992346459988 -0.524301543556412 -0.36968453528635253 29.809
0.2240639724239327 0.3280176034448612 -0.9177144371164142 30.0487 0.6035018290803299 -0.786085669395659 -0.13362208899532668 -4.6576 -0.7652325650142598 -0.5239024453093042 -0.3740927013998377 30.0169
0.22258771292576443 0.3374217255931078 -0.9146591108999281 30.1763 0.6065322984173019 -0.7824479625478385 -0.14104522991353358 -4.75476 -0.7632648826135672 -0.5233753576569171 -0.37882047722686724 30.2118
0.2210157562525239 0.34631255741050837 -0.911712481031119 30.3033 0.6099821694031223 -0.7785014894796632 -0.1478417528582733 -4.85333 -0.760968979984326 -0.523453000237595 -0.38330558050186914 30.4006
0.21870403554683257 0.35431427298010076 -0.9091919163730572 30.4287 0.6131561756403552 -0.7747222984457195 -0.15441782463522571 -4.9555 -0.759083690451602 -0.5237048369583426 -0.3866848776934679 30.5911
0.2176239810452596 0.36340688796073434 -0.9058560794390612 30.5608 0.6157764819320954 -0.7712020063896232 -0.16145212801307812 -5.03873 -0.7572708413595127 -0.522669014887351 -0.3916094657989537 30.7657
0.21584045617556843 0.3716999286415087 -0.902913096884645 30.6881 0.6186105609620235 -0.7675089640891571 -0.16808023057171295 -5.12357 -0.7554693053620205 -0.5222730637230748 -0.3955969862943093 30.9346
0.21271657242669742 0.37894629948643044 -0.9006394183692928 30.8314 0.621411968254341 -0.7637823438660688 -0.17459581011215639 -5.20863 -0.7540549220881086 -0.5225286913691867 -0.397950928093781 31.1133
0.20827735598445357 0.38501366084479827 -0.8991023434220446 30.9673 0.6232102317529455 -0.7607272907482284 -0.181391830437042 -5.28958 -0.7538100225007396 -0.5225499689730613 -0.3983867215453943 31.2928
0.2041588017571272 0.38965127780841347 -0.8980484760676143 31.1039 0.6234468491560018 -0.7590260299660421 -0.18759933931504744 -5.36535 -0.7547404917867778 -0.5215854364687145 -0.3978887061996018 31.4699
0.19776323471828025 0.3940491999905548 -0.8975605444651445 31.2353 0.6235162864544623 -0.757100754773941 -0.19500227600406658 -5.43519 -0.7563842565256099 -0.521079336672961 -0.3954227881302085 31.6511
0.19088404505063705 0.39756042711328626 -0.897501525424112 31.3874 0.6232717212478799 -0.7554455934918636 -0.2020750275675626 -5.50616 -0.7583506068025604 -0.5208144219078688 -0.3919906824083464 31.8269
0.1845421231684267 0.3938785557910742 -0.9004464937265441 31.5264 0.62104681730851 -0.756820751079589 -0.20377242562794737 -5.57952 -0.7617381804054854 -0.5216148330169156 -0.3842823317422697 32.002
0.18440211693999453 0.3940178309175743 -0.9004142425500936 31.692 0.6202259887759568 -0.7573288486138736 -0.20438380049326735 -5.60939 -0.7624405433310428 -0.5207715084143859 -0.3840331416803371 32.1023
0.18336044195721984 0.395812996931304 -0.899839441114643 31.8539 0.6192002486583181 -0.7574554613463131 -0.20700791322585088 -5.62689 -0.7635247215295197 -0.519223743233015 -0.3839748742774273 32.2051
0.18296472483667447 0.3986091172919344 -0.8986849732120733 32.0126 0.6182228299692165 -0.7574077462621788 -0.21008102819364718 -5.62993 -0.7644111733682947 -0.5171501498731212 -0.38500815642777647 32.3081
0.18085163816732364 0.40128506589324314 -0.8979214781166842 32.1875 0.6182596613522509 -0.7564151610183589 -0.21352071404472683 -5.63821 -0.7648840932564851 -0.5165330580636882 -0.3848972899496423 32.4199
0.1799001500312505 0.4029475791761185 -0.8973679203397227 32.3275 0.6166904773273529 -0.7569203727249549 -0.21625079081399112 -5.66476 -0.7663737933883796 -0.5144947014207442 -0.3846640235549514 32.5319
0.17743817547166052 0.40297402436357366 -0.8978461057294362 32.5054 0.6155967956411316 -0.7572477208655645 -0.2182119942630991 -5.69901 -0.7678256827442405 -0.5139920475378328 -0.3824341720952863 32.6719
0.17495624769778423 0.40384242502338064 -0.8979429865769578 32.6655 0.6145331170332432 -0.7573406711707077 -0.22087135590679952 -5.73349 -0.769245968114827 -0.5131728788059021 -0.3806760262968304 32.8216
0.17491115464260198 0.40445194251762917 -0.8976773998354353 32.7712 0.6121274268533452 -0.7587815080483632 -0.222599722231979 -5.76845 -0.7711719012486737 -0.5105577824669487 -0.3802954765533475 32.9676
0.17309841326161635 0.40407344358204583 -0.8981990823409131 32.8766 0.6114999452410195 -0.7589927219223286 -0.22360202378146146 -5.81954 -0.7720782060753569 -0.5105435341483451 -0.37847132446564136 33.1648
0.17148862487216024 0.4037762600945073 -0.8986414097533835 32.9759 0.6107609017587595 -0.7592898393556409 -0.22461090965069408 -5.87286 -0.7730218447251556 -0.5103368217514568 -0.3768203231546029 33.3683
0.16957726793140554 0.4031727955815499 -0.8992748451412829 33.0539 0.6100877066717968 -0.7595693757548583 -0.22549357769861839 -5.91806 -0.7739745088624483 -0.5103979430976706 -0.37477646579367696 33.5976
0.1678833959285488 0.4035861692487951 -0.8994072322160751 33.1158 0.6097776908039626 -0.7593889040179308 -0.22693536580320123 -5.95538 -0.7745878472899539 -0.510339785285773 -0.3735866303619365 33.8244
0.16743690854451174 0.4035823723425398 -0.8994921624958296 33.1849 0.6090571229529971 -0.7597898901504065 -0.22752745725615287 -5.99473 -0.7752511223063623 -0.5097456145565161 -0.3730215889236509 34.0326
0.16762893992068287 0.4037022710879917 -0.8994025877322491 33.2412 0.6087141521209433 -0.760016865169752 -0.22768716622863147 -6.03647 -0.7754789613579143 -0.5093121252983684 -0.37314010708487216 34.249
0.1674627132557304 0.4030305710171612 -0.8997347378503341 33.3196 0.6106321256787418 -0.7588951314634987 -0.22628872382436455 -6.08437 -0.7740055857408844 -0.5115120118497505 -0.3731900520851682 34.4755
0.1675853115058954 0.40424177300786585 -0.8991683670608799 33.3747 0.6119205599217625 -0.7577579530090603 -0.2266188716690548 -6.12916 -0.7729607957150924 -0.5122416164340573 -0.37435295468383223 34.6929
0.16878030208894057 0.4060067906577241 -0.8981490386158532 33.4327 0.6127356291121537 -0.7569720642955878 -0.22704260105233529 -6.17021 -0.7720545696019806 -0.5120075974200887 -0.37653679998216527 34.9027
0.17268045046040184 0.4062170111195986 -0.8973122098276903 33.4941 0.6120408790901428 -0.7580299154573581 -0.22538103201972395 -6.23559 -0.771743107744642 -0.510272855586862 -0.3795183638506464 35.1111
0.17705223399105832 0.4060821464865657 -0.8965209404936614 33.5584 0.6138953464009599 -0.7575569259075287 -0.22190089607025246 -6.29137 -0.7692756398756049 -0.5110819839462147 -0.3834190860919422 35.3254
0.1818816680272641 0.4054028219443494 -0.8958613792296097 33.63 0.6142894809923206 -0.7582503981384028 -0.21841421030953861 -6.34653 -0.7678329846899037 -0.5105926807960648 -0.3869465362807663 35.53
0.19085607063100857 0.4077768563432988 -0.892912087349067 33.688 0.6161515002428536 -0.7578819861201648 -0.2144113426641301 -6.38762 -0.7641539694667379 -0.509247415845511 -0.39589869967315733 35.7173
0.19948021818813166 0.40803817743578064 -0.8909054317414963 33.7684 0.6204916503075988 -0.7562779921673766 -0.2074456807500077 -6.42018 -0.7584179286186264 -0.5114180719510878 -0.40404678099406266 35.8955
0.2087252996948487 0.4068685152157732 -0.8893209547702157 33.8746 0.6224374153420864 -0.7566611737081547 -0.20008881074378201 -6.46585 -0.7543244747783004 -0.5117830395086477 -0.41118451724466876 36.0625
0.2165140675275335 0.4115848172073458 -0.8852793891236136 33.986 0.629307004655923 -0.7520986412754204 -0.19575578582166292 -6.48584 -0.7463875350336934 -0.5147286392227097 -0.42185314448308286 36.2281
0.22725266154303375 0.4120216210968861 -0.8823799700640884 34.1071 0.6336617599780254 -0.7505966447496351 -0.18728975100667314 -6.52474 -0.7394788717489897 -0.516568350404169 -0.4316574308378775 36.3757
0.23596831868581217 0.41429180024574724 -0.8790228989200048 34.2468 0.6358688582553831 -0.7498562985261298 -0.18271925640634495 -6.55951 -0.734839946980012 -0.5158273313908734 -0.4403775840260077 36.5112
0.24345048663307892 0.4170047505486775 -0.875693381599948 34.3999 0.6389509642878903 -0.7482117485908877 -0.17866405487993733 -6.59149 -0.7297078359135881 -0.5160292794894505 -0.4485981017747472 36.6429
0.2510968371993709 0.4206217527334926 -0.8717956867729257 34.5573 0.6425015688835847 -0.7460572563381758 -0.17490084118518676 -6.61911 -0.7239765965351401 -0.5162130484524371 -0.45758275347398847 36.7621
0.2575598122985814 0.42320384043980946 -0.8686549674788696 34.7305 0.6452623347764388 -0.7444882952777405 -0.17138756522368498 -6.6472 -0.7192353317291765 -0.5163677833012437 -0.46482776375877266 36.874
0.26361527236201027 0.4271038019429671 -0.8649215747935565 34.9028 0.6495620556254531 -0.7414770698681484 -0.16816923247544568 -6.6687 -0.7131452335037644 -0.5174882580557819 -0.47289510327899736 36.9831
0.2733226022496833 0.4286842629673791 -0.8611182019813401 35.0736 0.65326442313892 -0.7398242393720651 -0.16095244110767404 -6.69841 -0.706073897379329 -0.5185459454297758 -0.48225486406868345 37.0724
0.282203976526347 0.4294798853703569 -0.8578507700614264 35.2472 0.6562158951914743 -0.7387006103091714 -0.1539548869861225 -6.73214 -0.6998154146135744 -0.5194886297034064 -0.4902957771367281 37.1594
0.293074474674628 0.43129557302119387 -0.8532827673090035 35.3363 0.6591275484649095 -0.7376332729629788 -0.14645145773450727 -6.7512 -0.6925736257964414 -0.519500994522863 -0.5004602776853794 37.1989
