1.0 0.0 0.0 0.0 0.0 -1.0 0.0 0.0 0.0 0.0 -1.0 0.0
0.9999957652473177 -0.0012257426108904514 -0.002639515577374924 0.12238 -0.0012321814398782414 -0.9999962661187707 -0.002439155061877796 -0.057676 -0.0026365159454433424 0.0024423970947640666 -0.9999935417191959 -0.0493448
0.9999829990989554 -0.0027276845849578176 -0.005153760749578971 0.25229 -0.0027604226057195685 -0.9999759912701801 -0.006355859521631743 -0.117278 -0.005136300234288265 0.006369978023970569 -0.9999665203394951 -0.0960993
0.9999880617575513 -0.0021986960226301386 -0.004363722971954582 0.364826 -0.0022409196416359237 -0.9999504926819786 -0.00969486793247795 -0.165873 -0.004342190868170588 0.009704530945312576 -0.9999434821316632 -0.137945
0.9999891865936994 -0.0022081233113219424 -0.004092784762627321 0.478887 -0.002263319477529318 -0.9999058901928917 -0.01353100670694121 -0.213927 -0.0040625214601075245 0.013540123670138625 -0.9999000754927381 -0.171685
0.9999749229254445 -0.0019485175232510298 -0.006808582797701202 0.605778 -0.0020732856292310455 -0.9998291743251394 -0.018366372941050868 -0.262438 -0.006771632517435739 0.01838002850301721 -0.9998081413677712 -0.212507
0.9999867521300139 0.0009843655369095082 -0.0050523844821847375 0.708449 0.00087434995496004 -0.9997634674573415 -0.021731190713570988 -0.296261 -0.005072580864051125 0.021726485269437334 -0.9997510834008707 -0.245669
0.9999949430272805 0.0025799639862413193 -0.0018594907087962748 0.802819 0.0025330348760437215 -0.9996889041851611 -0.024812871324953835 -0.332397 -0.0019229285434326573 0.024808035692123385 -0.9996903839244007 -0.273498
0.9999880280557801 0.004882455218500476 0.0003246169294243638 0.900065 0.004889657432325522 -0.9995919066599303 -0.028144473527834564 -0.363634 0.00018707032376946757 0.02814572384934902 -0.9996038131348287 -0.296823
0.9999821644917535 0.0054775576639801505 0.0023805588472220886 1.00018 0.005549708351845462 -0.999490244884111 -0.03143964247107979 -0.401711 0.0022071328906007833 0.03145229313639372 -0.9995028173151217 -0.320204
0.9999758569985843 0.006075451330429561 0.003372582256746246 1.10713 0.006190090877760908 -0.9993649391808447 -0.03509132529545499 -0.437789 0.0031572448229428003 0.03511135467620068 -0.999378419107562 -0.339845
0.9999718148629289 0.006710769135913553 0.003366757690178229 1.21987 0.006836303756930524 -0.9992245869753511 -0.03877485957268578 -0.472287 0.0031039379315446667 0.038796782876199865 -0.9992423005496585 -0.355455
0.9999647410021019 0.007168497312252714 0.004373716827146102 1.32684 0.007345150318335806 -0.9990986750796075 -0.04180772920135966 -0.506056 0.004070076092763718 0.04183838071026883 -0.9991161015518376 -0.369753
0.9999565580357691 0.007974632878330076 0.004825688729400489 1.43837 0.008183075117188182 -0.9989607543782842 -0.04483802508580827 -0.540087 0.00446310686446802 0.04487556620729116 -0.9989826145808 -0.387614
0.9999497112428647 0.00902278578520865 0.0043777073892384 1.55849 0.009221974390346596 -0.9988123130899521 -0.0478426421536638 -0.569577 0.003940834131925279 0.047880607312083816 -0.9988452919595562 -0.402038
0.9999349891539022 0.010015209700717027 0.005450966926702783 1.67032 0.010274306986451969 -0.9987070951496766 -0.04978530620216073 -0.59811 0.004945309063495248 0.04983807452485923 -0.9987450676954159 -0.41317
0.9999219957363533 0.010932093522751892 0.006040842146364376 1.79079 0.011228472545693905 -0.998613662788287 -0.05142639299864719 -0.626224 0.005470269364307784 0.05149021095092266 -0.9986585173768413 -0.42435
0.9999057015539733 0.011676059692748753 0.007228943899913765 1.91014 0.01204114393478414 -0.9985373422414424 -0.052708509769660274 -0.655326 0.006602942722645994 0.05279058419309194 -0.998583774837121 -0.436879
0.9998799370701759 0.0126934253412205 0.008887541710033838 2.03077 0.013146733944743619 -0.9985103621029445 -0.05295488796733101 -0.680956 0.008202123574224897 0.05306537219461778 -0.9985573551092193 -0.446531
0.9998461747314378 0.013541954946562828 0.01114640440396574 2.15317 0.014109248563934218 -0.9985214364342019 -0.05249638164997061 -0.706068 0.010419020101362914 0.05264557377029443 -0.9985589054144597 -0.454624
0.9997873755199106 0.014207533670191386 0.014944890030363603 2.2699 0.01494816342496243 -0.9986034570294317 -0.05067235951767761 -0.733524 0.014204089595250335 0.050884983992122226 -0.9986035060237329 -0.465511
0.9997271416692391 0.015197828761135955 0.017738889784871092 2.39962 0.016046170039359597 -0.9986843463165115 -0.04870417691974484 -0.758069 0.016975353808406278 0.04897552882112695 -0.998655713917349 -0.473413
0.9996136736206125 0.016179744674997897 0.022599101153709545 2.52131 0.017182431773592893 -0.9988435894475931 -0.044902648672364424 -0.782059 0.021846453923910495 0.045273609108396055 -0.9987357171790996 -0.479933
0.9994718340825851 0.017322991996232998 0.02749485086141508 2.64695 0.01843653316035859 -0.9989981620648866 -0.04077703319278136 -0.804949 0.026760925257173156 0.041262405883281235 -0.9987899012004992 -0.485521
0.9993169781054406 0.01806761820809995 0.03223567034352714 2.77626 0.019227411667747833 -0.9991654018550441 -0.0360389563723353 -0.830745 0.0315576284085033 0.036634149480156725 -0.9988303435424338 -0.492637
0.9990790178551084 0.01900114112916902 0.038471713211941656 2.89168 0.020165895198804403 -0.999342924470494 -0.030117370097532965 -0.853431 0.03787416999094927 0.03086544907417251 -0.9988057225011012 -0.496069
0.9988034069601096 0.020572508277183134 0.04436807577597576 3.00146 0.02163655129380615 -0.9994864495686954 -0.023636767475145724 -0.871199 0.043859022936996575 0.024568456031033838 -0.9987355891702584 -0.500146
0.9984937987561657 0.02201025762484551 0.050256167828137736 3.10477 0.02288706159397531 -0.9995945555589418 -0.016938326614965006 -0.889408 0.049862974811733775 0.018063030094908818 -0.9985927151179881 -0.505294
0.997963565246661 0.024264098880579076 0.05899132093526796 3.18542 0.024839040749015672 -0.9996506575677804 -0.00903243483086169 -0.901357 0.05875154887186415 0.010479328691214231 -0.9982176311683435 -0.505647
0.9974345687947932 0.025903830489119442 0.06673284453052958 3.26467 0.026006384444655292 -0.9996615533397504 -0.0006683879666366633 -0.91643 0.06669294521358055 0.0024021532732362333 -0.9977706553704564 -0.511005
0.9967289860251765 0.028709839222391183 0.07554517555110868 3.33046 0.02818677546532529 -0.9995708109671275 0.007981199871333885 -0.920541 0.07574189135538348 -0.005825718354271211 -0.9971104386674357 -0.50758
0.9959001343740418 0.030734610145906997 0.08507823513064265 3.3819 0.0293933850759395 -0.9994238086705362 0.016972907124518818 -0.929561 0.08555086947274905 -0.014402583159250115 -0.996229699582781 -0.50285
0.9949661409680787 0.03358055989105596 0.09441781783377824 3.4244 0.031196163879336287 -0.9991587949417372 0.0266176980557818 -0.934567 0.09523223029155058 -0.023538234597742885 -0.9951767550670175 -0.503376
0.9939481622670816 0.03630527031577566 0.10367727848082085 3.45815 0.03272659458309248 -0.998815318050998 0.03601292037141027 -0.938476 0.10486191268942753 -0.032401971760713785 -0.9939587976838542 -0.50156
0.9927512113992678 0.039796695900323906 0.11340747444812907 3.4778 0.03478128517047582 -0.9983419117947105 0.04586599345890503 -0.937793 0.11504474984620525 -0.04158906285911504 -0.9924893225538118 -0.500622
0.9915360863109955 0.0425387902078815 0.122664749910981 3.49027 0.03594627313590436 -0.9978132940879024 0.055466166165400364 -0.940107 0.12475598178329017 -0.05058736471786892 -0.9908969994606848 -0.499435
0.9903128563988719 0.04566148232979029 0.13113151979045037 3.51156 0.03734884341125647 -0.9971751687956605 0.06516706709057327 -0.942251 0.13373672026391434 -0.059638173754668934 -0.9892207932935191 -0.497969
0.9889801033552951 0.04893703761420633 0.13972659559616882 3.53675 0.03873150763737203 -0.9964424971341669 0.0748479807420469 -0.945101 0.14289235628082328 -0.06861134202572769 -0.9873572090494617 -0.50084
0.9878248672971653 0.052029055563249126 0.14661176257904515 3.57537 0.039960539873177665 -0.9956563161242321 0.08409313536173907 -0.950585 0.15035021384215638 -0.07721060509489566 -0.9856131774984028 -0.502308
0.9866375997532305 0.055020162421259206 0.15335914866848385 3.61901 0.04104151064249584 -0.9948318728675439 0.0928716271583343 -0.956581 0.1576763811018181 -0.08533654817247421 -0.9837966417856084 -0.504895
0.9852476662938147 0.059126556798365024 0.16059603464519925 3.66117 0.04311451925641702 -0.9939088343077663 0.10142172999049949 -0.958435 0.1656145352675313 -0.09300150195640634 -0.9817955725821811 -0.502214
0.9840476300358303 0.062469996857215396 0.1665765929340755 3.71347 0.04453819544954933 -0.9930112418455073 0.10929328760056871 -0.965585 0.1722399807447822 -0.1001307797887462 -0.9799526600667678 -0.502694
0.9829772059945275 0.06528785958177055 0.17173615777238907 3.77225 0.04542790744345503 -0.9920766966968982 0.11713297185796587 -0.973976 0.17802280112530747 -0.10733742712680025 -0.9781546702936595 -0.494774
0.9820249050587723 0.06779544564746572 0.1761557929611475 3.83873 0.04611889447826967 -0.9911649100154803 0.12435903154217076 -0.985683 0.1830304166427301 -0.11399955571609002 -0.9764752776594615 -0.498614
0.9810575737694301 0.06995379204648962 0.18064468973085207 3.90683 0.04651144418607785 -0.9903048213377829 0.13089326336701715 -0.998195 0.1880497873153934 -0.12001178197768099 -0.974799697208189 -0.49467
0.9801334557034564 0.07263272681687125 0.18456136108608023 3.98117 0.04755581431590242 -0.9894509160967433 0.13684052455346352 -1.00864 0.19255350824005296 -0.12534501039316004 -0.9732480541126125 -0.492023
0.9794029783733867 0.074490238564725 0.1876726147095243 4.06354 0.0479892209520936 -0.9887038590953982 0.1419919493572713 -1.02129 0.196129652591724 -0.13006107553160215 -0.971914232844551 -0.488119
0.9788958866800027 0.07587893530984004 0.18975044194208446 4.15221 0.04800251080096356 -0.9879092123181771 0.14741488111341505 -1.03728 0.19864189386374326 -0.1351953231185311 -0.9707026437633212 -0.485092
0.9785365722137724 0.0769788917570488 0.19115550492721017 4.25017 0.04807473462638975 -0.987289483453548 0.15148694911651034 -1.05198 0.20038711717753294 -0.13904576975184307 -0.9697996067143946 -0.482897
0.9782902633641242 0.07810265277988933 0.19195868366837981 4.35319 0.048347081297454395 -0.9867190386863747 0.15507449314395472 -1.06562 0.2015210171098052 -0.14242722465378999 -0.9690736635263848 -0.478033
0.9782079487323697 0.07862739593982634 0.1921638406270338 4.44994 0.04833959949586067 -0.9863343887373827 0.157504783148431 -1.07987 0.2019219952293213 -0.14478330774566614 -0.9686409560001242 -0.474778
0.9781881704315167 0.07854029621519217 0.19230009125913558 4.53891 0.04796759385807438 -0.9861499422416222 0.15876838903356144 -1.0928 0.20210644019256 -0.14608118731470987 -0.9684075968028214 -0.469726
0.9781797889465258 0.07860842382784758 0.19231488813878198 4.62252 0.047974303864336355 -0.9861035100075204 0.15905449921200257 -1.10102 0.20214540970613967 -0.14635772358898622 -0.9683577077095982 -0.470297
0.978213302357677 0.07847384206898673 0.1921993527601492 4.69646 0.04788744711931805 -0.9861318511078788 0.15890489180306422 -1.10805 0.20200378090244514 -0.14623894262979598 -0.9684052065946552 -0.463613
0.9786528296545766 0.07772201907620878 0.19025752747212996 4.77158 0.04751442482713313 -0.9862192685098666 0.158473763927063 -1.11488 0.19995254047507763 -0.14605082050636078 -0.9688591948198569 -0.464924
0.9792966642026952 0.0754242152004773 0.1878542819391287 4.84114 0.046010857632169375 -0.9866401932532523 0.1562822127983131 -1.12562 0.19713204828597966 -0.14440331304570914 -0.9696837828488196 -0.459445
0.9801123006957181 0.07303295220232099 0.18451576062103478 4.90664 0.04463393667540088 -0.9871207810024673 0.15362413680777667 -1.13277 0.19335896597210542 -0.1423332413938911 -0.9707489678966986 -0.45659
0.9811195321635668 0.06989298369869323 0.1803314571472156 4.96873 0.04275597411469123 -0.9877299283734493 0.15020491094796062 -1.14131 0.18861704664384848 -0.13965872484408243 -0.9720694678315318 -0.452315
0.9822029086820635 0.06625384545913329 0.17574946411972794 5.02388 0.040725541826525914 -0.988582335613507 0.14507376039752906 -1.14648 0.1833545102238561 -0.1353343772839003 -0.9736866692657086 -0.447652
0.9833766401911656 0.062170910394216516 0.1706023488322772 5.07551 0.03841694916203495 -0.9895242260805118 0.1391615752168909 -1.15102 0.1774669590189039 -0.13029422051848297 -0.9754634255347886 -0.446267
0.9845727561476578 0.05727608194387685 0.1653358348603323 5.11702 0.03541827634461552 -0.9905840212134631 0.13224538788684417 -1.1555 0.1713535338199397 -0.12434929575081528 -0.9773306600601943 -0.440135
0.9858184321350018 0.05193026634255502 0.15957840173556723 5.15374 0.03215876953632658 -0.9917519428295295 0.1240721460915512 -1.1581 0.1647052895471066 -0.11718076348720846 -0.9793573588143188 -0.433788
0.9871693960045086 0.0462193501004844 0.15284094761673997 5.18897 0.02870386406329762 -0.9929644174377569 0.11488147757725024 -1.15894 0.15707536974309474 -0.10902035304834311 -0.9815507581583772 -0.428967
0.9884107014664545 0.04086408725126005 0.14619990287176154 5.21631 0.02560212446262873 -0.9941648146629638 0.10478956297816312 -1.15497 0.14962892918680926 -0.09983209733986236 -0.9836893492821464 -0.427921
0.9897467385594632 0.034065352337971935 0.13871173447475538 5.25426 0.02104661721120017 -0.9953249107012361 0.09426219836997886 -1.15669 0.14127431972892462 -0.09037629062793993 -0.9858365446043593 -0.423329
0.9910139288718571 0.026703486290999202 0.1310660772353855 5.30099 0.015735660245453448 -0.9963402482643826 0.0840148718091508 -1.16246 0.13282989790933847 -0.0811974969341716 -0.9878072609132915 -0.420402
0.9921228062808999 0.019938140120705862 0.1236721788675163 5.35136 0.0109458505870825 -0.9972741834399993 0.07296842741218804 -1.16449 0.12478992592447963 -0.07103994378242137 -0.9896367014087307 -0.413417
0.9930958930645929 0.012573558117045237 0.11662955377826142 5.41049 0.005275981770901671 -0.998020391753068 0.06266946354809506 -1.17101 0.11718665109385198 -0.0616214514704919 -0.9911962901081085 -0.406663
0.9938636848800961 0.006193075152404505 0.11043831625262031 5.47451 0.00042891797373157325 -0.9986396407384774 0.05214100090232799 -1.17221 0.11061099360338882 -0.05177367831129471 -0.992514329532924 -0.397081
0.9945500599233902 0.00050367849394106 0.10425893062157987 5.55 -0.003920111533193412 -0.999100582655916 0.04222154026295481 -1.17203 0.1041864244129147 -0.042400142034947616 -0.9936535698740622 -0.389681
0.9951150890805516 -0.005079088896967699 0.09859088365656296 5.63209 -0.008451817686785797 -0.9993921385973097 0.033821887701379366 -1.17502 0.09835916968943245 -0.03448994296707493 -0.9945531245600372 -0.380705
0.9955153009425067 -0.011177581466062495 0.0939379969017836 5.72142 -0.013715230112733704 -0.9995570510633783 0.02641200735342288 -1.18306 0.09360116480207249 -0.02758193869277571 -0.9952276416004747 -0.372257
0.9957439316144086 -0.015914840463125395 0.0907785244764071 5.81584 -0.017765331924631218 -0.9996497969972533 0.01961316764212233 -1.18621 0.09043459313054962 -0.021142403278331015 -0.9956779515229452 -0.36158
0.9959331524116208 -0.020833042171129235 0.08765352406690274 5.9246 -0.022197761252558335 -0.9996466431639282 0.014623549721751103 -1.19422 0.08731789806692306 -0.01650978997401414 -0.996043679520225 -0.350299
0.9959834724902975 -0.02481339210865965 0.08603033243124718 6.04158 -0.025894484598831032 -0.9995988405438762 0.01147317090867134 -1.20244 0.08571113226139236 -0.013654799720266387 -0.9962264543019673 -0.342321
0.9958910339803911 -0.028214599644122828 0.08605222137975095 6.16486 -0.029188513982783566 -0.999523095007325 0.010080337219316995 -1.21135 0.0857267699668234 -0.012550653923209068 -0.9962396308103566 -0.330558
0.9957444013300558 -0.029987391846418316 0.08714266205537909 6.30061 -0.03103995089260823 -0.9994603505735229 0.010748445470628679 -1.21897 0.08677331772171161 -0.013407608351230027 -0.9961378556052707 -0.32325
0.9955537634585666 -0.030761808126291205 0.08903041741048699 6.45297 -0.031992675862469164 -0.9994107946780942 0.012431096977302302 -1.22217 0.08859555719472216 -0.015224146665785762 -0.9959513304392215 -0.318856
0.9952415342000474 -0.031176459611330618 0.0923163959935575 6.61736 -0.03290141675167478 -0.999310206386177 0.017222316573253054 -1.23295 0.0917157858760904 -0.020177704986439945 -0.9955807726360588 -0.319711
0.9947958000082427 -0.030163159329187533 0.09732163225738802 6.79331 -0.03270139713633656 -0.9991625807958856 0.024591782420901542 -1.24193 0.09649836740220955 -0.02764635521343474 -0.9949491163532539 -0.317974
0.9939331012665801 -0.028332670139946493 0.10627440900489227 6.9601 -0.032255022354576814 -0.998853557869544 0.03537207181180002 -1.25017 0.10515038630220952 -0.03858535647229881 -0.9937074853931623 -0.300949
0.992753972579755 -0.024776216810545825 0.11758269008519635 7.13408 -0.030737178216333403 -0.9983180351677459 0.049156144418662215 -1.26015 0.11616701684390394 -0.052414117748635664 -0.9918457463024277 -0.284349
0.9911375859008908 -0.020095627091787634 0.1313105159015906 7.31408 -0.028870855191617282 -0.9974499134331649 0.06526977794259961 -1.26863 0.12966402560100754 -0.06848237703204677 -0.9891902771969514 -0.263275
0.9890791767259172 -0.012529904939527516 0.1468515701291234 7.50071 -0.024962046944701336 -0.9962265705243217 0.08312350085071918 -1.26811 0.14525590652194822 -0.08588143957547165 -0.9856597282819929 -0.244463
0.9866501965206772 -0.0034609142217182937 0.16281711144243585 7.70156 -0.020522386414760813 -0.9944463403696792 0.10322455028332775 -1.26777 0.16155562930938652 -0.10518791849876072 -0.9812417033740187 -0.229734
0.9837202573734208 0.006104282186616043 0.17960287573465175 7.9042 -0.016806985527229465 -0.9919172881058064 0.12576811517356018 -1.27055 0.17891892149981817 -0.12673922556102574 -0.9756665353662249 -0.206273
0.9801641449183257 0.017649142154441886 0.19739999188890534 8.11523 -0.012037122792745845 -0.9888866740704682 0.14818317556565003 -1.26586 0.19782152737101172 -0.1476199635112413 -0.9690588164201078 -0.191646
0.9764275576819104 0.031101838014258462 0.21359283759404232 8.34212 -0.006166080667391159 -0.9851409708015118 0.17163696308621398 -1.25566 0.21575728040681116 -0.1689080913407939 -0.9617270156500062 -0.186496
0.9720386317888096 0.04513936374404393 0.23044161115328662 8.56864 -0.0007164848897615456 -0.9807754344920047 0.19513849888328708 -1.24473 0.23481989898546166 -0.1898472673961961 -0.9533192697636271 -0.183945
0.967252123553369 0.06061409880480756 0.24647365073690725 8.80256 0.005312314661168219 -0.9756881875010127 0.2190989276193043 -1.22513 0.2537619136009946 -0.21061455741963667 -0.9440584724520468 -0.184261
0.9620237208105626 0.07566972476944656 0.26226790377611336 9.03542 0.01021956976962149 -0.9701192821975253 0.2424131570321256 -1.21132 0.2727744874278463 -0.2305269421605083 -0.9340510735214651 -0.192057
0.9564674912890638 0.09130816268624525 0.27718722469491197 9.26659 0.015102747825153078 -0.9640090527125122 0.265440112448091 -1.19307 0.29144784287301784 -0.24969854968579122 -0.9234223243833115 -0.207569
0.9509595288342237 0.10667024315173232 0.29034020346025324 9.50668 0.020035548925076946 -0.9579256203849634 0.28631640293450444 -1.17236 0.30866575984171263 -0.26645818628076146 -0.913085693495033 -0.232132
0.945799759484046 0.12167716285838925 0.3010938109603939 9.74774 0.025234800930018723 -0.9518877210869311 0.30540623972988934 -1.15182 0.3237684663180507 -0.2812551057006101 -0.9033656766422972 -0.265387
0.9404417241587432 0.13480279397396588 0.3120858378685954 9.97935 0.02915434895974541 -0.9466200251198383 0.3210304533511585 -1.13677 0.3387025057451806 -0.29281177363441085 -0.894171056243159 -0.297021
0.9365717311040247 0.14819848380145398 0.3176013253998807 10.238 0.03527199629955072 -0.9414555950088008 0.33528681588107445 -1.11305 0.34869654253212085 -0.3028177207918573 -0.8869679527472061 -0.32317
0.9340820486654684 0.16117725691486337 0.3186104490036729 10.5135 0.04267624663572756 -0.9363197009437285 0.34854577260057773 -1.08347 0.3544988918656989 -0.31197325122203545 -0.8814778648315253 -0.336784
0.9322079909093404 0.17297882789090424 0.3179097148346684 10.7797 0.05056441653736561 -0.9320225563012718 0.3588553947286821 -1.05591 0.3583734106557112 -0.31845294730482776 -0.877585448197417 -0.352068
0.9316940712526602 0.1810441990424408 0.31491134559701733 11.047 0.05788449311381422 -0.9298621135379816 0.36332607292022745 -1.0408 0.35860220725701036 -0.3202802644556151 -0.8768266699585736 -0.360487
0.9323225013434085 0.1886663143833422 0.3085121963647081 11.3139 0.06696603897121162 -0.9284378580667768 0.36540209815062896 -1.01944 0.35537346990634583 -0.32001275837907084 -0.8782377419362836 -0.359884
0.9344346520716218 0.19311587757997828 0.2992292412754833 11.5817 0.07604579077922201 -0.9290319696694178 0.362100313500174 -1.00676 0.34792085121841915 -0.3156039561834997 -0.8828053149640489 -0.347312
0.9376769942079631 0.19690658948532178 0.2863383480262087 11.8475 0.08682305152914413 -0.9305896662554817 0.3556186592147253 -0.99252 0.33648716506917 -0.30859466631128013 -0.8896885520607437 -0.326435
0.9419057378421618 0.19861544353279126 0.27086064057054315 12.1107 0.09795467449139494 -0.9338075558811063 0.3441051152259136 -0.978044 0.32127630283806685 -0.297582516572508 -0.8990140060449978 -0.291576
0.9468676014571157 0.19958738798703868 0.25220352865762896 12.3696 0.10986445412807072 -0.9377054597573272 0.32960320456640035 -0.965309 0.3022772684638877 -0.2843823927352229 -0.9098104789857061 -0.246617
0.9524729425995253 0.1974949392705562 0.23192896019755938 12.6304 0.12043768955719045 -0.9434737355077907 0.3087913103393643 -0.96278 0.2798036035327772 -0.2661823799005018 -0.9224190393094549 -0.193204
0.9584688825087481 0.19445984441438502 0.2086211163155952 12.8897 0.13059312608960894 -0.9495552286873413 0.2851145438077029 -0.962323 0.2535406016411877 -0.24602893444240298 -0.9355142579012682 -0.130857
0.9642915850607847 0.19124551870493872 0.1832126921264956 13.1466 0.14052689984827788 -0.9558380272221185 0.25811984839442415 -0.964318 0.2244859224984747 -0.2231564861065153 -0.9485817061848711 -0.0643272
0.9697986735151312 0.18784548433758402 0.15557829817256036 13.404 0.1497995453932608 -0.9621006251159328 0.22786505513461952 -0.965265 0.19248539957166627 -0.19767766987069957 -0.9611830781834574 0.0100292
0.9745646189448384 0.18442463208888032 0.12732383351039814 13.6572 0.15773617259317746 -0.9680638600968231 0.19486318952047943 -0.969637 0.15919517378538142 -0.1698231958635807 -0.9725312225271344 0.0891752
0.9784324613289833 0.18234260033695604 0.09706232389585935 13.9097 0.16524761058065407 -0.972875281724967 0.16188549473609673 -0.971188 0.12394815777207864 -0.142354705966903 -0.9820244354770326 0.179767
0.9814547920275356 0.18026025124140677 0.06521298205550184 14.154 0.17111726880368788 -0.9771860876073459 0.12580234697259923 -0.991715 0.0864023814680633 -0.1123102489046869 -0.9899096102511653 0.293629
0.9834072708097944 0.17857445668979918 0.031957833724694684 14.3558 0.17522376945914384 -0.980626489222623 0.08756893999268145 -1.04854 0.046976274170702395 -0.08051616019691996 -0.995645708880515 0.460677
0.9840835294274775 0.17770622381222181 -0.00032423442049891484 14.454 0.17749950460573458 -0.9828474658327926 0.05004782483561298 -1.11476 0.00857513698302919 -0.04930879155341287 -0.9987467697576118 0.689764
0.9834667311436287 0.17810557112148245 -0.03273521451213878 14.5141 0.1785737295746419 -0.9838538580059195 0.011958645101777566 -1.1575 -0.030076765774727895 -0.017606578951010518 -0.9993925137493143 0.946029
0.9818128766180362 0.17880162144201117 -0.06382362788751883 14.5687 0.17735083348534447 -0.983756054965441 -0.027761595431199493 -1.19407 -0.06775069866112343 0.015937518267902163 -0.9975749788073024 1.20643
0.9792427564817305 0.18018348693657754 -0.09283067872981465 14.617 0.17445559906745567 -0.9824119601310937 -0.06657315183613643 -1.22136 -0.10319335168545032 0.0489964450420467 -0.993453813994976 1.46294
0.9757070717640529 0.18260281538830025 -0.12104512349485022 14.67 0.17048742195213445 -0.9798636785344909 -0.10392887204704318 -1.23837 -0.13758542461224618 0.08076746437224669 -0.9871914037475943 1.72783
0.9713617662388176 0.1866626683917039 -0.1470148540736385 14.7228 0.16645110600519922 -0.9761200337088343 -0.1395840574776015 -1.23617 -0.1695592769477694 0.11111583155047355 -0.9792358876081884 1.98527
0.9666380177787319 0.19079012454401434 -0.17090954028749805 14.7775 0.1610530140033134 -0.9715459697367999 -0.1736673699018614 -1.22364 -0.1991804941886955 0.14034798560955877 -0.969860594967177 2.25218
0.9618981303386973 0.19488242201349512 -0.19176242708380867 14.8346 0.15495166734414897 -0.9664377539088105 -0.2049098548312452 -1.20088 -0.2252597781189248 0.16738849843955161 -0.9598120248006718 2.50559
0.9568355345722976 0.20061274127650447 -0.21028620453389577 14.8863 0.150203575364733 -0.9607756982224755 -0.23312859895938468 -1.15387 -0.248806442294801 0.19147998783852296 -0.9494370798162262 2.78089
0.9519318631848357 0.2077324704479464 -0.2251065271711149 14.929 0.14706231870249387 -0.954607462279186 -0.2590314023023815 -1.07688 -0.26869760376916824 0.2134755575762367 -0.9392708789514459 3.06757
0.9472953263595667 0.21483471771532792 -0.23765018140430208 14.9842 0.14435489391963907 -0.9484873706788088 -0.282016617000222 -0.980712 -0.28599515600578285 0.2328470565134452 -0.9295100962411611 3.33686
0.943415599483172 0.22165368006241953 -0.2466508722194059 15.0339 0.14241238767012115 -0.9425192983839278 -0.3022847730401979 -0.870919 -0.29947573940121136 0.25005403073866933 -0.9207536387228902 3.60352
0.9398166850087261 0.22890756769699117 -0.2536649838473112 15.0858 0.14184469040577297 -0.9367947870846008 -0.3198368501201948 -0.749643 -0.3108451099549414 0.264606977122987 -0.9128846944028229 3.87581
0.9371277700819015 0.23463610222132375 -0.2583359093809991 15.1456 0.14073079264526261 -0.9314671225941434 -0.3355053554380669 -0.632445 -0.31935307504822835 0.27805556829628864 -0.9059242321500564 4.14745
0.9353672489578413 0.24001956017420564 -0.25976666512626445 15.2072 0.14081333433273505 -0.9264793977937449 -0.3490093556594684 -0.516939 -0.3244375355151393 0.28987331059882143 -0.900396440103659 4.41824
0.9340980143771538 0.24515542905755217 -0.25953750237733775 15.2789 0.14210237818703653 -0.9222000250261997 -0.35965820990944336 -0.411622 -0.3275176539520389 0.29907512341430925 -0.8962623817300761 4.6937
0.933387734230484 0.24981753555391112 -0.2576403239360121 15.3631 0.1439475686631032 -0.9182618277188309 -0.36888251955121554 -0.326662 -0.32873459669475624 0.30722372090097816 -0.8930549536572167 4.96046
0.933041716262454 0.25409844441707696 -0.25469027515560144 15.469 0.14634899689282993 -0.9147787314604183 -0.37651274025739206 -0.266263 -0.3286565484247603 0.3140284270770555 -0.8907137700546868 5.20888
0.9329484773594173 0.2580863443373916 -0.2509951741753351 15.5811 0.14933167777763884 -0.9118070805829742 -0.38250215399507176 -0.2327 -0.32757775963099345 0.31937327168270596 -0.8892094942868211 5.45396
0.9334269929838162 0.2610895895748376 -0.24606152682781174 15.6974 0.1524253116997104 -0.9094778973696771 -0.386802893667146 -0.222309 -0.32477772879684524 0.3235462569891269 -0.8887278809995154 5.6849
0.9339376705402016 0.2653118098978771 -0.23952050240982395 15.8108 0.1583802537070604 -0.9079026679098305 -0.388108800258251 -0.217169 -0.3204311513907924 0.3245341108896329 -0.8899446545080465 5.90503
0.9346607256960122 0.2682314048470145 -0.23336932380928016 15.931 0.16353456931561322 -0.9071595053698991 -0.387708752101106 -0.227959 -0.31569886360289695 0.32421219173688853 -0.891751468879644 6.1115
0.9356070858702927 0.27060858110197156 -0.22673856465823422 16.0485 0.16840470851251033 -0.9065492152726913 -0.3870508680254884 -0.245985 -0.3102889540736425 0.3239436928270796 -0.8937456287207448 6.30842
0.9365173438978007 0.2729286581527022 -0.22010273087259496 16.1652 0.1729964490779918 -0.9057069792126373 -0.38699754057606783 -0.266558 -0.30497129895289216 0.32435291792195264 -0.8954259832339584 6.4928
0.9375207320798018 0.2753849796702759 -0.2126452207141153 16.2644 0.17802829746738608 -0.9047947396842595 -0.386849330283196 -0.287945 -0.2989327720766276 0.32482240072337243 -0.8972901458095304 6.6767
0.9383551014519973 0.277236230334607 -0.20646979480996333 16.3732 0.18213304668198846 -0.9041917083470368 -0.386348169224087 -0.307584 -0.2937979865236456 0.324926802751518 -0.89894678149951 6.84277
0.9392764236778551 0.2779392005464501 -0.20126996974844164 16.469 0.1849662338675245 -0.9040757761017609 -0.38527196030189237 -0.331081 -0.28904548474557196 0.32464872072071815 -0.9005864288798707 7.00608
0.9396931762199646 0.2796122891143988 -0.19696116962954943 16.5676 0.18814940262306767 -0.9035256891880122 -0.38502094913122575 -0.34274 -0.2856160654763962 0.32474343219460655 -0.9016458098323586 7.15922
0.9399687366284486 0.28071067292204666 -0.19406259884060528 16.6621 0.19038684898358132 -0.9032988330870038 -0.384452943645591 -0.352494 -0.2832165635961657 0.32442678103280675 -0.9025162834284322 7.30084
0.9402013610494775 0.28128185259867877 -0.19209872482493212 16.7466 0.19256086687186064 -0.9041271646433522 -0.3814110416644097 -0.360023 -0.28096567980852644 0.32161248351490906 -0.9042254681312094 7.4376
0.9407155369343426 0.2808102880872701 -0.1902626097652274 16.806 0.19394578510904759 -0.9054800084946887 -0.3774797831075105 -0.369983 -0.2782791961479801 0.3182004656200277 -0.9062610841641777 7.57606
0.9404760914143242 0.2812612390358419 -0.19077955051330547 16.8868 0.19522594529781107 -0.9065834599193401 -0.3741567325109287 -0.36992 -0.2781933711658348 0.31464034327578144 -0.9075295601922213 7.69018
0.940286123724376 0.2811166450499711 -0.19192560383449644 16.9601 0.19573622551853045 -0.907854152116319 -0.3707939704268647 -0.369219 -0.2784768133097377 0.31108563187811833 -0.9086673726330474 7.80168
0.9405357882590105 0.2804290827608117 -0.19170800855971526 16.9953 0.19654797198496873 -0.909544372037106 -0.36619384211674333 -0.365669 -0.2770583435173862 0.30673859365517775 -0.9105768004127087 7.91662
0.9406305935874796 0.27950648377795184 -0.1925881926114654 17.0371 0.19675344624582275 -0.911320229820178 -0.3616400421840611 -0.364379 -0.2765902525355105 0.30227729694203453 -0.9122095526553967 8.01545
0.9404586618924099 0.27907524816764423 -0.19404770323738857 17.0795 0.19744137183465083 -0.9132120192627714 -0.3564557652248913 -0.355429 -0.2766846760476427 0.2969188672586831 -0.913939153503247 8.10676
0.9407659002264217 0.27765398527954205 -0.19459646818367052 17.1071 0.19771445026960355 -0.9154926500477414 -0.3504029164592556 -0.349859 -0.27544240255588626 0.2911725814134144 -0.9161604721375451 8.15504
0.9411644427232435 0.2763657232064348 -0.19450315881761648 17.1247 0.19837132013330644 -0.9177348793502178 -0.3441097362362922 -0.344484 -0.2736024691080399 0.28527999975572355 -0.9185624696433872 8.20115
0.941604630093563 0.275184495982176 -0.19404693699566677 17.1388 0.19944524458005675 -0.9201184768730792 -0.33705130608138284 -0.340406 -0.27129746589447873 0.2786673315762011 -0.9212720571641331 8.24112
0.9421780335739529 0.27416259389376424 -0.19270554003495016 17.147 0.20103919736104667 -0.9224977501973806 -0.3295165276662113 -0.333931 -0.26811153308864766 0.27172186697101464 -0.9242745440801889 8.27707
0.9429458069180929 0.2739985176205447 -0.1891507799543269 17.1377 0.20425570183205066 -0.9247032482480066 -0.32125303259063803 -0.327617 -0.2629311953433494 0.2642890747294128 -0.9279108100965243 8.31662
0.9434688495679684 0.27387845678559364 -0.18670061811262348 17.1521 0.20732918816580254 -0.9270918155945074 -0.3122745157584738 -0.321053 -0.2586138774880482 0.25591279054869803 -0.931465246804289 8.33597
0.9437866569397345 0.2738255215447047 -0.1851656823855057 17.1975 0.21028400898179728 -0.9295570583384242 -0.30282719636743105 -0.316126 -0.2550438820067302 0.246866885272176 -0.9348846769559073 8.35622
0.9440976080910561 0.2741874999226569 -0.18303256891304653 17.2566 0.21378853235516276 -0.9318449914677986 -0.29318829326868306 -0.312677 -0.25094654775503816 0.2376681021141474 -0.9383707707549755 8.37141
0.9442752201446551 0.2750499732827679 -0.1808087962957326 17.3447 0.21799169962254658 -0.9341461028076583 -0.28257862181158916 -0.309314 -0.24662507479256135 0.22741717350809804 -0.94204962803302 8.39059
0.9446400960569198 0.2761666803539135 -0.1771639172740121 17.4396 0.2228483408545304 -0.9363297478557645 -0.2713396768973233 -0.306962 -0.24081882380735248 0.21683765342453815 -0.9460379094715937 8.40652
0.944575847651841 0.2786297899649657 -0.17361425107658968 17.5516 0.2290007962236613 -0.9381456601303925 -0.2596947356174927 -0.299391 -0.23523414582440016 0.20554357329430023 -0.9499561758921701 8.42656
0.9444320682615024 0.28341280525179363 -0.16650900954185444 17.6624 0.23823359523053164 -0.9391876925277398 -0.24732818745131843 -0.275638 -0.22647918788011334 0.1939166316325864 -0.9545174264692269 8.46513
0.9445261670811533 0.28898192607995205 -0.15607615480305204 17.769 0.24895808000096215 -0.9399062096846611 -0.23365827911385506 -0.253677 -0.21421996662594195 0.18183993894448702 -0.9597103951210726 8.51488
0.9446161519700781 0.29594848563628795 -0.1418267227529076 17.8615 0.26183469515283175 -0.9401802270323222 -0.21795351135431268 -0.224701 -0.19784569202149924 0.16874725048734485 -0.9655990097351462 8.57073
0.9443334466257414 0.30438172241453765 -0.1248443376525665 17.9532 0.27641555394970985 -0.9398615657031499 -0.20063568687723335 -0.190899 -0.17840623060482994 0.15495807295518196 -0.9716785541049022 8.63689
0.9437180948673425 0.31379113849430607 -0.10455275616836199 18.0366 0.29192540423975866 -0.9388301303943558 -0.18269522331788135 -0.162646 -0.15548541982902206 0.14189118248208465 -0.9775945870116245 8.70055
0.9423262049670019 0.32436545465845795 -0.08251287933832001 18.1194 0.30826504295517704 -0.9371444162817048 -0.1635023129006618 -0.126321 -0.13036098620496522 0.1286366777254253 -0.9830862721142201 8.76161
0.9407412525541575 0.33417497863520895 -0.05773196165896277 18.1781 0.3235415743550354 -0.9354235993915402 -0.1424904886834209 -0.104396 -0.10162059538646404 0.11536799103535006 -0.9881110672580121 8.80548
0.9382507644649658 0.344547216108788 -0.03118844100931844 18.2365 0.33865550435143954 -0.9331342414600123 -0.12071841942023512 -0.0810015 -0.07069619758784576 0.10270201208609211 -0.9921967266424985 8.85837
0.9347159912531803 0.3553724957639105 -0.004050302471927943 18.2874 0.35329360002109467 -0.9303649683745211 -0.09800335609361091 -0.0564303 -0.038595956779428245 0.09017435819569616 -0.9951778420183374 8.89393
0.9298436919869083 0.3671846761184964 0.02379332040533487 18.3488 0.3679107320613501 -0.926786248809058 -0.07555754265800643 -0.0283101 -0.005692249664017246 0.079010522351076 -0.9968575302677775 8.94783
0.9241840655717871 0.3784256708495988 0.05174770125555688 18.4067 0.38094946060039686 -0.9230576902298232 -0.05331049592576483 -0.00647836 0.027592053411624885 0.06898196974293638 -0.9972362641013989 8.99218
0.9178654473309602 0.38874068361140884 0.08002313103891218 18.452 0.39210749054831956 -0.9193897415002865 -0.031212482758282253 0.00561179 0.06143888387524505 0.06002652854672781 -0.996304210278564 9.01804
0.9107189352945796 0.3985785641159352 0.10828734516639972 18.5023 0.4019424276231094 -0.9156070205497714 -0.010298970648191366 0.0152618 0.09504370453822365 0.05290474598039524 -0.9940662865626221 9.05886
0.9024658979726878 0.40901818516232913 0.1351274479995248 18.5646 0.4115496599841546 -0.9113331984987727 0.009933714356825885 0.036779 0.12720919920853346 0.04664681683149393 -0.9907784283664094 9.10552
0.8939374656706813 0.41823205491032556 0.16111410774902968 18.6297 0.4194048006451472 -0.9073571961810203 0.02832899105725189 0.0521713 0.15803613721577703 0.042247683770875406 -0.9865291240251917 9.14997
0.8857846225769067 0.42561945742701895 0.18502345760961658 18.6956 0.42484046488592125 -0.90410520908859 0.04587319799612662 0.0617474 0.18680519746998986 0.03797167837227531 -0.9816628595601399 9.18772
0.8773356774589183 0.4327572458828505 0.20737231057590927 18.7613 0.4300597031951641 -0.900781663266286 0.060341087253305774 0.0737471 0.2129102175692577 0.03624308567318422 -0.9763993435042333 9.21553
0.8689435455759231 0.4383865271509063 0.22968318922923153 18.8102 0.4338328811103398 -0.8980490593758244 0.07277993007483771 0.0838497 0.23817251283354485 0.036402469239931665 -0.9705404238689856 9.23833
0.8615744627750239 0.44190287972152203 0.24982251697506072 18.8555 0.4355490971827934 -0.8962991200937476 0.08333589420188162 0.0892001 0.26074207377633185 0.037009893447558395 -0.9646988331856827 9.25665
0.8551976377175824 0.4433898983575456 0.26840715056933845 18.8936 0.4356756935421924 -0.8954794876437105 0.09112177163492237 0.0905356 0.2807555707351072 0.039011347629153606 -0.9589861439339783 9.26071
0.8501541695828908 0.44352911219389046 0.2837601356380496 18.9424 0.43488741320570046 -0.8953034207327392 0.09646099035107361 0.0978123 0.29683467751608705 0.04139699820946984 -0.9540311644611855 9.28027
0.8464124601403971 0.44181799854676596 0.2972924544606043 18.9861 0.43329629926583246 -0.8959246079863477 0.09784382375522324 0.107277 0.3095807881016113 0.04599948874323395 -0.9497598552653961 9.29219
0.8457257131984788 0.436781595508756 0.30654503072101824 19.0483 0.4293905516924081 -0.8981057845037996 0.09502501753803601 0.106937 0.3168150440749523 0.05126243913081076 -0.9471010453917501 9.30468
0.846137754184957 0.430035654309908 0.31483366555228276 19.0972 0.42476329721489414 -0.9009193699505705 0.0889967987457895 0.106932 0.32191154418872403 0.05842623443382595 -0.9449652548363431 9.32337
0.8476603062398868 0.42152067195752285 0.3221681677909533 19.1365 0.4190978068983342 -0.904360054011014 0.08056004569389424 0.109517 0.32531374621787507 0.06673241957005743 -0.9432485095138067 9.35566
0.8500065762888159 0.4119548319814403 0.3283017463750527 19.1686 0.41263067665710057 -0.9081143097240169 0.07116407208680875 0.116916 0.3274518971502065 0.074977442485167 -0.9418883363600564 9.39968
0.8532062242014691 0.4020495142349131 0.33225792253510356 19.1998 0.4062587718135613 -0.9117814384943219 0.0600701152134874 0.134585 0.3270977672018096 0.08373049934578974 -0.9412737402960392 9.44787
0.8568955517223551 0.3915157918601275 0.33532879113278974 19.2233 0.3995833533450265 -0.9154522566468644 0.04775258662845169 0.154075 0.3256733903283849 0.0930728237688174 -0.940890159533893 9.49619
0.8611682566659122 0.38026239706657344 0.3373273530091765 19.2462 0.3927504086632356 -0.9190399567665153 0.033356773846756 0.173728 0.32270164270709156 0.10375966096603162 -0.9407962492220934 9.54642
0.8658120850311457 0.36890092357546306 0.3380555309400971 19.2676 0.3859600587087781 -0.922339973277847 0.017994631847786872 0.194752 0.3184403656817665 0.11489596284896675 -0.9409541174921721 9.5936
0.8707190894481466 0.3570870921613833 0.33813765818423375 19.2815 0.37876386077761487 -0.9254911375515379 0.002022889615233052 0.213787 0.31366575369240673 0.12631295628433203 -0.9410944862421023 9.63953
0.8758044364801845 0.3453328671128611 0.3372118027786659 19.2873 0.3717538400115918 -0.9282109276949899 -0.014951794014181223 0.231777 0.3078403343914873 0.13845463011115836 -0.9413100678960786 9.67163
0.8806657433906416 0.3337493295633314 0.3362130774289359 19.2949 0.3646599581543392 -0.9306116308563358 -0.03138642116882349 0.249443 0.3024086032788823 0.15024439267719106 -0.9412628002486753 9.71308
0.8853058636249159 0.32293387727058215 0.33458517412212185 19.3039 0.35824862041868893 -0.9323917176742665 -0.04799594545935204 0.26674 0.29646492844761274 0.16235576898718296 -0.9411424708709796 9.75145
0.8893066863840584 0.3125725000515542 0.33381439418354575 19.3053 0.35226607170858565 -0.9336966086617158 -0.0641814435535125 0.280047 0.29162001350320266 0.17466847221273868 -0.9404513238542758 9.79021
0.8927216479081101 0.30339432723725107 0.33316653727000217 19.3042 0.3472469998512235 -0.934393054786002 -0.0795558939488942 0.293729 0.2871716915898089 0.1867123492646888 -0.9395056775674686 9.82385
0.8953583053371654 0.2954687843165094 0.33321419921468454 19.3041 0.3433604235874525 -0.9344890611642611 -0.09398837203709454 0.308548 0.2836143941650434 0.19856583809623984 -0.9381548290999377 9.85626
0.896980947667782 0.2894237084990376 0.3341543004057732 19.3051 0.3413389929095108 -0.933773829218648 -0.1074901287833635 0.324908 0.28091434894025713 0.21047648995792212 -0.936368931423114 9.886
0.8976373234984303 0.28496945396271034 0.33621369063553763 19.3039 0.34083212992321865 -0.932484442300409 -0.11960862878445394 0.336435 0.2794292301721072 0.22195759769805096 -0.934159584947633 9.90815
0.897226117484087 0.28212190003599535 0.3396947565455071 19.304 0.3417135349909546 -0.9308421068657529 -0.12947907973766276 0.345426 0.27967329888356723 0.23225030808549257 -0.9315807212935316 9.92676
0.8955927901886891 0.28139463911545465 0.3445730854827777 19.3083 0.3448098363299616 -0.9284775594303196 -0.1379695560782235 0.351332 0.2811044840128732 0.24237672889821746 -0.9285654475353129 9.94006
0.8927098799212413 0.2829835531270093 0.35069841595110784 19.3198 0.3501032595360296 -0.9255168884033721 -0.14438212126987007 0.354235 0.28371954101409835 0.251672004680205 -0.9252915346565084 9.94613
0.8876983469448713 0.28719335070432334 0.3598772348212181 19.3324 0.35817066113752044 -0.9218839384939629 -0.14779641892539364 0.357228 0.2893188938380176 0.260096103888702 -0.9212190805721857 9.95284
0.8810236611237904 0.2938825319719996 0.37071601791905207 19.3492 0.3685728541083873 -0.9176682968784761 -0.14845520576441343 0.362845 0.2965659450348772 0.26742840968357023 -0.9168046061946277 9.95856
0.8730223886445174 0.3019342463290552 0.38297208751960904 19.3596 0.38033950996609 -0.9130632556250835 -0.14716435840949454 0.358551 0.30524378140131897 0.2741371957998934 -0.9119621877001234 9.9538
0.8630057952836204 0.3116596061464713 0.39760443559335695 19.3727 0.39393644217621854 -0.9078812247826437 -0.14340767487379957 0.355535 0.31628322249595914 0.2803925312553687 -0.9062808348319952 9.95282
0.8511682139033041 0.3229626738473449 0.41377262227222433 19.3855 0.40909400491057524 -0.9020822185120696 -0.13744004580386793 0.353094 0.3288689203723659 0.28625649747336146 -0.8999458044056865 9.95096
0.8389547647415373 0.3337281555284322 0.4298609320757839 19.3894 0.4239235287577689 -0.8960730488916494 -0.1316887725494616 0.331194 0.341238544837819 0.2927090863940054 -0.8932399712615607 9.9284
0.8252518366070003 0.34594460655543413 0.4464098289374674 19.389 0.4397486536834875 -0.8895810724475488 -0.12355823374680164 0.31213 0.3543734298170974 0.2982747805937923 -0.8862570888299806 9.90066
0.8096637066795391 0.35890255038777497 0.46436369519063386 19.3786 0.45641357431618956 -0.882466588364802 -0.11375134988081316 0.293497 0.36895979627307557 0.3040422334889311 -0.8783091648099735 9.87906
0.7929539330045807 0.37112200118719463 0.48321063768027567 19.352 0.47205288964422687 -0.8756347001893978 -0.10212708359078189 0.265454 0.38521439421587306 0.3090830504234018 -0.8695271924614334 9.85023
0.7748838987008609 0.3851896646381605 0.5011824675605644 19.3565 0.48869854348068276 -0.8679516571578433 -0.08850793431559521 0.256224 0.40090981172080825 0.31351051512333034 -0.860803392054824 9.86777
0.7548913003237065 0.40021573078262895 0.5195829996542513 19.3438 0.5052138367482881 -0.8600211905762438 -0.07157185842141088 0.256028 0.4182082063442294 0.3165294940348318 -0.8514170397357548 9.89904
0.7341736192838952 0.41550128356125754 0.5369802418213667 19.3229 0.5210211946084802 -0.8518849616368922 -0.05318765745605636 0.259526 0.4353458527611563 0.318827062050664 -0.8419164406209227 9.93364
0.7135992716414284 0.43004734624603524 0.5530238326686883 19.2992 0.5357549886629677 -0.8436361098404729 -0.03528039534892935 0.265088 0.45137863444736276 0.3214613416259816 -0.8324181246251537 9.95904
0.6935398908646255 0.44401457643006903 0.5673213160961866 19.2802 0.5492348818098577 -0.8354839860499503 -0.017537207799350307 0.272715 0.46620109865035136 0.3237554091775337 -0.823309765911648 9.98757
0.6734405060236355 0.45681271363139964 0.5812056688568575 19.2414 0.5610474413130825 -0.8277834766482857 0.0005332767768752578 0.272408 0.4813560568255827 0.32572482320632906 -0.8137565275342082 10.0246
0.6539878933294546 0.4695873062836032 0.5931168494957896 19.2082 0.5719197633232128 -0.8200968850834945 0.018678420614962332 0.283748 0.4951844299842453 0.326999787237941 -0.8048996952711059 10.0734
0.6360091660545462 0.48076108115908534 0.6036233291857994 19.165 0.5812231222265748 -0.8129867420371806 0.03510326852249915 0.290729 0.5076140491394942 0.3285138354993864 -0.7964964764527771 10.1215
0.6203749485783332 0.49036502413490407 0.6121087046281938 19.1218 0.5884917694863471 -0.8069545174817283 0.050018436227646595 0.297184 0.5184711760775699 0.32919074990194663 -0.789190148035146 10.1695
0.6075843599024794 0.5004912085243322 0.6167250568865738 19.1206 0.595529744342198 -0.8008429394618443 0.06320529976061048 0.3244 0.5255336042591475 0.32887556385959393 -0.7846370462133582 10.2337
0.5971610189671426 0.5077109497692461 0.6209897816474395 19.0846 0.6002859388445733 -0.7963689460067813 0.07384641806843523 0.340713 0.5320296129461344 0.3286732318282993 -0.7803322354151006 10.2861
0.5934710736503752 0.5071616631878043 0.6249633046290404 19.0705 0.5991812317892776 -0.7968388097937977 0.07765154652605022 0.36647 0.5373769033106601 0.3283823360032989 -0.7767825340397798 10.3463
0.5919832418251921 0.506776722401416 0.6266842865671791 19.0478 0.5979167655978715 -0.7975424440068363 0.080134832779399 0.393768 0.540417785435598 0.3272665635833891 -0.7751420602348987 10.4067
0.5919387831530468 0.5065954531745764 0.6268728131145388 19.0226 0.5959731180101362 -0.7987324471630245 0.08271952888068401 0.426575 0.5426089932986425 0.3246344477590317 -0.7747179846367463 10.4785
0.5931095790869754 0.505490853242128 0.6266578208909679 18.9826 0.5936837368449525 -0.8003350894627375 0.08368611103692904 0.449964 0.5438388068178697 0.3224015227371259 -0.7747881067335112 10.5559
0.595717974535724 0.5051979469663554 0.6244158303534868 18.9581 0.5916931486582429 -0.8017561634784036 0.08417999854648336 0.482568 0.5431568030007075 0.3193150305033745 -0.7765427217150902 10.6435
0.5978950911501156 0.5048365268711086 0.6226247193256232 18.9005 0.5890050558146587 -0.8035486120599243 0.08592247832400836 0.511685 0.5436860345855551 0.3153564795485982 -0.7777890373381132 10.7335
0.6020586102862572 0.5038917456834459 0.6193694684211274 18.8584 0.5857869464672779 -0.8058675897228246 0.08620371907793621 0.537839 0.5425671231550276 0.31091885833190414 -0.7803527281972314 10.8237
0.6060082261119275 0.5026480153051316 0.6165216967751317 18.8027 0.5823900922544969 -0.80829019158085 0.08653754467276938 0.560226 0.5418263654792685 0.3066136639225412 -0.7825677291886761 10.9189
0.6093116217663234 0.5013013886635539 0.6143584176232029 18.7337 0.5785498429520496 -0.8108993491301207 0.08787675916023374 0.580204 0.5422355823815439 0.301892635392683 -0.7841182371906733 11.0207
0.6130498677565244 0.5008737954934309 0.6109789690584391 18.6769 0.5756851236274078 -0.8128436052728993 0.08872379501042313 0.606687 0.5410697719128326 0.29733939253815667 -0.786659257599652 11.1182
0.6167682573403126 0.5001699136689118 0.6078050462095778 18.6227 0.5724117027997381 -0.8150293562342188 0.08984425955139773 0.625464 0.5403163510715717 0.29250163407555163 -0.7889873476981959 11.2177
0.6201308535601339 0.49975492305679914 0.6047170754520432 18.5703 0.5691898615014869 -0.8170912257794022 0.09156871910336975 0.645259 0.5398709346007595 0.2874142404871518 -0.7911589147184627 11.3176
0.6218826755445759 0.4989413092497356 0.6035888565751357 18.5066 0.5661081598279912 -0.8189852035414222 0.09372719859454305 0.648 0.5410947137365931 0.28340925585515914 -0.7917674560512951 11.4111
0.6227559901373791 0.49853748063138414 0.6030218546236317 18.4437 0.5628522536735273 -0.820808598195659 0.09731693410043346 0.648771 0.5434816623241703 0.2788075062364518 -0.791766415796709 11.4935
0.622506413573487 0.498075626272631 0.6036608613890756 18.3844 0.559404021035289 -0.8226123709204034 0.10186279231526346 0.645547 0.5473142664954244 0.27428007168191954 -0.790706984899423 11.565
0.6215615579520144 0.49582415736956065 0.6064813555625845 18.3407 0.555192807478181 -0.8250060574956131 0.10547962656381009 0.633875 0.5526501390579399 0.2711520054587657 -0.7880700563623322 11.6314
0.6177899182570588 0.4940839635106561 0.6117325019169223 18.2992 0.5509430682294697 -0.8270483830964266 0.11159170035215088 0.623028 0.5610680462028065 0.26808955410307767 -0.7831542878073121 11.7001
0.6113402091262257 0.49346182030434255 0.6186748585544977 18.2684 0.5475731944098511 -0.8281827485643423 0.11948611527789832 0.607372 0.5713376807714456 0.2657231018980783 -0.7765078799654059 11.7623
0.6014140763147133 0.49350726618512836 0.6282926762528753 18.2362 0.5443129594548562 -0.8287574976557934 0.1299400332799828 0.589399 0.5848286167588035 0.26384008092363054 -0.7670488255112551 11.8201
0.58793705124258 0.49488557189494536 0.6398580268359482 18.2145 0.5414826436276418 -0.8284285731079005 0.1431874502476695 0.570568 0.6009380753673381 0.2622868086439373 -0.7550358002010092 11.8732
0.5712459579645567 0.49393781353340893 0.6555177281134289 18.1924 0.5368430744913613 -0.8289803544584587 0.15681544978920597 0.55221 0.6208683990024123 0.26232996070552755 -0.7387187711412361 11.9214
0.5514196719198777 0.4924396736605301 0.6733791749266421 18.1765 0.5314372272195982 -0.8295616937364584 0.17146973438552876 0.532329 0.6430480689224717 0.2633069769113786 -0.7191374117405317 11.9605
0.527949849142389 0.49140227846019935 0.6926707424993878 18.1642 0.5260938078851302 -0.8295018318790036 0.18748870956487215 0.517321 0.6667040288579725 0.26542515260144794 -0.6964590628824107 11.9924
0.5003561973277297 0.4902134123250175 0.7136767378669394 18.1481 0.5198688155037621 -0.8292532681239431 0.20512296793015414 0.502833 0.6923727973154702 0.26838373214936495 -0.6697686778695526 12.024
0.4698528384551503 0.48861093408322886 0.73518546319276 18.1324 0.5129803217408088 -0.8289122465287759 0.22305980601917946 0.487086 0.7183936940858645 0.2723303924444208 -0.6401145660338725 12.0482
0.4367139998587374 0.4874228007516659 0.756108388813922 18.1349 0.5060156583033469 -0.8280207207070426 0.24151571301184654 0.477914 0.743793678300114 0.2771293910562213 -0.6082518103003022 12.0732
0.40146062886856304 0.48589689328714614 0.7763591775475817 18.1303 0.4980503027521713 -0.827198478256918 0.26017027789105657 0.46749 0.7686190600010699 0.28221780004694746 -0.5740887160881434 12.0881
0.3644241995964842 0.48486330558173246 0.7950487894769839 18.1371 0.49007877031742125 -0.8258234584089706 0.2789953663156641 0.464436 0.7918445564835476 0.2879638700285208 -0.5385712654102249 12.1005
0.32649718519278353 0.48423919755315564 0.8117339389321264 18.1499 0.4820606566166861 -0.8240196528197826 0.29767286592676584 0.457935 0.8130295882706106 0.2941156427663119 -0.5024727627212052 12.1193
0.2871357884931947 0.48319882497487 0.8270864129637822 18.1446 0.47322252214966576 -0.8222770654066348 0.31610262927815297 0.444823 0.8328346075282295 0.30063154067588654 -0.4647657401897672 12.1479
0.24859007973861777 0.4820949644824556 0.8401115506146831 18.1384 0.46459036099143813 -0.8204017919231202 0.3333117103901067 0.431953 0.8499169187217023 0.30744974390946084 -0.427920420452932 12.176
0.21056198080687114 0.4793791779310109 0.8519737413822536 18.0969 0.4544442877294961 -0.8196198647646579 0.34886052604614787 0.396756 0.8655310748833446 0.31371783667708814 -0.39043191130071575 12.2108
0.17531825471501308 0.47717447335856183 0.8611434442290442 18.0799 0.44504025228369587 -0.8186330251271663 0.36301397220824566 0.363011 0.8781814638279188 0.3196005196274308 -0.3558831612242003 12.2511
0.14324323549496346 0.47593870146225575 0.8677348258168254 18.0388 0.43635002237172543 -0.8173290107462252 0.3762604764904115 0.332699 0.8883017693673301 0.3247393426165338 -0.3247527149938123 12.2802
0.11489791057236282 0.47476227490321843 0.8725819459940864 18.0054 0.4278371012655148 -0.816405952728521 0.38786174744380014 0.295504 0.8965232205173648 0.32875842601849364 -0.2969242536321606 12.3163
0.0915322074136682 0.4734814683336578 0.8760349046416953 17.973 0.4172574713694166 -0.8170103680997246 0.3979827395804403 0.256153 0.9041670518175176 0.329103870475805 -0.272346442689202 12.3518
0.07365473348526404 0.4726650230197962 0.8781587306682719 17.9229 0.40839273519958086 -0.8176284672273341 0.40583132384734105 0.207563 0.9098298489670582 0.32874224795905976 -0.25325516842782164 12.3896
0.061134006932744206 0.4716326114173901 0.879673412718584 17.8765 0.4020879680927052 -0.8182840756121968 0.41077541006561236 0.147696 0.9135578247223471 0.32859374833843913 -0.23966278276250494 12.4391
0.05603751277349096 0.4708284668406345 0.880443270162626 17.8398 0.39905035876254635 -0.818895004947045 0.4125164021517965 0.0802666 0.9152150612471609 0.32822480967360956 -0.23377310790824274 12.4829
0.05712575290200205 0.470673789906403 0.880456036296261 17.8037 0.3998164648305314 -0.818875306355167 0.41181309728097326 0.0127331 0.9148133376846865 0.3284956866335921 -0.23496199917716276 12.5456
0.0665455307907622 0.454444227287968 0.888286066881845 17.7778 0.3977211647082461 -0.8285583179833689 0.39409261455105565 -0.0525068 0.9150899231632331 0.3270650668983351 -0.23587894043321395 12.6075
0.08338094363102465 0.4363273925354286 0.8959163045521795 17.7561 0.3964146086761119 -0.839373747587169 0.3718967193854183 -0.122537 0.9142773519383299 0.324145211879962 -0.2429543276995279 12.6754
0.10676572811391169 0.4157874743984056 0.903173214524048 17.7265 0.3960688756886678 -0.8509696661631944 0.34493488223259855 -0.196427 0.9119926123664716 0.3208915757752098 -0.25553487352117293 12.7326
0.13625985125410878 0.39325125585539006 0.9092781217561361 17.6996 0.3956233669357048 -0.8630742284416181 0.31398252775331636 -0.276432 0.9082485367291624 0.3169484594820804 -0.27318175188191335 12.7884
0.17096859230508332 0.3686685741937604 0.9137030277104035 17.6611 0.394855680614438 -0.8752677438113011 0.2792765083747357 -0.36353 0.902695259725965 0.3130333193853566 -0.2952141748338961 12.8403
0.20950976342757885 0.34200967027539725 0.9160431455268003 17.6016 0.3932067232111242 -0.8872174651593377 0.24131647755138996 -0.465501 0.895262046470245 0.3096361654496357 -0.32036122298985487 12.8892
0.2513533239759115 0.3134473472952258 0.9157359155345205 17.5475 0.3897145032664207 -0.8988043719511528 0.2006821040982493 -0.573331 0.8859707176143393 0.3064334535181818 -0.34807244374533997 12.9397
0.2969763360736881 0.2844302146085988 0.9115396364557904 17.5019 0.3857854435981259 -0.908968854568214 0.1579405360657819 -0.675947 0.8734841998113334 0.30475412128904134 -0.3796712765502537 12.9803
0.3439012153184446 0.2550013210060993 0.9037180314609425 17.464 0.38002306697992594 -0.9178774967947851 0.11438255741549873 -0.77925 0.8586701477666889 0.30409739749442677 -0.41256557075384886 13.0272
0.3912517270282482 0.2256614938673252 0.8921877472163469 17.4071 0.3719700794167858 -0.9255274057168118 0.0709738070401887 -0.882603 0.8417602664156125 0.30409852260850434 -0.44605351969381635 13.0669
0.43786818007435685 0.19575662127654936 0.8774684051889055 17.3339 0.3615635165537341 -0.9319422889159752 0.02748442517775329 -0.994983 0.8231301721937236 0.30522600701192465 -0.478846326359395 13.1067
0.48456093912374276 0.16748948064276736 0.8585732176987196 17.2692 0.34985589932342975 -0.936687818953332 -0.01472343482495922 -1.09956 0.8017490542458477 0.3075113066189058 -0.5124795120952862 13.1402
0.5313833766388282 0.14163257748355168 0.835207710708709 17.2299 0.3377699292089275 -0.9395870849165583 -0.055566039810299145 -1.18814 0.7768804167657419 0.3116349191816754 -0.5471201834994913 13.1609
0.5735997901244744 0.11576122276618903 0.8109146811304104 17.1682 0.32309533801975443 -0.9416751388099164 -0.09411341826341552 -1.29232 0.7527235105395997 0.31598618996880345 -0.5775465733860253 13.2022
0.6118635886485504 0.09095266228881659 0.7857165914683831 17.0878 0.30710554489243364 -0.9427514503061556 -0.13002264126667104 -1.4029 0.7289095507553999 0.32085404184491195 -0.6047673524995745 13.2574
0.6460604467489965 0.0678214808641981 0.7602671542818841 16.9953 0.2905017010858606 -0.94293289896206 -0.1627461511717772 -1.51897 0.705843226795234 0.32600275273131185 -0.6288939055189666 13.3247
0.6752802016456121 0.04630751492374931 0.7361061494968294 16.8862 0.27352161187282314 -0.9425850127905864 -0.1916231236074165 -1.63991 0.6849690336825122 0.3307402420694483 -0.6491751036291276 13.4164
0.6972569068181985 0.027229214094544846 0.7163039688526872 16.7482 0.2566970153370096 -0.942492378761422 -0.21404382330192953 -1.75889 0.6692827864299135 0.33311662503758355 -0.6641489787029572 13.5491
0.7156397161596675 0.012768960941347232 0.6983528837854033 16.6073 0.24294790718606146 -0.9419519449212046 -0.23173874914021794 -1.85629 0.6548557940866245 0.3355048242509165 -0.6772004148370985 13.6904
0.7192112729633927 0.005146134767509344 0.6947723815317723 16.384 0.23276106732248059 -0.9439738378002428 -0.23395657521766758 -1.92469 0.6546429793263469 0.3299801673519715 -0.6801144453495228 13.9313
0.7213358463988206 0.00013997490164686932 0.6925854294649318 16.1737 0.22557434401345233 -0.945520995692607 -0.23474723007388562 -1.98994 0.6548212061494327 0.32556109581995213 -0.6820697624623995 14.1571
0.7248165223553167 -0.0032996830651138426 0.6889340469249678 15.9989 0.22036574270928083 -0.9463431734101455 -0.23637583967106612 -2.07021 0.6527479975924331 0.32314657700753124 -0.6851980307964873 14.3395
0.7272005347305156 -0.005308120305585279 0.6864045499167918 15.8451 0.21736199983621537 -0.9467307064088696 -0.23760204243601024 -2.16267 0.6511014846510897 0.32198259797912054 -0.6873092923013354 14.5031
0.7279664664967538 -0.006034350318094531 0.6855861800477524 15.7044 0.21614174277413933 -0.9469509075184788 -0.2378376037982375 -2.25447 0.6506516507984811 0.3213215918144439 -0.6880442310978585 14.6538
0.7278251027493734 -0.0070457124936470494 0.6857266056843067 15.5816 0.21490243420688798 -0.9472352116301357 -0.23782850464140287 -2.37393 0.6512200577222863 0.3204618725893433 -0.6879074244669217 14.7875
0.7262899649718048 -0.006702486463883092 0.6873557764771141 15.4667 0.2147575440158771 -0.9476846377581655 -0.23616313142707837 -2.50501 0.6529793902333547 0.3191377508731556 -0.6868544328299121 14.9109
0.7220040181068073 -0.0020254822253518295 0.6918858975722655 15.3758 0.2179070788972809 -0.9484401070350257 -0.23016921673812668 -2.59041 0.6566785384067906 0.31694993419961975 -0.6843362012978544 15.0753
0.7158480147670071 0.0014667626313704246 0.6982545870680109 15.2614 0.22051956518476118 -0.949293681706321 -0.22408174232449693 -2.71698 0.662519993000105 0.3143872683170258 -0.679873447338032 15.2198
0.7077171509612096 0.0053264976212200055 0.7064758047225961 15.1613 0.22377473611368018 -0.9501758314421075 -0.21700404793586797 -2.84275 0.6701203636008992 0.311668923324721 -0.6736476679400055 15.3791
0.698731132982844 0.016955547037058732 0.7151834122972832 15.1011 0.2317576145583419 -0.9511692928948711 -0.20387590428517616 -2.90277 0.6768036730801176 0.3082036431947964 -0.6685411748177642 15.565
0.6871518645380374 0.028240840784498678 0.7259647167553553 15.0299 0.23947819605362713 -0.9522024503136692 -0.1896330330705734 -2.96116 0.6859099858412905 0.3041594130196027 -0.6610707547568351 15.7606
0.673909923865507 0.03931252977558704 0.7377668598671467 14.9566 0.24674094217884657 -0.9532244573539151 -0.17459106894405818 -3.03157 0.6963937980541481 0.2996959440916366 -0.6520874321183784 15.9664
0.6599499847658297 0.05488053355634617 0.7493024387015914 14.8844 0.2563924460305287 -0.9539087512732887 -0.1559519408751219 -3.06892 0.7062074279034904 0.29503596608007954 -0.6436030201087706 16.1703
0.6454369545702955 0.07422175398511957 0.7601988351151262 14.8216 0.2682382924570086 -0.9539016003410535 -0.13461038342760046 -3.07754 0.7151638666311174 0.2907969533921386 -0.6355924604359934 16.3704
0.6297844367076725 0.09301129835031752 0.771181211946964 14.7549 0.279335403344495 -0.9535072886721393 -0.1131175622415655 -3.08626 0.7248056951481329 0.28665789510895107 -0.6264853992333242 16.5714
0.6148864012637938 0.11077693660283999 0.780796506048632 14.6957 0.28931861738509834 -0.9527365349970986 -0.09267055905786772 -3.09616 0.7336275970649117 0.2828808321513019 -0.6178745694929926 16.7565
0.6000383234219853 0.12772358155299565 0.7897092484833947 14.6434 0.2983500355333051 -0.9516781544260007 -0.07277325529063858 -3.10919 0.7422541793228303 0.2792765244405554 -0.6091496993138839 16.9437
0.5867603374436884 0.1447897697719151 0.7967108816706129 14.5994 0.307189582435609 -0.9501396236960057 -0.05356543592513499 -3.11478 0.7492308501696961 0.27617135632105183 -0.6019821551356698 17.1146
0.5739894058997016 0.1610128072744179 0.8028767264085556 14.5564 0.3156177303608977 -0.9482229138865576 -0.0354789213804729 -3.1179 0.7555935482762827 0.2737666551537956 -0.5950884037932175 17.283
0.5634434339770575 0.17579697956327872 0.8072341164027751 14.4892 0.3232896714432777 -0.9460967239144096 -0.019615742058835317 -3.12268 0.7602731647547732 0.27202281333529615 -0.5899053347605121 17.4081
0.5554826242540626 0.18918266341914663 0.8097215410333715 14.4523 0.32959825398658177 -0.9441050840230784 -0.005530035331980543 -3.12315 0.7634160367197015 0.2699546446783498 -0.5867882451922236 17.5442
0.5486190136261345 0.199815894096889 0.8118440652946525 14.394 0.33464164580351624 -0.9423276685023553 0.005790860802039999 -3.12745 0.7661802312653342 0.2684998578047584 -0.5838455956646614 17.6614
0.5436975015363353 0.20635697541578918 0.8135169485145312 14.3294 0.3381487711070565 -0.9410069532579134 0.012701280212918137 -3.1379 0.7681461029139799 0.2681841020968747 -0.5814024870608646 17.7323
0.5390271452120499 0.21353429505165433 0.8147716499494446 14.2608 0.34112153033483017 -0.9397929196068582 0.02062449511722704 -3.14173 0.7701206647445391 0.26681898937971044 -0.5794150400531719 17.8209
0.5365466407254863 0.22021207823226935 0.8146314153817179 14.2073 0.3442958139716115 -0.9384751001526713 0.026923574708034775 -3.14415 0.7704401954777681 0.2660284326797768 -0.5793537591127894 17.9244
0.5349546197859166 0.22445840648445917 0.8145194770710906 14.1501 0.3456205041090032 -0.9378472064604967 0.031449713411752137 -3.15372 0.7709539687355815 0.2646904627913521 -0.5792831233500212 18.0085
0.5361748423388674 0.22913593236601726 0.8124120031988982 14.111 0.34770897651214305 -0.9369571195576284 0.034782520942997 -3.15267 0.7691651357775966 0.26383343345570903 -0.5820454563822343 18.0914
0.537406410124799 0.23475296595269743 0.8099909847234031 14.0722 0.35052540041182095 -0.9357558481819869 0.03863853334875868 -3.1375 0.7670243112332941 0.26315781875069233 -0.5851680685131996 18.1798
0.5377659469097812 0.2380640930795182 0.8087850604026096 14.0204 0.35126242461052787 -0.9353452739627294 0.04176035838351347 -3.13315 0.7664349257444883 0.261638502636391 -0.5866198074879739 18.2806
0.5392941171989843 0.24062597087055765 0.807007433235388 13.9761 0.35208970019626 -0.9349554474494567 0.0434874039268095 -3.12627 0.7649801946261585 0.2606865041140168 -0.588937898595885 18.377
0.5412210604638943 0.24187156619904068 0.8053433486251443 13.9337 0.351693738530498 -0.9350578829319067 0.044477745506512595 -3.12187 0.7638005485653826 0.25916192048856923 -0.591137734356298 18.4801
0.5439336499598163 0.24210079456486616 0.8034447023364164 13.8913 0.35077346510075896 -0.9354076359920566 0.04439066015457796 -3.11702 0.762295323757531 0.2576815084533872 -0.5937222242586074 18.5731
0.5474174763913279 0.24196056285211232 0.8011174648986494 13.8541 0.3494841356671302 -0.9359149144871765 0.04386469830581534 -3.11079 0.7603913107462161 0.2559655423387106 -0.5968975587794784 18.6625
0.5513588815884836 0.2415177501982202 0.798544025106122 13.8201 0.34763332002044167 -0.9366322171394552 0.04325696045717638 -3.10192 0.7583893844886425 0.2537504012915421 -0.6003801090470267 18.7472
0.5552304888103187 0.2401969134758602 0.7962565836789827 13.7866 0.3450097824785148 -0.9376466669643221 0.042272661671882344 -3.09592 0.7567610945929913 0.2512452401287787 -0.6034803021002838 18.8359
0.5591574067620295 0.2384326543187729 0.7940358076419896 13.7529 0.3415997890964882 -0.9389337189923481 0.04138907378080309 -3.08768 0.7554155006037386 0.24809945726200716 -0.6064602878621983 18.9192
0.5633462179871839 0.23730378880795755 0.7914088390313346 13.7251 0.33853652941940804 -0.9400640013707199 0.04089855224251389 -3.07086 0.753680341343861 0.24488075699053952 -0.6099175009192158 18.9966
0.567435872099187 0.23550494394014135 0.7890208821284684 13.6964 0.3344831998275627 -0.9415320239075944 0.04047761096686166 -3.05624 0.7524211055573536 0.24094578090562346 -0.6130314923196274 19.0707
0.5710158372233972 0.23315689064805775 0.7871332657075242 13.6709 0.32936926677040973 -0.9433327131287795 0.04048800375689146 -3.04252 0.7519686161982991 0.23613821521393993 -0.6154526330826683 19.1468
0.5748624713686021 0.23043709877939322 0.7851317612465559 13.6461 0.32394971233479053 -0.9452185068461663 0.0402313086253759 -3.0288 0.7513918570827004 0.23121573869795276 -0.6180206786897753 19.2115
0.5788113006405204 0.2280172602764725 0.7829339737594996 13.6257 0.31826082437708636 -0.9471354221946622 0.04055292456724369 -3.01066 0.7507912665432694 0.22570472090798316 -0.6207816468309957 19.2685
0.5819899105834815 0.2239398988577148 0.7817535837325136 13.6025 0.31076156718671133 -0.9496172226881853 0.04067405479709234 -3.00123 0.7514752107279992 0.21926707932011646 -0.6222595564454879 19.3278
0.5858615870600794 0.219764923546541 0.7800446007671791 13.5864 0.3030661005104176 -0.9521035048337774 0.040618404752605766 -2.9889 0.7516096989321348 0.21260831230650423 -0.624404168795601 19.3746
0.5895894775585879 0.21576728231644146 0.7783500034264588 13.5743 0.29502927804076745 -0.95460188701124 0.041145624473610504 -2.97117 0.7518922615979864 0.20537701233671915 -0.6264808933660373 19.4179
0.5930556507797796 0.21101649721281068 0.7770180390326906 13.5612 0.28659212539253415 -0.9571664157406706 0.041199590303154884 -2.95289 0.7524293646191396 0.19825360143562004 -0.6281286180207396 19.4589
0.5954267983836256 0.20486384183329084 0.7768511659744936 13.5422 0.27657571911706563 -0.9601082972433711 0.04120593597181252 -2.94025 0.7543028565248203 0.19032305134622945 -0.6283345739053018 19.5019
0.5985736890057726 0.19855257581233665 0.7760711394378139 13.5322 0.26625957949981 -0.9630280680802686 0.04102165786715173 -2.92328 0.7555232459392662 0.18208189016997708 -0.6293097886713056 19.5359
0.6014523302299148 0.19315411004172164 0.7752074459362447 13.5253 0.2562968498817689 -0.9656953380440632 0.041766479629540054 -2.89249 0.7566815837600961 0.17356267989966404 -0.6303245013041769 19.5681
0.6040417813661183 0.1862223557033544 0.7748901603455424 13.5163 0.2452946651146646 -0.9685576347634675 0.041552802645340524 -2.86425 0.7582638417004542 0.16497679345196228 -0.630728629437397 19.5975
0.6068347275801064 0.17794438312355706 0.7746530900458313 13.5105 0.23337118835957818 -0.9715498203026339 0.04035882943741294 -2.83724 0.7597956974387368 0.1562905729233105 -0.6310972626853067 19.623
0.6087627471360045 0.17006316014469072 0.7749106008185884 13.5023 0.2213944726695086 -0.9743672913583553 0.03991076298909433 -2.7987 0.761834893642195 0.14726473811670848 -0.6308095526675243 19.6547
0.6115903643010222 0.1590170482026348 0.7750295508398786 13.4936 0.207496838199276 -0.9775422029815534 0.03682802638311139 -2.77043 0.7634803785503899 0.13829251523814506 -0.6308509267629404 19.6803
0.615277677257308 0.14721575568464712 0.7744423162166763 13.4894 0.1930925519282422 -0.9806253868239861 0.033001774287856535 -2.73605 0.764296177053563 0.12923378813029443 -0.6317831762138045 19.6982
0.6191174174176536 0.1325968336516778 0.7740230637104065 13.4838 0.1771580990674942 -0.9838165492830598 0.026832914332300006 -2.70774 0.7650546590831838 0.12051172997813084 -0.6325885641969756 19.7166
0.6230857335671304 0.11598044514492904 0.7735067581922576 13.4785 0.15993601410482466 -0.9869416281117515 0.01914925827250854 -2.67948 0.7656269587843499 0.11177995815042166 -0.6334986984505316 19.733
0.6263642557723111 0.10195690450471984 0.7728341404949799 13.4679 0.14416425836185284 -0.9894590205697923 0.013693546802941138 -2.62283 0.7660838633607785 0.10283791244907123 -0.6344603045591911 19.7502
0.6299281570114922 0.08667762540114543 0.7718014681632341 13.4592 0.1279226099170261 -0.9917596439448874 0.006972410940734225 -2.56064 0.7660459012853742 0.09433874017140995 -0.6358253527713015 19.7659
0.6349307038002774 0.06828358883461375 0.7695455495729605 13.45 0.10980268997617029 -0.9939505074481816 -0.0023995869435030695 -2.50432 0.7647263370943108 0.08602174282916972 -0.6385874169719843 19.7776
0.639822930128832 0.04770194056240395 0.7670405093265523 13.4342 0.09057971416891869 -0.9957959532631778 -0.013628457203812103 -2.44567 0.7631657313208141 0.07819810951205937 -0.6414539127687252 19.7953
0.6460871885832004 0.024664183843438867 0.7628650095423127 13.428 0.07007211329285999 -0.9971735874392526 -0.02710600398811095 -2.38625 0.7600402908315641 0.07096840528621129 -0.6459893511226044 19.8173
0.6532013553155407 -0.0016132308618117194 0.7571825320886152 13.4186 0.04761496143989605 -0.997931046730407 -0.043202331171256464 -2.33067 0.7556856521471196 0.06427303834221783 -0.6517730983104795 19.8401
0.6602675536483713 -0.028087196760718587 0.7505050745846558 13.4103 0.025222925373812384 -0.997907426585372 -0.05953630826098848 -2.26323 0.7506067956225697 0.05823982609765445 -0.6581774540512102 19.8663
0.6701113960422581 -0.05437005159316052 0.7402665833225577 13.4129 0.0030366092954567554 -0.9971045084863849 -0.07598274909551377 -2.18382 0.7422543337012475 0.05316480645955664 -0.6680059935777788 19.8727
0.6777327736578599 -0.08162616695004667 0.7307636118329014 13.4009 -0.01961604219492367 -0.9954727082451417 -0.09300160228560783 -2.10537 0.7350465960730866 0.04869554402742113 -0.6762656619947832 19.8942
0.6845808446143707 -0.11303188508237005 0.7201200317598452 13.3874 -0.044600714829038664 -0.9925485971749354 -0.11339337936055206 -2.04863 0.727571194745788 0.045509067237125375 -0.6845210598479737 19.9229
0.6928501886479727 -0.14218756534797578 0.7069238377299807 13.3726 -0.06809392219117737 -0.9888864558617821 -0.13216200351744817 -1.98043 0.7178592019686665 0.043431252267684205 -0.6948322765066187 19.9326
0.6990121402944232 -0.17050909895014055 0.6944844669942022 13.3524 -0.0911931139088537 -0.9844832719770553 -0.14992165678432964 -1.90961 0.7092713470151016 0.04146485707876837 -0.7037150147117943 19.96
0.7023443282855135 -0.19858781040909462 0.6835753989737288 13.3216 -0.11454579319534504 -0.9793124371484392 -0.16681250465008185 -1.84247 0.7025608199909956 0.038859130243815626 -0.7105619341129061 20.0076
0.7026782478261072 -0.23092200072666644 0.6729920576146684 13.2929 -0.14012053538208633 -0.9722564139393318 -0.1873064364032051 -1.80662 0.6975740215893 0.0373161511174971 -0.7155403477579071 20.0784
0.7051194821831259 -0.2577242939439588 0.6605942053612701 13.263 -0.16217090413681728 -0.9655316002338892 -0.20359107741065702 -1.7538 0.690294946886653 0.03642687552992767 -0.7226105237552796 20.1272
0.7041085042544618 -0.2837073889466512 0.6509541701945062 13.2197 -0.18411338192593638 -0.9583076328739629 -0.21851485846801472 -1.70829 0.6858086298905394 0.03400879639998715 -0.7269868808548648 20.2022
0.701879536798466 -0.30774417675184024 0.6423851161872469 13.1719 -0.20496144454860493 -0.950966833664771 -0.23163092953694414 -1.66591 0.6821700096545726 0.030912828161326955 -0.7305398517418118 20.2821
0.6961121366977479 -0.33549572315508724 0.6347208149152985 13.1405 -0.2268719434599473 -0.9415875475721676 -0.24888152106521916 -1.65877 0.6811439013988176 0.029249102578979946 -0.7315650863631491 20.3974
0.6898040056550856 -0.36058811795877255 0.6278109930298681 13.1109 -0.24626810394424256 -0.9323014273462862 -0.2648887871311 -1.65989 0.6808248341254206 0.02811152352733233 -0.7319066111759518 20.518
0.6832478890405961 -0.38020403357328797 0.6233917026847332 13.0766 -0.2622178183923482 -0.9245525971484284 -0.27648564306967693 -1.64793 0.6814793744781468 0.025443819695506353 -0.7313948825362232 20.6431
0.6755683238313505 -0.3956468326088983 0.6221503224159307 13.0296 -0.27499473501212723 -0.9181478609261718 -0.28527600879202136 -1.64057 0.6840945369985861 0.021635372038445122 -0.7290724073269051 20.7771
0.6686129799195524 -0.4064827955770452 0.6226784242150729 12.9845 -0.28428317445397094 -0.913488995088996 -0.29106860458261263 -1.63354 0.6871242680952765 0.017595247971149225 -0.7263268186177378 20.9101
0.6622429664607162 -0.4132445104812772 0.6250305815961326 12.9492 -0.2902448222064854 -0.9105185367741232 -0.2944723032358647 -1.62857 0.690790993394989 0.013600321606452942 -0.7229265762832108 21.0464
0.6523386910289696 -0.41729833346840883 0.6327055658606926 12.9119 -0.29384579053266613 -0.9087391826736398 -0.2963912098222178 -1.63226 0.6986478967068055 0.0074295866731651505 -0.7154270875980465 21.2175
0.6471299593716792 -0.4112595241587273 0.6419411339619433 12.8783 -0.29078717718829133 -0.9115170055475376 -0.2908256628643957 -1.61402 0.7047450838895392 0.0015337491278338 -0.7094589588884891 21.3594
0.6409640782750616 -0.4003246635294897 0.6549085540218585 12.8362 -0.2844515574061336 -0.9163556356457396 -0.2817439626851258 -1.60463 0.7129182013739205 -0.005701998798081587 -0.7012240193828796 21.5095
0.6329886089172043 -0.3865486079627579 0.6707500239754874 12.7943 -0.27572488337323053 -0.9221738425480397 -0.2712401017714782 -1.61124 0.7233956107621066 -0.013250577430343913 -0.6903066076229325 21.6776
0.6234255769774956 -0.3680742933154443 0.6898274165112699 12.762 -0.26366714397296487 -0.9295540155760794 -0.2576993777942148 -1.6131 0.736084361441959 -0.021228441457675454 -0.6765568461806158 21.8644
0.617710460158489 -0.33988307101775983 0.7091637931016528 12.7174 -0.24629697603479217 -0.9400238862097111 -0.23599341717791364 -1.59199 0.7468410721210399 -0.028889295434956747 -0.6643747599076647 22.0242
0.609157087201032 -0.3099563174277181 0.7299689886559575 12.6782 -0.22789255663804817 -0.9500513190253076 -0.21323103396843265 -1.57941 0.7596003065703225 -0.0364633035382218 -0.649367231813672 22.2083
0.5981117641312128 -0.27788010174837163 0.7516947297009356 12.6369 -0.20818263923464525 -0.9596355267096559 -0.189102206750684 -1.57348 0.7739007083141517 -0.0433855382471571 -0.6318191107760658 22.4087
0.5877153007077754 -0.24475937883240753 0.7711572938042817 12.6051 -0.18728848327921585 -0.9684111137761321 -0.1646297018944096 -1.57655 0.7870919573626325 -0.04767348517200418 -0.6149906417715759 22.6066
0.5738285323064751 -0.20880911837814137 0.7919088126755122 12.5692 -0.16527263031362804 -0.9765815115068524 -0.13774436123560993 -1.57329 0.8021257838894166 -0.05183920779810106 -0.5949007676534415 22.8274
0.5592491151612917 -0.17161569455382886 0.8110416022462223 12.5256 -0.14262261119852776 -0.9836681520846522 -0.10979871287624099 -1.57092 0.8166389765166895 -0.05426803808110747 -0.5745918221456006 23.0523
0.5442358239533882 -0.13158832192243766 0.8285480562160614 12.4787 -0.11809244649135155 -0.9898047120481352 -0.07962917862816014 -1.55803 0.8305790401927224 -0.05450821535278029 -0.5542267698799752 23.2811
0.5281126975102872 -0.09095555339731533 0.8442890891362956 12.4262 -0.09321571695106999 -0.9944480768917467 -0.04882471177185286 -1.54166 0.8440425397109471 -0.05291606251881014 -0.5336591435418301 23.5181
0.5096674526519134 -0.054083244805657994 0.8586699542540199 12.3753 -0.07045887106133968 -0.9972937531982216 -0.020993268458392528 -1.5353 0.857481565513843 -0.04980132993300375 -0.5120988111105442 23.7739
0.491713671274328 -0.013939809593948742 0.8706453624699361 12.3225 -0.045815655507290984 -0.9989010322948711 0.00988197301543392 -1.50776 0.8695507985117138 -0.04474828922679594 -0.49181195534362093 24.0333
0.47432047760923896 0.02042627037582733 0.8801152492708424 12.2659 -0.02327873304823671 -0.9990902083918478 0.035733123054152556 -1.49392 0.8800444222357258 -0.03743691993297359 -0.47341344712388517 24.2985
0.45709951874427174 0.055649674173835095 0.8876728810367596 12.2083 -0.0010269828706431956 -0.9980069632605596 0.06309553541748789 -1.46245 0.8894149623600554 -0.02975256371780511 -0.4561313513477004 24.5743
0.44091893748036826 0.08489326395006161 0.8935231526418819 12.1641 0.01985518737903092 -0.996195855514989 0.08485039180170179 -1.43989 0.8973272881760179 -0.019671074974792306 -0.4409271897989615 24.8601
0.42796814224833746 0.10599970750143584 0.8975563108964899 12.1189 0.038714125424671196 -0.9943370569227314 0.09896986269993127 -1.4323 0.90296427709689 -0.007607840682510733 -0.42964826899109 25.1467
0.4058840956995554 0.13835862541856397 0.903390829945954 12.0752 0.057010978209680006 -0.9903821378130994 0.12606732115949154 -1.35285 0.912144642708452 0.0003344742747878604 -0.4098683189821214 25.4953
0.41164591922844607 0.1206454411018236 0.9033229293690679 12.0251 0.07074340656588088 -0.9924380932680368 0.10030952825109823 -1.45707 0.9085939729109049 0.022612133288343356 -0.4170679606708336 25.7196
0.39473303403592225 0.14341619536957942 0.9075338157592308 11.9921 0.0827132650264435 -0.9892787635619186 0.12035798167993025 -1.36282 0.9150652149598191 0.027555813744393975 -0.40236342962479016 26.0577
0.398569762062445 0.1270635559549244 0.9082934534155664 11.9473 0.09496287281360519 -0.9907507424973014 0.09692790634297783 -1.40947 0.9122084178281151 0.047621623125801024 -0.40694960800373203 26.3108
