1.0 0.0 0.0 0.0 0.0 -1.0 0.0 0.0 0.0 0.0 -1.0 0.0
0.9999058918588604 -0.008235028035696763 0.010972316947090494 0.0131037 -0.008479551750409035 -0.9997124868521823 0.022428571821151294 -0.0091711 0.010784462343958369 -0.02251950143932354 -0.9996882351147656 0.0372413
0.999617862989137 -0.01818283774054307 0.020820960706262118 0.0275672 -0.018273116691950406 -0.9998244035899926 0.0041539369612515675 -0.0225559 0.02074177425855831 -0.004532813432821923 -0.9997745907968407 0.0757996
0.999020454068425 -0.029782629614280395 0.03272808161467594 0.0515009 -0.030127399347671016 -0.9994951171391914 0.010092106988166078 -0.0311678 0.0324109882827453 -0.01106823329051331 -0.9994133389395815 0.113896
0.9981526375742835 -0.04441004338535519 0.04146155026059535 0.0608974 -0.042890319325532944 -0.998399932603018 -0.036850984877520206 -0.0452556 0.04303176282299878 0.035004608622298254 -0.9984602870237478 0.145216
0.9968074303506381 -0.06288473174027251 0.049198143376664664 0.0663662 -0.058565871687892436 -0.9946768977930761 -0.08478152906252141 -0.0638562 0.05426772034270657 0.08162952597372967 -0.9951842216484893 0.165007
0.9961836319955029 -0.07575558771470127 0.04335045875476487 -0.0595166 -0.07129729916091922 -0.992776480150235 -0.09649640196850984 -0.0711698 0.050347457498931936 0.09303736556088657 -0.9943888485561787 0.15845
0.9957243102386859 -0.08325859124090652 0.040013809919497295 -0.194086 -0.07919069399459237 -0.9923901494054106 -0.0942901126723377 -0.08825 0.0475597727533348 0.09071823602609869 -0.994740302625748 0.131609
0.994599979393085 -0.09363141936412027 0.04476648633895118 -0.335228 -0.08956634733782547 -0.9923031718076646 -0.0855118976810167 -0.10346 0.05242852673721876 0.08104056100687428 -0.9953309384600962 0.0911887
0.9938363832042199 -0.09713534852225868 0.05342253725736318 -0.395182 -0.09128407835213247 -0.9905050401412969 -0.10279582916679704 -0.0989694 0.06290040110330584 0.09728560799083756 -0.9932668574048449 0.0529136
0.9906671204883111 -0.12238483608685378 0.06000506878083195 -0.451418 -0.1127715147025763 -0.9832050248680848 -0.14349377877049502 -0.1134 0.0765587477371793 0.13538770612630635 -0.9878304141778447 0.0199365
0.9874903996907021 -0.13822214106900785 0.0758772049893578 -0.512685 -0.12552229718280847 -0.9803385159045763 -0.15225159159747378 -0.11224 0.0954298875020213 0.14082270396605986 -0.9854248335713076 -0.011248
0.9853059787881813 -0.1482781720345227 0.08476857827264077 -0.56998 -0.13502075610457187 -0.9801611928296441 -0.14509800650497903 -0.104203 0.1046017379645962 0.13152041578732068 -0.9857793143731086 -0.0435506
0.9824419587394126 -0.16266705275371154 0.0913631635654527 -0.694741 -0.1483191406468692 -0.9780368611952719 -0.1464422434308994 -0.108779 0.11317786985997157 0.1303200985716394 -0.9849910871080192 -0.078726
0.9800249164208384 -0.17297255234116157 0.09814101757630685 -0.820981 -0.15760114798314287 -0.9764663920393767 -0.14722521309883735 -0.109022 0.12129732622248669 0.1288172401279684 -0.984222067064689 -0.109255
0.9767967991054375 -0.18246670978253302 0.11213346101190408 -0.951478 -0.16586347348387567 -0.9757387888464516 -0.1429094962006492 -0.107919 0.13548919300532794 0.12099469311336165 -0.9833630879879355 -0.131604
0.9739381305355779 -0.19024089026851393 0.12350271883123579 -1.07718 -0.17349560045457857 -0.9755929596800157 -0.13460183373822546 -0.1036 0.1460951556752286 0.10966667995626972 -0.983173140802575 -0.149143
0.9711003608789043 -0.19931893554643987 0.1312861418181517 -1.20572 -0.1823153143557239 -0.9744859933223083 -0.13091285257761257 -0.0974638 0.15402991674423275 0.1031940441656799 -0.9826625941779287 -0.163535
0.9681623312522442 -0.20707382858525222 0.1406489596807073 -1.33892 -0.1899259713638242 -0.9736621786435603 -0.12613519445651694 -0.087769 0.16306387014212398 0.09540645362930691 -0.9819917427657686 -0.173225
0.9659166921348883 -0.21534939270423278 0.14363002094657473 -1.45853 -0.19566814162961024 -0.9706945710654116 -0.13952070833876754 -0.080055 0.16946658138526943 0.1066615618020606 -0.9797471046282991 -0.181163
0.9633053674056156 -0.22154127281135652 0.15153294548927837 -1.4998 -0.20251264430533286 -0.9704269366183937 -0.13137804071420045 -0.0518589 0.17615731044720861 0.09586983428881314 -0.9796823856992845 -0.176903
0.9592291154442479 -0.23282959197542027 0.16021824235899335 -1.54007 -0.21324570210571567 -0.968260771464588 -0.13037388149564816 -0.0261134 0.18548793658210277 0.09089257144211654 -0.9784338331431276 -0.165375
0.9551937532419076 -0.2512010657353471 0.1565340804459644 -1.67173 -0.22950423572655498 -0.9625629824294336 -0.1442231279653989 -0.0166737 0.18690291477450993 0.10183579640764717 -0.977085856523782 -0.160593
0.9530223500965171 -0.2609488356797573 0.15379891213493885 -1.80966 -0.237436338782046 -0.9588599253082093 -0.15560086331287792 0.00471934 0.18807547751445186 0.11177364982550438 -0.9757736755838398 -0.160807
0.9517863024396787 -0.26497661621531454 0.1545646380880395 -1.95227 -0.24163725267229832 -0.9580067420534135 -0.15438432660470558 0.0361507 0.1889822018317825 0.10959231286585047 -0.9758459162959718 -0.158614
0.9497696975759518 -0.2720105944156396 0.15475063196037533 -2.09372 -0.24915063539674362 -0.9564541547715852 -0.15205068464683597 0.0266531 0.18937128200412026 0.10585691449226668 -0.9761827857559735 -0.147447
0.9491996683018463 -0.27403820795920303 0.1546707802856557 -2.22147 -0.2518096610067921 -0.9562519953970045 -0.14890942187414433 0.0646365 0.18871111339640137 0.10239717709857052 -0.976679545092931 -0.133542
0.9490692813782621 -0.2744301291365585 0.15477597800124046 -2.33457 -0.25324349723127215 -0.9567068819613685 -0.14345617141772002 0.109007 0.18744393896368935 0.09695383556026776 -0.9774787586008858 -0.116524
0.9490115471218542 -0.2755923452706259 0.15305535814737445 -2.43503 -0.2547847383600679 -0.9564530825244281 -0.1424157225460438 0.161786 0.18563895207681155 0.09615799580771245 -0.9779017431797877 -0.0921906
0.9494645837350199 -0.2741847487500042 0.15277345249022153 -2.52292 -0.2540325632188447 -0.9571501342006884 -0.13903624500132084 0.220166 0.18434874845614926 0.09320055875637599 -0.9784320082612538 -0.0372533
0.9510889794290296 -0.2682460643158168 0.15321162549794104 -2.59381 -0.2495054994526815 -0.9594703931847379 -0.13100981010898452 0.282805 0.18214488450547994 0.08637484344992409 -0.9794705852997763 0.0263525
0.9526793615088954 -0.2636600033447252 0.15127933365553548 -2.63505 -0.2456807427794007 -0.9609180634692159 -0.12758310203915635 0.335802 0.1790056054495649 0.08437936913032298 -0.9802229926311682 0.0938751
0.9538576681431254 -0.26060697822356516 0.1491293124296554 -2.66206 -0.24319576868422468 -0.961846734762138 -0.12532628184663747 0.374822 0.1761004458218338 0.08327581718960177 -0.980843397924845 0.169641
0.9554652409610023 -0.2561663693830364 0.14650926425468172 -2.67693 -0.2393161680147989 -0.9630908732875294 -0.12322232556228212 0.410574 0.17266715102197913 0.08267261328504295 -0.9815046072080229 0.234701
0.957316185008201 -0.2500907878818312 0.14491487065856723 -2.68847 -0.23387507643790273 -0.9648232271518906 -0.12007742905882465 0.44518 0.16984749201124377 0.08106008983992569 -0.982130893156627 0.294075
0.9592468800260976 -0.2436596174875665 0.1430923267195366 -2.6981 -0.2278463274562821 -0.9664808013937263 -0.11832544782093674 0.473213 0.1671271199562851 0.0809002555197035 -0.9826106423359988 0.345247
0.9613485470195475 -0.2364387497235407 0.1410875216756382 -2.70251 -0.22099647339471687 -0.9682557154993532 -0.11679652456273616 0.496115 0.16422402348774373 0.08110232445500258 -0.9830833551014342 0.391762
0.9633551455212168 -0.22910010102702083 0.13949913013063295 -2.70758 -0.21391185031646714 -0.9699707152278991 -0.11575202760410984 0.512566 0.16182887224466394 0.08166979435315184 -0.9834335060380714 0.434209
0.9655064497849946 -0.22083726585448635 0.1379427324417306 -2.71001 -0.20581779113688384 -0.9717880400962478 -0.11518264616437607 0.526318 0.15948771825789604 0.0828185192804648 -0.9837198587957252 0.471104
0.9677092105800753 -0.21173270613131 0.136777720820317 -2.71269 -0.1967382157521113 -0.973654143837732 -0.11528956002296739 0.53536 0.15758476519373302 0.08465736436912039 -0.9838699977318703 0.499475
0.9698995582612119 -0.20191669185514335 0.1361047259832711 -2.71518 -0.18687707741941886 -0.9755612332109261 -0.11557351855487367 0.540358 0.15611471685873424 0.0866598511783414 -0.983930010404127 0.523128
0.9721559495569776 -0.19086793582258188 0.13594940535286684 -2.71839 -0.17576336968616563 -0.9776129987626365 -0.11567222020385756 0.544442 0.1549840237493388 0.08855651147799465 -0.983939884676555 0.536846
0.974217462264341 -0.17965773149674058 0.13646770948716153 -2.72113 -0.16427316434507805 -0.9794806117709468 -0.11675640727971577 0.542341 0.15464366684504804 0.09132814833476567 -0.983740059988644 0.545777
0.9762239510528553 -0.16822730116806583 0.1366981072746128 -2.72245 -0.15230966536215157 -0.9810655454027241 -0.1196334462469635 0.535041 0.15423541496044962 0.0959685925986443 -0.9833623269205575 0.549501
0.9785936729131605 -0.15349467317362903 0.13709051258803584 -2.72423 -0.13730460739847583 -0.9831508939138781 -0.12067213673210622 0.535975 0.15330319018689736 0.0992658304939949 -0.983180770140902 0.555238
0.9807835043963651 -0.13859714828840672 0.13731186398234752 -2.72634 -0.12198062564119502 -0.984901088256084 -0.12284369466995052 0.539586 0.15226439003315234 0.10373368227486574 -0.9828809076839009 0.563993
0.9828999802522519 -0.12231369556608385 0.1376480610001136 -2.72916 -0.10537931936269415 -0.986639809455368 -0.12424606814113356 0.545823 0.15100605243095042 0.1076161989425535 -0.982657583217256 0.579829
0.9847427871407491 -0.10607505281095507 0.13794827416615893 -2.73311 -0.0887492865809827 -0.9880262840862951 -0.12620469914386478 0.550933 0.14968369084718366 0.11203635626786475 -0.9823658420204685 0.597433
0.9864106072625293 -0.08869290777895143 0.138302863273621 -2.73668 -0.07110341062993931 -0.9893107791222729 -0.1273125575474424 0.561375 0.14811623434572502 0.11574865192387776 -0.9821730146471378 0.622271
0.9878597679340957 -0.07188260120631369 0.1377169943798092 -2.73971 -0.05390028781025406 -0.9900317167212109 -0.13012286063572182 0.569986 0.14569776206643018 0.12112015327708998 -0.9818869948211799 0.649713
0.9890663086508524 -0.05513086068737328 0.1367787457598831 -2.74091 -0.03698286532688188 -0.9905807327963987 -0.13184111454612266 0.575221 0.1427589043247076 0.1253411345585301 -0.9817889260037465 0.679378
0.9900585617545291 -0.038617736953491695 0.13525056262043483 -2.74267 -0.020381259825163978 -0.9908110144339725 -0.1337091542276059 0.584432 0.13917129209895407 0.12962331606973135 -0.9817480060517537 0.71609
0.990894149894962 -0.021390314197450695 0.13293320940410125 -2.7419 -0.0032661756960354806 -0.9908282101846221 -0.1350880823709511 0.597131 0.13460355047420897 0.13342380732415254 -0.9818757415472003 0.764885
0.9915902873644854 -0.002720101819964729 0.1293881874457893 -2.74132 0.015003660512094624 -0.9906214294653247 -0.1358089601437077 0.621904 0.12854412540312957 0.13660814225428292 -0.9822497764286734 0.814674
0.9919036688857196 0.01562942295469548 0.1260271113259035 -2.7443 0.032913776870184805 -0.9901264900132746 -0.13625790643530483 0.649273 0.12265314893303034 0.13930274552964073 -0.9826245214448476 0.860564
0.9921565684647897 0.03295569776261658 0.1205788772428737 -2.74064 0.04946546853489991 -0.9893900950326306 -0.13660310126034889 0.671587 0.11479769629568254 0.1414961548463469 -0.9832600505913494 0.918918
0.9921007303263026 0.04948389576829779 0.11527135353421208 -2.74322 0.06525394425618096 -0.9883740026327764 -0.13732717749475482 0.696026 0.10713572534420204 0.143764303564052 -0.9837955892235516 0.977589
0.991895163531761 0.06694985233699363 0.10798935982010104 -2.74276 0.08143564475033352 -0.987376090148609 -0.13585540978166033 0.73089 0.09753061225275876 0.14354850704518013 -0.9848256727963083 1.04327
0.9915875599997457 0.08214351326934653 0.10003276503985738 -2.74515 0.0953979002524964 -0.9861225232241946 -0.1358735066794201 0.762261 0.08748343546732358 0.14427339469810907 -0.9856631453499305 1.10619
0.9909368037033809 0.0990138217260242 0.09077727784712607 -2.74796 0.11066992277557412 -0.9847898868761881 -0.13394419322700532 0.804462 0.07613421871258473 0.14277654504011497 -0.9868223948246374 1.17248
0.9902149461271339 0.11461565884890876 0.07960911513807784 -2.75033 0.12435939273350749 -0.9835860779738246 -0.13074084539662031 0.849254 0.06331746919603162 0.13936168039565358 -0.9882151689444507 1.24857
0.9894142394976735 0.12862481481589105 0.0671946403578276 -2.75555 0.13644256839592062 -0.9822309149845689 -0.12886370776173023 0.897841 0.0494255825333864 0.13666779672678497 -0.9893831538534914 1.33118
0.9883381852513518 0.14256680581356068 0.05350081732257315 -2.7598 0.14825116373248748 -0.9811112548910383 -0.12426704300857655 0.949416 0.03477389863141681 0.1307494222023589 -0.990805412060169 1.41571
0.9873063179357383 0.1541997620343695 0.03806137087282613 -2.764 0.15770985034051158 -0.9801733251840529 -0.1199493880901876 0.998636 0.018810573349806285 0.12442944179807613 -0.9920501380192793 1.50172
0.9860483181676346 0.16503548323879472 0.021725641783761823 -2.77023 0.16644492988294504 -0.9792468999903753 -0.11563560946136424 1.04958 0.002190788679981343 0.11763842115302788 -0.9930540782422587 1.59358
0.9846387134048896 0.17455777077088414 0.004023521823351113 -2.77711 0.17392634439401367 -0.9785275692322407 -0.11060480540273623 1.10279 -0.015369801238092442 0.10960556973047339 -0.9938563217557955 1.68839
0.9830202810682294 0.1829244117408935 -0.01448401179876653 -2.78489 0.18041253681958921 -0.9778927548135976 -0.10572169427980599 1.1562 -0.03350288893303256 0.101313472314004 -0.9942902678598537 1.79126
0.9811607058845759 0.19024236240047387 -0.03363796629356955 -2.79257 0.18599642883895495 -0.9772625415397427 -0.10180006563081483 1.2158 -0.05223980941041148 0.09362568264941735 -0.9942360051120631 1.89179
0.9790260144877452 0.19661454910073467 -0.05339271521618244 -2.80172 0.19097046235068182 -0.9769170318217546 -0.09572562585922262 1.26778 -0.07098130363559385 0.08352144645830711 -0.9939747594962882 2.00575
0.9767584990819066 0.20139119083044735 -0.07337862581947897 -2.81227 0.19454117930062662 -0.9766698067561185 -0.09093854038463191 1.32168 -0.08998090923958381 0.07454982781241158 -0.9931494143106349 2.1232
0.9738256671499099 0.20721726348715336 -0.09340543727711237 -2.82346 0.19961947480121478 -0.9762209229039693 -0.08452677069786436 1.38247 -0.10869974829832901 0.06366879453404024 -0.9920335928397093 2.24687
0.9711857773334699 0.20962991090320052 -0.11337321711894799 -2.8243 0.20151938083551926 -0.9762990103163004 -0.07893149943515149 1.42865 -0.12723256286365078 0.053810249117882646 -0.9904122030937516 2.35694
0.969178314942851 0.20891955123150152 -0.13056038816487836 -2.83075 0.20037594808940634 -0.9767969476359546 -0.07561218497275188 1.47061 -0.14332785239375923 0.047120528459580424 -0.9885528729035602 2.4119
0.9666839219542291 0.20947836679038248 -0.14710883346020998 -2.84069 0.20109331675087752 -0.9770751836362968 -0.06989680593724037 1.51036 -0.15837825921925347 0.037985515251619084 -0.9866475701271187 2.48549
0.9638299488765172 0.20918259263713818 -0.1651498488836586 -2.8369 0.20108564494491088 -0.9774476562348162 -0.06450304425493261 1.54002 -0.17491824674910103 0.028960701971286366 -0.984156941089962 2.57556
0.9602244327434939 0.2095599137634222 -0.18453639561317423 -2.82927 0.20208943210744773 -0.9776113385832979 -0.05861682440956156 1.5669 -0.1926886094010857 0.018992451575274554 -0.981076136999691 2.68855
0.9566509249003899 0.20944160119779356 -0.20236902820079203 -2.83232 0.202853348033092 -0.9777734777289887 -0.053005145424987514 1.58188 -0.20897255101805548 0.009656186486560102 -0.977873831832892 2.81802
0.9535572192981842 0.20826337531163644 -0.21761203098202078 -2.83993 0.2028936445955337 -0.9780725609210686 -0.04699185627366181 1.59399 -0.22262703902953204 0.0006573257241944894 -0.974903466716493 2.90778
0.9500159092091083 0.2080616761168825 -0.2327662157208916 -2.84566 0.2038661451610019 -0.9780881162733339 -0.04221648566702571 1.60482 -0.23644950223416508 -0.007346818108159663 -0.9716160029337211 3.03875
0.9463736956778175 0.20617712940889266 -0.24873242538482732 -2.82606 0.20350194282411987 -0.9783859433188515 -0.03671382822438865 1.61338 -0.25092586035703573 -0.015872530509972536 -0.9678761673784988 3.14087
0.9432161912625584 0.20570599485204538 -0.2608222770816996 -2.83023 0.2040306235326973 -0.9783810931307878 -0.033792621458879006 1.62366 -0.2621349293799118 -0.02134198411897585 -0.9647952106601968 3.26613
0.9434672212856576 0.19959989662825858 -0.26463084405546644 -2.8418 0.19900626388278173 -0.9795589496252259 -0.02933890155648267 1.62032 -0.2650775533592702 -0.024982903656557243 -0.9639033899877885 3.26637
0.9438933393846377 0.1930705830544758 -0.26793490594605507 -2.84944 0.1931180064629874 -0.9808191962988267 -0.026441250944025777 1.61586 -0.2679007268468643 -0.026785334247086495 -0.9630741126331833 3.26402
0.9449835763373459 0.18729126024261702 -0.26819400494681433 -2.8595 0.18782685110013306 -0.981911306648663 -0.023901043519552877 1.61433 -0.26781918239455516 -0.027787941849792025 -0.9630683858528762 3.2637
0.9437534279230004 0.18675232746767872 -0.27286083535199995 -2.87803 0.1878717170331028 -0.9819411852306861 -0.022264920543080855 1.61945 -0.2720913178008811 -0.030250238563701185 -0.9617958400015147 3.40026
0.9445972542716846 0.18253918337547123 -0.272791997234176 -2.87903 0.1844808793678919 -0.9826573414283742 -0.018744452101067195 1.61406 -0.2714826557444212 -0.03261894954678915 -0.9618904156713591 3.40688
0.9450841038764543 0.17904288043663694 -0.2734221709463073 -2.86179 0.1812901329443173 -0.9832784806035403 -0.017242890680654183 1.62061 -0.27193735362592486 -0.03327275983361419 -0.9617395692992897 3.43
0.9453409726281611 0.1767305733385146 -0.2740378621976944 -2.86977 0.17903059008353994 -0.9836999928499012 -0.016803924584575927 1.61931 -0.2725408103106434 -0.03317572176373176 -0.9615720868456373 3.54642
0.9482376911961041 0.1691956756820974 -0.268734263400782 -2.87548 0.17142159863600728 -0.9850783209990219 -0.01534069812048672 1.6071 -0.26731987676968205 -0.03152022887332517 -0.9630921859591717 3.53483
0.9481357853616982 0.1684489331166683 -0.2695616616813518 -2.8621 0.17075253908306354 -0.9851988742274652 -0.015058174445195945 1.6127 -0.26810837904333057 -0.03175114411783126 -0.962865391388623 3.65393
0.9494239338543261 0.16935104661321876 -0.264413344662451 -2.89222 0.17108417474195803 -0.9851159425699035 -0.01663685209029693 1.62063 -0.2632952695690522 -0.029441513303814053 -0.9642659375488393 3.81465
0.9508129819486126 0.16913371483998685 -0.2595158181352605 -2.91058 0.17036228848880514 -0.9852185036015944 -0.017921797395702006 1.624 -0.25871096617430944 -0.027171431052881227 -0.965572550001135 3.96948
0.9527958324054562 0.16938938481664328 -0.25196693843088336 -2.93728 0.169693588798754 -0.9852797120387624 -0.020687555810490702 1.629 -0.2517621648925684 -0.023046157082080476 -0.9675146959981304 4.11963
0.9551163658327235 0.1681967372520913 -0.24384951362724128 -2.95721 0.167709186381754 -0.9855701476746674 -0.022915340183040037 1.62826 -0.24418508660780508 -0.01900898709256529 -0.9695423156768628 4.26404
0.9569137127720856 0.16824476134056288 -0.23666399512853492 -2.96538 0.16665262792099317 -0.9856495949146021 -0.026865919893196963 1.6317 -0.2377878212099374 -0.01373230957041493 -0.9712200449733793 4.40992
0.9589217792439748 0.1677934626532441 -0.22872335950314232 -2.96888 0.1649754744323493 -0.9857936338809459 -0.03152783271365848 1.63469 -0.2307641959390377 -0.007501019306303912 -0.972980791476366 4.55254
0.9612241674439477 0.16694159169105946 -0.21949625255421787 -2.97528 0.1629130539294906 -0.9859665295301632 -0.036460108414712464 1.6363 -0.2225026669077391 -0.0007124674738383241 -0.9749318210054703 4.69585
0.9640288634724635 0.16612725115605442 -0.20748514842109436 -2.99108 0.16101949267925647 -0.9860829530251686 -0.04139000761630732 1.63712 -0.21147357605456343 0.0064920086642204985 -0.9773621541957712 4.83941
0.9667528469774884 0.16557850056516352 -0.19486583336109356 -3.00457 0.15928256743009891 -0.9860819884451546 -0.0476589527468491 1.63776 -0.2000449863750585 0.015035698009821154 -0.9796713383638211 4.98763
0.9695402572553771 0.16354610029819935 -0.18233036674791478 -3.01365 0.15619914383143133 -0.986245531959349 -0.054051624920519924 1.63403 -0.1886624420161724 0.023925379150016864 -0.9817505076163815 5.1321
0.9723708669528401 0.16107621000514444 -0.1689655339759004 -3.02206 0.15277997588012787 -0.9863703016684688 -0.06108933586577625 1.62977 -0.17650262341237336 0.03358694027196708 -0.9837269648493518 5.27665
0.975417716398529 0.15832688531735942 -0.15327385922453426 -3.03818 0.14937055296022192 -0.986415574916751 -0.06835752679853764 1.62548 -0.16201455627268854 0.043782541581764936 -0.9858166019135631 5.41174
0.9780256155815574 0.15622173941814368 -0.13806036143471742 -3.04757 0.14675189428533833 -0.9862216700997146 -0.07635901354387897 1.62301 -0.14808705814479564 0.05442045166018947 -0.9874758921873084 5.5581
0.980541992622287 0.15378497958429482 -0.12201467435752592 -3.05681 0.1440056389355699 -0.9858909582804026 -0.08533108657287591 1.62117 -0.1334158036331279 0.0660999125204216 -0.988853388984292 5.6957
0.9827826414769953 0.1513638488987948 -0.10595878848893346 -3.06535 0.14146371421142653 -0.9853297404137293 -0.09546371152286565 1.61963 -0.11885410036261922 0.07883075480265231 -0.9897774572722076 5.83959
0.9848066366044397 0.1488915637675329 -0.08937108446645127 -3.07259 0.13926474447858458 -0.9845948117247272 -0.1057278944747474 1.6201 -0.10373629762607413 0.09167529091095078 -0.9903708505359126 5.98784
0.9867169527957157 0.14559877350330092 -0.0720461811609169 -3.08221 0.1366604505780401 -0.983752568776454 -0.11642510327903982 1.61705 -0.08782696803000911 0.10503275955654265 -0.9905829309586317 6.13748
0.9883595776476878 0.14262390900024063 -0.05295059823624042 -3.09978 0.1349771732973143 -0.9826354510948659 -0.12731352222076214 1.61839 -0.0701890871913252 0.11868441697662246 -0.9904481315072325 6.28204
0.9896902928044425 0.13864603155240973 -0.03592216952558338 -3.10708 0.13248350491813798 -0.9815047347975611 -0.1381903632478561 1.61703 -0.05441732493666198 0.13200656614251022 -0.9897540205737992 6.43313
0.9907154278727877 0.13449426625108218 -0.01985530962796686 -3.1124 0.13008266587322181 -0.9802292658920195 -0.1490942196334521 1.61713 -0.039515073252559534 0.14512711198937067 -0.9886236292702444 6.58304
0.9913766509858939 0.13099812247846912 -0.0034391549992893646 -3.12183 0.12877602942737096 -0.9787496728573655 -0.15958011193917893 1.62145 -0.02427076687939661 0.15776111621282346 -0.987178990906092 6.73318
0.9919779759978677 0.12555221009887368 0.01470842188892589 -3.15026 0.1262160291522389 -0.9772652254916623 -0.17035901217655625 1.61944 -0.007014921255119905 0.17084882669781243 -0.9852722818062862 6.88311
0.9920754220156781 0.12216186797196378 0.029374053959476353 -3.17748 0.1254650508187156 -0.9756756770854603 -0.1797651083132802 1.62657 0.00669910855792424 0.18202596286636896 -0.9832709040682025 7.03476
0.9919267418936524 0.11496516915623387 0.05351960946347191 -3.32829 0.12320215831462716 -0.9736430704667165 -0.1919385305736252 1.61556 0.030042751253198538 0.19698269267380686 -0.979946555626436 7.13334
0.9915068757613762 0.10871578996279982 0.07137921497663074 -3.48027 0.12102270626214626 -0.9722281629299246 -0.20031451214250784 1.5962 0.04761953261952426 0.2072517218714215 -0.9771279874685964 7.07784
0.9907440057282024 0.1052550875883478 0.08571861904163383 -3.59495 0.12116498566064178 -0.9704116991399045 -0.20885444793506278 1.58541 0.061199357541497 0.21730738760836596 -0.9741828051897319 6.98144
0.9900225478417805 0.10096531635898671 0.09829221565006827 -3.69786 0.12036400751607317 -0.9686447235572061 -0.21734742975120414 1.57116 0.07326568405154268 0.2270097011524258 -0.9711327072666979 6.86948
0.989197447004708 0.09810640213975368 0.10891990037895324 -3.78791 0.12066486160575739 -0.9668599172817127 -0.22499309217765587 1.56168 0.08323702309087935 0.23570539708117136 -0.9682533572230854 6.75121
0.9883845742572296 0.09487881871200603 0.1187179141080602 -3.87322 0.12040801267314337 -0.9655180108609122 -0.23081785283485146 1.54988 0.09272455906855857 0.24243139331159508 -0.9657272781083382 6.64084
0.9877632497107166 0.09114755348097686 0.12655388581689797 -3.95323 0.11940823245785087 -0.963967379156723 -0.2377153043937434 1.53101 0.10032664921253892 0.2499180173900047 -0.9630553193049883 6.5318
0.9872634359981356 0.09478196802429774 0.12777827076070544 -3.97284 0.12330995704964519 -0.9633709723557307 -0.23814076533594303 1.54302 0.10052642654332149 0.25086400331616937 -0.9627884967149405 6.5181
0.9868120460885268 0.09422147762491077 0.13162180233059528 -4.04102 0.12426682523266273 -0.9620344307690176 -0.24299693446940407 1.53572 0.1037291754578755 0.2561485256040164 -0.9610557689279631 6.41915
0.9864590915463339 0.09418311048352318 0.13426839689677347 -4.10691 0.12542265161438026 -0.9607172941262533 -0.24757107914445012 1.52643 0.10567695665375125 0.26105904019278525 -0.9595210046507697 6.31737
0.9863337522258481 0.09369228461364909 0.13552669487578586 -4.16561 0.1258146216408204 -0.9594108052464615 -0.25239173472543297 1.51626 0.10637861721914132 0.2659937265805551 -0.958087118804095 6.22161
0.9861866894952178 0.0941626057398988 0.13626891480721304 -4.22615 0.12675811940904005 -0.9586093709016292 -0.25495186444398993 1.50694 0.10662172680249862 0.2687033265515249 -0.9573036768308154 6.12522
0.9863801999531213 0.09671047765087636 0.13304579908054212 -4.20473 0.12853323767991504 -0.9579306824441906 -0.25660867959507083 1.51246 0.10263190513655639 0.27021452800422596 -0.9573143689005689 6.10255
0.9856482266773179 0.10260694199495082 0.13404994853525165 -4.21969 0.13466232557984126 -0.9567667038839691 -0.2578052218408975 1.52201 0.10180192197246399 0.2721567375492482 -0.9568526944568125 6.10238
0.9859709061809837 0.10476562141391194 0.12994436014851182 -4.24323 0.13556098620019522 -0.9568093641515364 -0.25717515372283245 1.51358 0.09738886581678502 0.27118260497622054 -0.9575883267736877 6.04489
0.9868964723121842 0.10804736303904647 0.11983789166234035 -4.21357 0.13599540161079682 -0.956688509765353 -0.2573953108035702 1.51516 0.08683664939692465 0.27031992642655284 -0.95884645991851 5.9794
0.9872965978432542 0.11036155301672183 0.11430553574903238 -4.25555 0.13669915852862513 -0.9566824198997672 -0.2570449134145465 1.50496 0.08098622070884548 0.2694050390591519 -0.9596156298147898 5.89272
0.987717604500116 0.11273962086772732 0.10818369399846231 -4.2931 0.13725357695304685 -0.9569034265691551 -0.255924379131421 1.49502 0.07466853001195262 0.2676296136581496 -0.9606242764572647 5.80582
0.9869965406218132 0.11993876441848393 0.1070164547644004 -4.34154 0.143616042261854 -0.9570194010762266 -0.2519688440437469 1.49394 0.07219599161736688 0.26406165710581325 -0.9617999688297546 5.71563
0.9877762325020054 0.12260392603661452 0.09626209962675801 -4.3719 0.14345764969267094 -0.9565807174785139 -0.2537188083153195 1.48635 0.060975546318162974 0.26442694315954135 -0.9624761682672989 5.63629
0.9878549275750413 0.12775131061630382 0.08844345482582044 -4.40166 0.1462570632624983 -0.9566847115473732 -0.25172054770588215 1.48053 0.052454871189812874 0.2615988633907578 -0.9637502379564552 5.5597
0.9880341297709508 0.13263426276814047 0.07871918919622756 -4.40626 0.1482901008329999 -0.957244919584305 -0.24837916564191972 1.47135 0.04240995641000266 0.2570803692816496 -0.9654589992989407 5.49656
0.9880037199071876 0.1381336416382996 0.06904887035499842 -4.42473 0.15105033396644385 -0.9574330935646285 -0.24597899901392178 1.46435 0.03213169865079238 0.2534580209719294 -0.9668125907055656 5.4272
0.9879502543865477 0.14285474024386025 0.05955516809996152 -4.42826 0.15313161570105538 -0.9580879870560974 -0.24211178684975143 1.45205 0.022472274703281545 0.2483141805226886 -0.968418847720864 5.36664
0.9876130114892824 0.14864889873371834 0.05023986905161924 -4.4427 0.1563984284414064 -0.9583911295641129 -0.23880111882879154 1.44419 0.012651921519254813 0.24370052867828804 -0.9697680038049276 5.30569
0.9871976208191813 0.1541378992375479 0.0410166486634836 -4.45377 0.15947286225812907 -0.9587317737992671 -0.23537585286284324 1.43413 0.0030436248369181407 0.23890352430708628 -0.9710385380722568 5.24674
0.9867843165224605 0.15865962571788858 0.03292166205342343 -4.45833 0.16196164790762088 -0.9594542434332277 -0.23068588895946793 1.41732 -0.005013708442675803 0.23296926390627506 -0.9724711742785078 5.19632
0.9859721791965771 0.16494664289318836 0.025523848624767535 -4.46656 0.1664281738103198 -0.9599565539183023 -0.22535544713065978 1.40505 -0.012669838693331489 0.22644208881646674 -0.9739422239537213 5.14549
0.984734655834793 0.17316979007793304 0.017603448591001443 -4.47469 0.1727258892034363 -0.9596567267817709 -0.22186647773239512 1.40161 -0.021527303519337654 0.2215201809020156 -0.9749181425413748 5.09657
0.983624986824477 0.17994668188651095 0.010053704420913778 -4.47973 0.1777994128141646 -0.9597377310255267 -0.21746460964697842 1.39231 -0.029483115464389996 0.21569116654144474 -0.9760164274122157 5.04727
0.9823982155571226 0.1867242453659838 0.0052727850975721625 -4.49573 0.18356411216457802 -0.9597723972571907 -0.21246449630094838 1.37951 -0.03461159914553962 0.20969263615036499 -0.9771545607266535 5.01256
0.9813848936876904 0.19205001804822236 -0.0006935483243509163 -4.50011 0.18768818794697545 -0.9598486113065122 -0.20847970519487244 1.36156 -0.04070423254136551 0.20446866249045983 -0.9780264472459735 4.97462
0.9806202811621136 0.19586426546669713 -0.004588429658221468 -4.51527 0.19091216760972549 -0.960563016142969 -0.20216635792554205 1.33645 -0.04400464102902474 0.19737244369848972 -0.97934044644158 4.94487
0.9797600707659998 0.2000425353993878 -0.007292994144237692 -4.53144 0.19475636088787876 -0.9610234476875082 -0.19622408845125403 1.31027 -0.046261902536682706 0.1908321697874861 -0.9805319573312675 4.92243
0.9783738571540406 0.20665781756712093 -0.008783056183319902 -4.55526 0.20120741920799623 -0.9606981943672299 -0.19124474841208494 1.2922 -0.04796008854435596 0.185341646096981 -0.9815030841158263 4.90029
0.9771386636039445 0.2122553199617633 -0.012153651230257155 -4.56371 0.20637522894844793 -0.9606993360460339 -0.18565034499613856 1.27086 -0.05108127804561025 0.1788979174519342 -0.9825407056018534 4.87932
0.9756661576133356 0.218711446418149 -0.015519410224311251 -4.57344 0.21236751733508713 -0.9602289784898115 -0.1812742299648361 1.25594 -0.05454893646040021 0.17356731280426613 -0.9833101247607212 4.8558
0.9739662233338859 0.2259284381427168 -0.01860474786498087 -4.57913 0.21915231467822666 -0.9593830791772007 -0.17764112800713788 1.24345 -0.05798326289458389 0.1689391849952681 -0.9839194545272656 4.83425
0.9718163721800277 0.23488223278603543 -0.02008172015281953 -4.59656 0.22800317285467075 -0.9581526669912217 -0.17308385223876824 1.23908 -0.059895675395245526 0.1636270254544013 -0.9847023431524329 4.81933
0.9699123283721924 0.2424248445332045 -0.022366716895513877 -4.60914 0.23535552176429697 -0.9571807023764038 -0.16856120957465331 1.22889 -0.06227241481336637 0.1582254649266871 -0.9854373894885693 4.80321
0.9677747866655968 0.2506163061708716 -0.024564799523430235 -4.62255 0.24343473001212806 -0.9560570794511152 -0.16338418851077927 1.22383 -0.06443209230096972 0.15213917284076275 -0.9862566489352795 4.79042
0.9655444502450491 0.25887095887714706 -0.02664096940827122 -4.63669 0.2515759055023793 -0.9546941695064012 -0.15896102189260386 1.21999 -0.06658437032550445 0.14678170649133837 -0.9869253529359993 4.77733
0.9633885036305085 0.2665845529788861 -0.02855288401574375 -4.65241 0.2591858769912974 -0.9532748512266072 -0.15520869559126238 1.21553 -0.06859498699483141 0.14212576871185806 -0.9874689836279626 4.77087
0.9613023176180667 0.2737735483532571 -0.030755460721638886 -4.66662 0.2663035093005485 -0.9520161150677092 -0.15082359757544184 1.20868 -0.0705712057169646 0.13679678678043927 -0.9880821545044728 4.75945
0.9590008120683324 0.2813941271640206 -0.033686609355625084 -4.67915 0.27370936976098253 -0.9504540213847581 -0.14737820102914842 1.20455 -0.07348893357047204 0.1321154738520107 -0.9885063875421007 4.74531
0.9568416250622699 0.28821240006829707 -0.03725207370155352 -4.6925 0.28030480823326154 -0.9491310183826284 -0.14345565316594816 1.19794 -0.07670279675154336 0.12682240492446994 -0.9889553875578335 4.72495
0.95450342733436 0.29549126214111926 -0.04010138657464009 -4.71332 0.287476464501031 -0.9475593032495531 -0.13960175207786396 1.19255 -0.07924953984060658 0.12172214598613612 -0.9893953858855327 4.71049
0.952345964146318 0.30194386556154335 -0.04320956634789249 -4.73466 0.293785703768813 -0.9461118306776751 -0.13624376724386963 1.18476 -0.08201905166047418 0.11705684901572874 -0.9897325746196423 4.68925
0.9503454405893433 0.3077650376243436 -0.0460893172777997 -4.76253 0.29954140446139044 -0.9448168032602667 -0.13265050052807262 1.17549 -0.08437114770076917 0.11225813954068933 -0.9900907127847015 4.66782
0.9482312334238576 0.3135679289956562 -0.050325757469158364 -4.78413 0.3051625588431839 -0.9435200300544972 -0.12901846986474833 1.16697 -0.08793941459749326 0.10698180588929927 -0.9903643534421636 4.64275
0.9466646047381688 0.3176703086729063 -0.05396018090765487 -4.80934 0.3091910181082154 -0.9426963754869007 -0.12539720078640387 1.15078 -0.09070303444279904 0.10202508824559253 -0.9906380978497382 4.61937
0.944658612714402 0.32303045976946326 -0.057196393991497396 -4.84119 0.3144682202827848 -0.9413217581620351 -0.12256869927886416 1.14232 -0.09343363343400138 0.09779912919788139 -0.9908105199640628 4.59564
0.9434841542315751 0.3257577395917361 -0.06098807924514961 -4.87147 0.31717325943311986 -0.9408833725774759 -0.11891006142377541 1.1248 -0.09611854251132228 0.09284597085128585 -0.9910301970586879 4.57093
0.9418890069235342 0.3295669510984618 -0.06504401110219626 -4.89798 0.32088232042059106 -0.9399786164743096 -0.11608073488973047 1.11305 -0.09939635344465939 0.08846369489630687 -0.991107733602759 4.54505
0.9410281063817127 0.3312841057702116 -0.06868001356784657 -4.92916 0.32256163540669036 -0.9397420568267376 -0.11330868455160172 1.0934 -0.10207886345081273 0.0844731193639983 -0.9911832311644029 4.52137
0.9400873488118296 0.3329800708950216 -0.07321235545105391 -4.95363 0.3240592095788424 -0.9394339637568693 -0.11157713218752735 1.0747 -0.10593113466342648 0.08116711234732588 -0.9910552429517315 4.48638
0.939241361193701 0.33457724933110317 -0.07670547342293565 -4.98065 0.3255764941602228 -0.9391281964780608 -0.10971862663287109 1.06178 -0.1087456292148897 0.07807877310702176 -0.9909985334584305 4.45923
0.9386740117675698 0.3353955540807426 -0.08000576188655094 -5.00475 0.32622168925534245 -0.9389919320173528 -0.10896587110517508 1.04474 -0.11167143364158376 0.0761838165832513 -0.9908206280650613 4.42575
0.9383255032897447 0.33563606741419477 -0.08302818874804921 -5.02814 0.3263137490108939 -0.9390424601959934 -0.10825246027463738 1.02668 -0.11430042468207605 0.07448280472559214 -0.9906501525350443 4.39707
0.9376000168477755 0.3372641875720895 -0.08461132423256991 -5.05466 0.32766077132984245 -0.9384109888867366 -0.10965051239346499 1.02126 -0.11638138742334754 0.07508451050619674 -0.9903624028321455 4.36944
0.9372454620471989 0.3376665242866941 -0.08690375278477147 -5.07027 0.3276729639588103 -0.93819328810584 -0.11146202422170999 1.01201 -0.11916951188278588 0.07599126613826286 -0.9899615926430293 4.32763
0.9373663341390724 0.3371856358322427 -0.08746543666547735 -5.08892 0.3268046657716136 -0.9381553577502121 -0.11429451060516937 1.0003 -0.1205946352562185 0.0785517136221574 -0.9895890875683916 4.30665
0.9374214172044293 0.3371810278707933 -0.08689097197312393 -5.11282 0.32651042137833974 -0.937918309614175 -0.11704780741998919 0.993789 -0.1209629335696597 0.08135231363939918 -0.9893178305113774 4.26913
0.9377560221190664 0.3366134095326973 -0.08546961742161835 -5.13024 0.3254554466245984 -0.9376520808117899 -0.12201363699072285 0.990432 -0.12121219097850011 0.08660247035791366 -0.9888415529730221 4.22636
0.9391329291449524 0.3332886527687599 -0.08335475590034686 -5.1461 0.3216474318180564 -0.9382296370775063 -0.12754637475937577 0.974595 -0.12071566178615828 0.09297215736442485 -0.9883237864963759 4.18195
0.9415014982834305 0.32769355934206107 -0.07868837204941229 -5.16946 0.3159887012610609 -0.9395479147053724 -0.1319123066591393 0.952607 -0.11715830916074063 0.09933099787336205 -0.9881332316322929 4.11228
0.9443171841687412 0.3210182851645638 -0.07219637299492211 -5.19233 0.30924688891755764 -0.9408407416779518 -0.13851014581500146 0.935169 -0.11238957860242606 0.10847100713501273 -0.9877259859053444 4.02841
0.9474351646131314 0.31331933263698347 -0.06478892382502345 -5.21404 0.30152476101725295 -0.9421050114664842 -0.14670025856563734 0.917983 -0.10700199693453326 0.11945351885001831 -0.9870569535170557 3.9432
0.951204599448318 0.30346820782190026 -0.05582881719800541 -5.23289 0.2918800038197817 -0.943615962130556 -0.15618892208664728 0.890533 -0.1000793353221761 0.1322723056946862 -0.9861481449496736 3.87014
0.9549358522746921 0.29340153202278263 -0.04486712657493876 -5.25266 0.28242924207575193 -0.9447053810018279 -0.16662972822011007 0.870439 -0.09127563344575494 0.14644891297949436 -0.9849982104685272 3.77703
0.9588971007167957 0.28194521178507603 -0.03198824453438695 -5.27556 0.27209082683839825 -0.9456103671781819 -0.17829081702527644 0.848186 -0.08051665782507292 0.1622588396254961 -0.9834577452926321 3.67884
0.9629126415542081 0.26923631489715016 -0.017636651487749247 -5.30167 0.2611023020860149 -0.9463071601686689 -0.1905999644776805 0.824358 -0.06800612163975492 0.17892614497080142 -0.981509348944475 3.58393
0.9671438663741979 0.2542115839503767 -0.003035180424233702 -5.32248 0.24830001068534588 -0.9470822104951865 -0.20342662376692044 0.791445 -0.05458796963090118 0.1959891761016196 -0.9790854898437541 3.47826
0.9706996596654482 0.2399253775261511 0.013341062338370948 -5.34887 0.2370333975598102 -0.9469253856084274 -0.21713471056370323 0.767784 -0.03946313680684007 0.21393486697886369 -0.976050476934518 3.37222
0.9738109189383166 0.2254152325430999 0.029669295476151214 -5.37285 0.22607745881897132 -0.946202074695202 -0.23149647180130312 0.74601 -0.024109682089718663 0.2321413508620026 -0.9723832148127081 3.26017
0.976768734116809 0.20931869907585973 0.04591864837989382 -5.39527 0.21414411488054533 -0.9453343828006768 -0.24593739601144696 0.718608 -0.00807081866197239 0.2500571672879087 -0.968197435946859 3.14932
0.9793337137496914 0.19244189746209683 0.06222212801267478 -5.4179 0.20207399630787326 -0.9438897982452941 -0.2612243265559772 0.688062 0.008460326790585792 0.26839926391412855 -0.9632706047632464 3.03293
0.9810288883480723 0.1768281789332433 0.07946140800223958 -5.44814 0.192130027527223 -0.9415008542016595 -0.27687938540081647 0.665631 0.025852906005593142 0.2868935981730827 -0.9576135392622472 2.92197
0.9824889711797616 0.16037513014534988 0.09484323455574037 -5.47068 0.18142423180175737 -0.939381971180341 -0.2909411630149278 0.639587 0.04243429774693233 0.3030533448952488 -0.9520283611965169 2.79623
0.9834110111648555 0.14376416233409345 0.1106103464784938 -5.49646 0.17134024625927807 -0.9363939814763098 -0.3062822741634815 0.607402 0.05954244814857687 0.3201533649414301 -0.9454927391498853 2.6664
0.983769480797877 0.1274858889582372 0.126273341474769 -5.52524 0.16214273614900765 -0.9330097708784144 -0.321251460011502 0.578731 0.07685923343872811 0.33651168711047225 -0.9385374487324811 2.53121
0.9837051489672107 0.11215626220610135 0.14051744640205296 -5.54991 0.15400609865994738 -0.9289366894596184 -0.3366879097195904 0.555352 0.0927701539879079 0.3528421741002069 -0.9310725528686253 2.41158
0.9834103362958472 0.09641851090368075 0.15364758775068824 -5.57504 0.14546595356271833 -0.9252191741295942 -0.3504413448453826 0.523844 0.10836866161662109 0.36697813365113197 -0.9238957098078516 2.28566
0.9828243549332946 0.08322776963356408 0.16471012631825566 -5.59445 0.1389084745632224 -0.9212313472843557 -0.3633692893946449 0.502885 0.12149371606989372 0.3800078198438461 -0.9169696471601744 2.1757
0.9823975537960618 0.06967107789978558 0.17332336022531986 -5.61231 0.13164662936412838 -0.9164929897049702 -0.3777694598544315 0.476141 0.13253003913293693 0.39393722942358106 -0.9095324337270744 2.05139
0.9815426547150595 0.055863559454628335 0.18290237751317884 -5.63419 0.12449339894008099 -0.9126396945186955 -0.38934583805296885 0.444759 0.1451737255678865 0.404929686135608 -0.902749432949619 1.95014
0.9805638731595483 0.043918072903227884 0.19122158227253644 -5.65484 0.11865483234848911 -0.908937161802641 -0.39969271528827277 0.41914 0.15625466845728997 0.4146136017626859 -0.8964820354132457 1.85008
0.979816864901894 0.033638634483613455 0.19704657704182962 -5.67029 0.11325666831686937 -0.9056782212924793 -0.4085583025202812 0.393708 0.16471745000329044 0.42262915392406236 -0.8912085950650638 1.73811
0.9793443626979961 0.025412853251019406 0.20059612693493958 -5.67139 0.10730983075432896 -0.9061544857657802 -0.40910713529591763 0.367823 0.17137450065611723 0.42218270312294554 -0.8901643363495697 1.68283
0.9788287819152882 0.018092258677188028 0.2038795866932025 -5.68573 0.10196591837631654 -0.906787405672229 -0.40907157369328756 0.340977 0.17747441275831205 0.4211997994897269 -0.8894344055217934 1.57933
0.9782902915856693 0.013091178269537838 0.20682535250965114 -5.70768 0.0987380048094795 -0.9068919265208348 -0.40963134647823524 0.320008 0.1822056854092909 0.42115989203964327 -0.8884961640556963 1.4994
0.9780374386627922 0.009555223986403363 0.20821014929271334 -5.72621 0.0962117954614381 -0.9068504129277136 -0.41032379773408384 0.300667 0.18489472406753718 0.4213443084549791 -0.8878529803658849 1.41297
0.9780875778488068 0.007495443449087584 0.2080589060467155 -5.73402 0.09440119677801692 -0.9066812029197925 -0.41111751400152785 0.283191 0.18556159113548415 0.42174994321211223 -0.8875212004768381 1.36617
0.9782471799611537 0.006746197934770312 0.2073329296360682 -5.74155 0.0934669320259757 -0.9066041933745522 -0.411500630829807 0.267881 0.18519283872682968 0.4219281045025353 -0.8875135419334151 1.32054
0.978238118374819 0.008110259471174573 0.20732681314727178 -5.75165 0.09479087591713511 -0.9063301174752978 -0.41180141816180654 0.261951 0.18456671856365606 0.4224925346660257 -0.8873754473446518 1.31522
0.9786528734895522 0.008463291014982527 0.20534586900115095 -5.75565 0.09422427526356306 -0.9064340557779457 -0.4117026699901279 0.247086 0.18264812936818822 0.42226256669415957 -0.8878817407781071 1.2771
0.9786869208483454 0.009895776220581264 0.20511943977443173 -5.76658 0.09546336639260536 -0.9062773541335566 -0.41176219236553435 0.24031 0.18182039664838415 0.42256766440142135 -0.8879064772626405 1.27222
0.9789392404403325 0.011213032508752954 0.20384364456136986 -5.77385 0.09619723666326253 -0.9060284238453786 -0.4121390382414782 0.228879 0.18006680755890772 0.423068272370094 -0.8880254397985041 1.23918
0.9791481153364429 0.012532277384929964 0.20276072168109532 -5.78161 0.09697345450340489 -0.9058713093904781 -0.41230246172543805 0.217908 0.17850803162537948 0.42336758596605795 -0.8881974835578542 1.20663
0.9792177745763708 0.013935779316782845 0.20233226141308616 -5.79033 0.09806789767765577 -0.9057874832423953 -0.4122277557934352 0.210671 0.1775253148111118 0.4235030451558065 -0.8883298561598469 1.19514
0.9792469643898266 0.014547805876055662 0.20214782728860206 -5.80041 0.09851854893267645 -0.9058164533747922 -0.4120566081398437 0.200491 0.17711430842681716 0.42342049329207654 -0.8884512409866875 1.17416
0.9792122565825742 0.015305256207697106 0.20225999528052874 -5.80934 0.09938341057448727 -0.905459486132654 -0.412633077533749 0.19414 0.176822776420476 0.4241566551461934 -0.8881581152216914 1.15034
0.9790359901971776 0.015643139220984918 0.20308575059305556 -5.81743 0.10018135044204499 -0.9050959262894366 -0.4132372941033693 0.188543 0.17734775702624506 0.4249195881688431 -0.8876886372305216 1.12708
0.9787463310381511 0.013819300879978028 0.20460851986793385 -5.82383 0.09904980076038578 -0.9054890010031581 -0.4126485260262426 0.177513 0.17956825011311414 0.4241446639832822 -0.8876128365260513 1.09045
0.9783474552620518 0.011651678015606445 0.20664098137032033 -5.82524 0.09801168253730404 -0.905448881343124 -0.41298430159110533 0.171382 0.18229088531376209 0.42429537079009827 -0.8869856094986089 1.06971
0.9776903351663663 0.00838112765110162 0.20988417096478185 -5.82518 0.09646147832878942 -0.905525667281334 -0.413180891491026 0.165656 0.18659258217009145 0.4242087016952746 -0.8861321491093227 1.04802
0.9767210593833927 0.0038141434545556144 0.21447942667466197 -5.82427 0.0942911142309027 -0.9057056829316726 -0.41328731130094915 0.161345 0.19267889851791886 0.423889924644336 -0.8849814539587489 1.03398
0.9754272740978082 -0.0026065113691033925 0.2203062392321252 -5.82031 0.0908832578932879 -0.906132482614444 -0.4131151865832175 0.156278 0.20070342892143564 0.4229859690929088 -0.8836294492431266 1.02105
0.9736930730071399 -0.010386112695529845 0.22762673006698542 -5.81582 0.0868403908613299 -0.9066560249104362 -0.4128360437372902 0.154769 0.21066690792092607 0.4217427902841756 -0.881902756969471 1.00876
0.9715272046245522 -0.019555029376834378 0.23611965504903482 -5.81616 0.08210646245924805 -0.9070444677076979 -0.41295140443312145 0.151824 0.2222463036741717 0.42058047318786745 -0.8796127818968058 0.99159
0.968683626052085 -0.030159982561681856 0.246459749392195 -5.81779 0.07699657856829076 -0.9071784836294592 -0.41364081729023333 0.150486 0.23605838156558123 0.41966364423384855 -0.8764467275316876 0.983344
0.965633554050801 -0.0427240468635335 0.25637179078600275 -5.80908 0.07019612712018397 -0.9068691133941764 -0.4155248667757293 0.148907 0.2502485624904694 0.4192410607171764 -0.872704182400996 0.97439
0.9616375259320998 -0.05586317675589503 0.2685750811261735 -5.80867 0.06378356117262834 -0.9066811812680161 -0.4169662970295962 0.147733 0.26680503376684744 0.41810111338906464 -0.8683354956118613 0.975357
0.9577743591109847 -0.06952244431839312 0.2789890800112773 -5.78809 0.056153786613963634 -0.906410341238629 -0.41864907206941954 0.149811 0.28198409401676616 0.416637639960276 -0.8642326351682604 0.974318
0.9521568926113784 -0.08465797957049843 0.2936499248215207 -5.7944 0.048399083874789375 -0.9069684737237433 -0.41840855195765847 0.152185 0.30175284676821984 0.412602974015293 -0.8594789149833815 0.977349
0.946308616877646 -0.10497119117823993 0.30574670995079906 -5.78892 0.03664320722722374 -0.9048812866821467 -0.42408387422367927 0.137192 0.32118106573585464 0.4125177645084925 -0.852450477727414 0.890911
0.9408641357293247 -0.12012777275835829 0.3167712049893845 -5.78243 0.028381494841887935 -0.9037883525248581 -0.42703759154311255 0.136454 0.3375932002408376 0.4107747948116079 -0.8469326414176223 0.887541
0.935014212569295 -0.13549323389985335 0.3277041437955594 -5.7804 0.019982198936201706 -0.902525005027028 -0.4301736010340902 0.134606 0.3540467963689194 0.4087666802325285 -0.8411662541451496 0.872448
0.9290874351700404 -0.15089113127126041 0.3376809208599674 -5.78 0.011456118837753312 -0.9008177366734926 -0.43404626785127637 0.131938 0.36968269522704417 0.4071354465016844 -0.8352098137902493 0.860401
0.9230510964390004 -0.16587295594295182 0.34707756460120964 -5.78102 0.0032169889525578005 -0.898896155124004 -0.4381499210148984 0.128229 0.3846639108947425 0.40555130968846614 -0.829193470105217 0.8445
0.9173429758083951 -0.18052876588605637 0.354811540712328 -5.77883 -0.005031007893058589 -0.896453269538017 -0.4431097206044795 0.123682 0.3980660167542295 0.4046985300470677 -0.8232633515972665 0.821192
0.9117755917181549 -0.19524509946098986 0.3613095922937503 -5.78399 -0.013778223847792648 -0.8938120970285137 -0.44822995856266684 0.115525 0.41045758720555775 0.40370693125330176 -0.8176461843385763 0.788575
0.9068401316198655 -0.2084420693641138 0.3663234628069447 -5.78473 -0.021912849980573565 -0.8912883352990812 -0.45290719840329485 0.107738 0.42090474301128267 0.4026872323267756 -0.8128235910894857 0.74992
0.902332757981995 -0.2212423425404366 0.3699289387704432 -5.79275 -0.03033099705439371 -0.8886866447729581 -0.4575107408792367 0.0952233 0.4299716554498594 0.4016066150717663 -0.8086015719996501 0.693053
0.8986599610879302 -0.23328139003433518 0.37147014335083356 -5.7979 -0.038673902528628526 -0.8856957027251062 -0.4626526250195571 0.0822844 0.4369377571241087 0.40140118988105805 -0.8049611674866215 0.640925
0.895726754390058 -0.2439653074077879 0.3716914180489994 -5.80945 -0.04708105434423751 -0.8833508854260808 -0.4663417068403747 0.0669118 0.4421051411052437 0.4002151196523971 -0.8027271654864621 0.57543
0.893795847903165 -0.25333651077185665 0.3700670136353735 -5.8208 -0.055286752695844266 -0.881116936574876 -0.46965553233966584 0.0518479 0.4450532072094429 0.3993163612861953 -0.8015448124476522 0.514357
0.8933094073654115 -0.26106411109767874 0.36584673376871335 -5.83541 -0.0632545120309486 -0.8789282051971032 -0.4727410251043641 0.0337863 0.444968728586834 0.39916254835064036 -0.8016683170576462 0.432631
0.8939904090937756 -0.2669141634872897 0.35991384771667806 -5.84827 -0.0713047358655847 -0.8777317892178615 -0.4738169908725843 0.0175997 0.44237629128546546 0.3979242836599593 -0.8037160452437322 0.384856
0.8964431809363771 -0.27097611989816095 0.3506587597616907 -5.86412 -0.07964714600870665 -0.8769025200067493 -0.4740235253006756 -0.00123906 0.43594260572389265 0.3970061874212416 -0.8076757589923771 0.289741
0.9001861125311896 -0.2732485461227385 0.3391167864435405 -5.88208 -0.08741487427661783 -0.8761944094856406 -0.4739641300154606 -0.0223116 0.4266422418856193 0.3970120764257921 -0.8126240266020281 0.181878
0.9046112457311248 -0.2746327354635843 0.3259683339046464 -5.90132 -0.09560345834534047 -0.8760048457447185 -0.4727319419969234 -0.0446753 0.41537750643143023 0.39647493091437797 -0.8186996740607915 0.0666895
0.9097269669201135 -0.2750341419264339 0.31105154947873365 -5.92584 -0.10336750969057745 -0.8755825455654983 -0.471879607359134 -0.0697847 0.40213431039728414 0.3971289798992668 -0.8249706477963131 -0.0458658
0.9157815025845727 -0.2735061382390397 0.29417449221424685 -5.94567 -0.11058039043203356 -0.8757327234157822 -0.4699618861042629 -0.0941358 0.3861556898141496 0.39785247200984497 -0.8322242448642158 -0.172889
0.9221439198177506 -0.27095196647284137 0.27610799156789 -5.96879 -0.11744181498630255 -0.876134553657909 -0.46754215208832184 -0.117903 0.36858921747099016 0.3987145291447963 -0.8397432423145579 -0.302472
0.9276175816160028 -0.2665889158893147 0.2616409222614811 -5.99628 -0.12060582673662529 -0.8766956483806474 -0.46568119423873156 -0.129811 0.35352490270708464 0.4004186434663052 -0.8453904737637812 -0.308106
0.9340816544076733 -0.2620778878811243 0.24250081150955477 -6.02368 -0.126378167911984 -0.8778615698873844 -0.46193898167405995 -0.152375 0.33394613573783744 0.40084191996175494 -0.8531153108619842 -0.430345
0.9403965061156967 -0.2571104877004703 0.2225951670630266 -6.04795 -0.131922039083817 -0.8790789756968378 -0.4580575619851356 -0.174032 0.3134501346137185 0.4013905225615383 -0.8606013371523522 -0.555088
0.9463245687695175 -0.2517480613145116 0.20271340401555044 -6.07251 -0.13704493434870554 -0.8805264390390787 -0.45375310039989697 -0.193084 0.29272597512442566 0.4016168619188503 -0.867764599249076 -0.663939
0.9519719080605202 -0.24551010381826985 0.18295976384646784 -6.0966 -0.14134406041959305 -0.8824393524023557 -0.4486899217898861 -0.210442 0.27160880480521127 0.40127992505837373 -0.8747588690018702 -0.764713
0.9573052220449665 -0.23849571383941495 0.16336005119265062 -6.11848 -0.14487395351656943 -0.8848284638732102 -0.4428206489226241 -0.222143 0.25015644992267627 0.4002479031800203 -0.8816027260405226 -0.828288
0.9620104770519731 -0.23171880553130303 0.1443684079200886 -6.14021 -0.14788711000280153 -0.8867863360266492 -0.4378805738228744 -0.234403 0.22948909502905407 0.3998954730921277 -0.8873659706474939 -0.915309
0.9664250829982836 -0.22492779059298373 0.12421774418624662 -6.15353 -0.15129254236885592 -0.8888708539404729 -0.4324571327180335 -0.2438 0.20768515973783222 0.39914420205496376 -0.8930569860823986 -0.981149
0.9703172748148627 -0.21771228312137214 0.10528887868116389 -6.16584 -0.15358699296937844 -0.8910676779325855 -0.42709416869638206 -0.251979 0.1868031632132643 0.39824584758903525 -0.898056135824264 -1.04607
0.9736928329671618 -0.21035711548462116 0.08759081569076352 -6.1781 -0.1550707305969939 -0.8933771705880896 -0.4216992999568943 -0.257821 0.16695908343213342 0.3970228142525439 -0.9024951797225803 -1.09539
0.9764615958779014 -0.20361703071815118 0.07115375307814129 -6.18695 -0.15641707746507544 -0.8956228684315429 -0.4164053018631478 -0.260754 0.14851413957218423 0.3954741234821541 -0.9063905162804581 -1.13933
0.9787662770280802 -0.19710062086105753 0.05628428029900353 -6.1943 -0.15716022699984675 -0.897868593547937 -0.41125740330066485 -0.263517 0.13159497711519155 0.3936792272605131 -0.9097798788836876 -1.17368
0.9806034089273014 -0.19097410099328124 0.044111757502551426 -6.20209 -0.1570719667367846 -0.9002934397035501 -0.4059558100239346 -0.265636 0.11724057175566108 0.39115293067617235 -0.912827493646991 -1.1934
0.9819657221692581 -0.18593407993345235 0.03423212531976455 -6.20967 -0.15692125371301657 -0.9025600416722184 -0.4009502354529537 -0.270078 0.10544686158318131 0.3883476394880552 -0.9154600320529092 -1.21052
0.9832823660091298 -0.1800818363180703 0.026950341812302818 -6.21747 -0.15497420582168148 -0.9053578839448339 -0.3953607182167602 -0.269576 0.09559698857928176 0.3845746146162603 -0.9181304817765982 -1.21539
0.984229631713646 -0.17552118749044465 0.022007834940422535 -6.22852 -0.1530966448553573 -0.9075235406042664 -0.39110413010236655 -0.272415 0.08861968963415129 0.381566948242429 -0.9200832650462164 -1.22646
0.9851450427143804 -0.17080626758189904 0.017733126346535212 -6.23326 -0.1507510600733245 -0.9096566837913522 -0.38703854526453646 -0.271877 0.08223966623260565 0.3786158166115891 -0.9218929985141926 -1.24011
0.985994279384214 -0.16608210005700733 0.01523210629751139 -6.23844 -0.14767553377294104 -0.9118490698847306 -0.38304465859117354 -0.271546 0.07750624327421261 0.37543043269160525 -0.9236042293442102 -1.25404
0.9868114791061916 -0.1612807708300165 0.013842603249614845 -6.23985 -0.14403244292852554 -0.9138590257667384 -0.3796265749505809 -0.271365 0.07387665455535722 0.3726260779724678 -0.9250362403314613 -1.26453
0.987649123678439 -0.156089543841741 0.013611127818372648 -6.24019 -0.13958384901578136 -0.9160061009670586 -0.37609729071752945 -0.269432 0.07117273067088564 0.369552265984669 -0.9264802022247673 -1.26554
0.9884248572664568 -0.15098614439730243 0.014815051057003606 -6.24372 -0.13469222975922976 -0.9182879167250376 -0.37229733445094315 -0.269903 0.0698162214694518 0.3659924674044911 -0.9279952634700789 -1.26986
0.9891979042515289 -0.14568791685845708 0.01620299681621171 -6.24175 -0.12953866021209728 -0.9205365570335349 -0.36855417875164587 -0.267824 0.06860934145462758 0.3624741067252786 -0.9294650505634268 -1.28134
0.9900295023878595 -0.1396098526614491 0.018726276765436797 -6.24476 -0.12328849948279132 -0.9231355786670022 -0.3641711813068417 -0.265196 0.06812877730393396 0.35823147884990125 -0.9311437468318645 -1.29585
0.9908681584235655 -0.13314433839660172 0.02128092514961182 -6.24385 -0.11667561914956232 -0.9257831364230984 -0.359600311749972 -0.264245 0.06758026722615457 0.35383353355432823 -0.9328637296058302 -1.31151
0.9915752176854745 -0.12732138727663608 0.023829645695161144 -6.24727 -0.11063763996924185 -0.9281544369321671 -0.3553711493990029 -0.252312 0.06736393912205907 0.3497407690634377 -0.9344214756526495 -1.33132
0.9924392072190026 -0.1199912960386782 0.02581683267707714 -6.24155 -0.10344572093068599 -0.9309416062766546 -0.35020952089309804 -0.231173 0.06605605797842118 0.3448910184072657 -0.9363155358245162 -1.3467
0.9932551554416216 -0.1120997979848692 0.029628221012940898 -6.23436 -0.09515183137964835 -0.934061730050527 -0.34420170458630117 -0.192816 0.06625952892783894 0.33906093810223537 -0.938428129948955 -1.3372
0.9940966998838526 -0.10333270831706999 0.03307722285641112 -6.2225 -0.08621308615172972 -0.9374040886044878 -0.33740313935081284 -0.163635 0.06587150412908285 0.332559657895315 -0.940778942623783 -1.32013
0.9949103687600704 -0.0936331435885278 0.037231606941296236 -6.21501 -0.07614422820406545 -0.940620543623294 -0.3308096876226971 -0.136449 0.06599556534274288 0.3262910163267591 -0.942962755372418 -1.28898
0.9956466237243216 -0.08322899970893997 0.04196110429681794 -6.21335 -0.06532484669881074 -0.9442093845196822 -0.3228022654640763 -0.117082 0.06648657812021942 0.3186558830343673 -0.9455358074327231 -1.2565
0.996380515711958 -0.0718539337981863 0.04541893996229731 -6.20808 -0.054039020166112894 -0.947863700822596 -0.31406080456239505 -0.0933143 0.06561746877973389 0.3104696714022456 -0.9483158392277978 -1.1881
0.9969969032423376 -0.059177071366927084 0.0499524689041737 -6.2072 -0.041377734248731604 -0.9523093978203867 -0.30231555357178314 -0.0762126 0.06546035467082473 0.29934075072967586 -0.9518981336881398 -1.16865
0.997731034715906 -0.04491557349075185 0.050153500602891254 -6.19201 -0.02829775521901918 -0.9557079701177783 -0.2929530899357781 -0.0562349 0.06109025629584325 0.2908691580614083 -0.9548105118160123 -1.08933
0.9982680214449805 -0.03047374124711203 0.050322047401988604 -6.18542 -0.015049152174032349 -0.9591998930686766 -0.28232797976091967 -0.0418283 0.056872492289038484 0.2810816896054304 -0.9579971833932445 -1.03607
0.9986815265211615 -0.014256706456128303 0.04931485482475697 -6.18017 -0.0003806221688926522 -0.962691299403218 -0.2706017686196982 -0.0254568 0.05133287165284652 0.2702262170374442 -0.9614274428751786 -0.936286
0.9988682141921595 0.00213716131675597 0.047515505028073377 -6.18213 0.014379802206968238 -0.9658102250555037 -0.2588509811971486 -0.0154945 0.045337754300970576 0.2592412808943519 -0.9647478667067376 -0.872763
0.998931265047112 0.019292524131354183 0.04200150264000024 -6.16237 0.029097625161937368 -0.9685383859263879 -0.24715728432931702 -0.00329913 0.03591177970126544 0.2481152826807502 -0.9680646417357364 -0.766837
0.9985760432303616 0.03662903002412822 0.03878401791828871 -6.17093 0.04471361755372304 -0.9712071645337284 -0.2340028546056958 0.00172282 0.029096018484562763 0.23540381840116048 -0.971462023956932 -0.703127
0.9979117329011574 0.05529529269248831 0.03338568472057397 -6.16024 0.061340111818969825 -0.9732063262052167 -0.22160062571252356 0.0156449 0.020237688115142885 0.223185746050678 -0.9745658308906365 -0.579983
0.9969721135510274 0.07292032828658694 0.027004268628759855 -6.14884 0.07695130562060777 -0.9751527560225945 -0.2077392572067744 0.0199158 0.011184872144179951 0.20918826005327104 -0.9778114186748914 -0.45654
0.9957342725115682 0.09020571745470243 0.019395542898818514 -6.13289 0.0922574499204041 -0.9764564354645834 -0.19499074997030894 0.0244175 0.001349622184778524 0.1959483558958375 -0.9806132878671775 -0.330836
0.9940585902731258 0.10833880014272007 0.010498737440341242 -6.11518 0.10843394774686957 -0.9772872480457995 -0.18207612084811464 0.0340417 -0.00946562624629915 0.18213275155969022 -0.9832283878779444 -0.182432
0.9920093557492299 0.12615447516623282 0.0015768644616605092 -6.09997 0.12458443165657432 -0.9775385972580638 -0.16999120641829027 0.0447161 -0.01990370555465645 0.1688293199247979 -0.985444317675496 -0.0449886
0.9896765430525394 0.14311710824210833 -0.0076048313585208235 -6.08662 0.14015325699703285 -0.9775433699496869 -0.1573722479363275 0.0528526 -0.0299567135163148 0.1546817804262219 -0.9875100719078642 0.086536
0.9868217771829395 0.16081772477905265 -0.017900823288156884 -6.06974 0.1565100630601936 -0.9767193145626787 -0.1467105337769088 0.0668244 -0.041077734095239044 0.14197549069152798 -0.9890174820520115 0.208304
0.9838482160820617 0.17673213926917444 -0.0284330557887325 -6.04753 0.1713314416155525 -0.9757265022920477 -0.13639402420510324 0.0756124 -0.0518480937555141 0.12931954096062545 -0.9902465508648096 0.318979
0.9807844522792933 0.1915048847727926 -0.037252345904191395 -6.03118 0.18543212405352316 -0.9744044297864479 -0.1270863272801038 0.0845494 -0.06063650333095483 0.11773651226661287 -0.9911918725166627 0.417038
0.9772711323133632 0.2067801083615792 -0.046723877545970655 -6.01237 0.20010014348586833 -0.9725457873545746 -0.11880498337951031 0.100259 -0.0700076176133155 0.10675522603059945 -0.9918176521877717 0.512398
0.973653483419761 0.22120874979759822 -0.055367709339906646 -5.99596 0.21428009932399208 -0.9705993708753471 -0.10963986633556244 0.114979 -0.07799316161218803 0.09488703952260025 -0.9924280913357759 0.601322
0.9702349023483953 0.23334406112167053 -0.06476714756916281 -5.97225 0.22618413444797145 -0.9687420833131636 -0.10187989665333126 0.126401 -0.08651573029814628 0.08419813036711433 -0.9926861050975081 0.682473
0.9670303884861078 0.24439958284741678 -0.07156166325915012 -5.95627 0.23733715854818307 -0.966803997751821 -0.09466310317843671 0.136203 -0.09232172505256786 0.07455785562303557 -0.9929339480792327 0.756415
0.9644065616794241 0.2524529426683368 -0.07866063518538602 -5.93891 0.24563611809894847 -0.9654552893985117 -0.08694240425543472 0.13742 -0.09789219210412223 0.06452593207799055 -0.9931029769437386 0.820628
0.9619568536643015 0.25977568297509024 -0.0845908164229581 -5.91948 0.253129476041395 -0.9639709263008231 -0.08176503901877447 0.143771 -0.10278365651836885 0.05724201063518194 -0.9930553218079823 0.877595
0.9601394345553645 0.26485558539717574 -0.08935202905152427 -5.90108 0.2584210354749035 -0.9629263708168881 -0.07740395861644082 0.148413 -0.1065402958311256 0.051228149189057756 -0.992987835824226 0.923876
0.9587390763570806 0.26855089994961234 -0.09327270555861954 -5.88519 0.2622996499801701 -0.9621410368069464 -0.07405078603454746 0.151528 -0.10962790286351314 0.04652998418554846 -0.9928830160121788 0.967082
0.9583438363655246 0.27003548329975136 -0.09304799331140041 -5.88371 0.26419304069054206 -0.9618918434630916 -0.07047069412075262 0.153487 -0.10853169376221074 0.042952523071931384 -0.9931646148604274 0.991827
0.9581568749787633 0.2705217838722295 -0.09355943234926428 -5.88117 0.2649183116454423 -0.9618629838479794 -0.0681020444479415 0.154191 -0.10841444131598954 0.04046683523143141 -0.9932818050082731 1.00903
0.9582257691664211 0.26999037222878214 -0.09438524359869098 -5.87445 0.2646148172837091 -0.9621138345088391 -0.06569602667290536 0.15324 -0.10854664333515716 0.03797589170067647 -0.993365722113567 1.02202
0.9584874983002089 0.2687223151641329 -0.09534166421368613 -5.86864 0.26349373744892535 -0.9625372004250355 -0.06397802844048193 0.151824 -0.10896222247826833 0.03620020898783253 -0.9933865204148046 1.03344
0.9588363081253428 0.26733710822538154 -0.09572776392590222 -5.86792 0.2622072028384628 -0.9629596355749404 -0.06289771882196804 0.150558 -0.10899686692832881 0.03520810729177019 -0.993418377211102 1.04061
0.9593843605959886 0.26517554369846297 -0.09624749174939998 -5.86592 0.26013557228707995 -0.9635906453889234 -0.06182679152140961 0.149686 -0.10913813574869069 0.034278260504042875 -0.9934353870192654 1.04477
0.9599192477437727 0.2631958182119701 -0.09634832166032219 -5.86448 0.25819908072327785 -0.9641435709925509 -0.061322175657635036 0.149148 -0.1090333551014714 0.03398728864536266 -0.9934568896967061 1.05184
0.960519107050881 0.26089958026472676 -0.09661497817557967 -5.8586 0.2559590336774125 -0.9647841184042436 -0.060634791612339416 0.149838 -0.10903218822487039 0.03351139944311483 -0.9934731843579174 1.06032
0.9609784438871674 0.2592901996498491 -0.09637957641398733 -5.8542 0.2543159803140802 -0.9651986475741088 -0.06095041327177102 0.150233 -0.10882928163452436 0.03406116684220728 -0.9934767356975505 1.07127
0.9614354511567181 0.2575163637793901 -0.09657740752845834 -5.84541 0.2525214799524878 -0.965666213692879 -0.06100545790880986 0.150269 -0.10897144314765389 0.03426494006851796 -0.9934541451221682 1.08571
0.9617511107400555 0.25632587205160773 -0.0966014922620363 -5.83705 0.25129988475053977 -0.9659703975543849 -0.061233642493233376 0.150652 -0.10900994869568047 0.03461557981034678 -0.9934377648950933 1.10261
0.9618187324235083 0.25602270752780626 -0.09673210009798686 -5.82867 0.2509308462156528 -0.9660315918178879 -0.06177923621487854 0.151059 -0.10926315196227865 0.03514735893248191 -0.99339127577372 1.11982
0.9619513706530841 0.25535461325469033 -0.09717809417867748 -5.81626 0.25031341377096983 -0.9662318051774007 -0.06114976328608886 0.147433 -0.10951143951649808 0.03449811811054325 -0.9933866943249517 1.13952
0.9618152906540731 0.25567475418507724 -0.0976819673042089 -5.80053 0.250739353619436 -0.9661904874802449 -0.06004763483430136 0.144218 -0.10973205188333825 0.033262020009111 -0.9934045071441873 1.16547
0.9607949241664921 0.25853195750762614 -0.10017155605849205 -5.77565 0.2535972219730883 -0.9654825500788995 -0.05942974424206776 0.146442 -0.1120783775018037 0.03169656827513645 -0.9931937197023262 1.19655
0.9597226605206258 0.2617644889931454 -0.10203806733454171 -5.76147 0.2569654154328198 -0.9646863093227206 -0.05787140811096782 0.143984 -0.11358340615886359 0.029320247397750424 -0.9930957320107084 1.2149
0.9580245593346114 0.26630326943106897 -0.10616737918045856 -5.7353 0.2616756876758265 -0.9635517719960135 -0.05562209239794668 0.138803 -0.11711011139567372 0.025505908603025186 -0.9927913529212608 1.25487
0.9554054495060991 0.2731909587326978 -0.11210319853045281 -5.69333 0.26883544769827467 -0.9617498288118187 -0.052581069229384755 0.137034 -0.1221799047098863 0.02009892651726881 -0.9923044412063953 1.29673
0.9523794478897999 0.2816295287840358 -0.11686828378136689 -5.65742 0.277530012369551 -0.9593981705843665 -0.05032139220578213 0.136486 -0.12629520763384902 0.015490603482537911 -0.991871746614687 1.31952
0.9483234726283214 0.29123580326728365 -0.12595355555688517 -5.59868 0.2877128284803671 -0.9566248122395504 -0.0457197652604633 0.13108 -0.13380552899633172 0.007118672833123767 -0.9909820406582084 1.36787
0.94329153884206 0.3031049786461201 -0.13538258628388708 -5.53359 0.3000661317821644 -0.9529571423990528 -0.04281356453182353 0.130023 -0.14199080711886883 -0.00023805580633344883 -0.9898679477703911 1.42009
0.937584866045367 0.31574387428436884 -0.14574095105558854 -5.45782 0.3135207366029445 -0.9487968066700088 -0.03859232271761477 0.127373 -0.15046383845508482 -0.009509232602587386 -0.9885697789294752 1.47182
0.9313900131868722 0.3282951367080701 -0.15727347694251378 -5.3698 0.3271562490720519 -0.9443645800315588 -0.03382792744054604 0.120786 -0.15962904506656486 -0.01994600701009793 -0.9869755441628174 1.52299
0.9246402149391321 0.3415492483619683 -0.1684772502763803 -5.27443 0.3415928965506183 -0.9393804302842582 -0.029642878151760532 0.117188 -0.16838873460975404 -0.03014163469913385 -0.9852597200303023 1.57419
0.9178902000061004 0.3545965686345755 -0.17815401832500394 -5.18473 0.35591547588738354 -0.93416737137143 -0.025602661753227236 0.107026 -0.17550428700353254 -0.03990733989603514 -0.9836694818209031 1.63022
0.9106342060861159 0.3661056571573277 -0.19160373300985084 -5.06439 0.3692391081001565 -0.9291102653866983 -0.02041067863789328 0.0920033 -0.1854934601416176 -0.05216092934812107 -0.98126011520607 1.68629
0.9029622850193919 0.37875450127086463 -0.20298802821747058 -4.947 0.3836242058195868 -0.9233442176146742 -0.01636839964187157 0.0838746 -0.1936274271425651 -0.06309107357307608 -0.979044399347418 1.74476
0.8956515708646497 0.3895405618552062 -0.21463087913255946 -4.82209 0.39652287529276636 -0.9179547781334716 -0.011341722597829708 0.0845454 -0.20143950202788508 -0.07494782165919942 -0.9766293826479411 1.80336
0.8879333969277006 0.4005538659977288 -0.22612139008662707 -4.94616 0.4098025882466527 -0.9121505001483512 -0.006580558141800717 0.124432 -0.20889260706587837 -0.0868220335709014 -0.9740769031240983 1.77093
0.8811597745333694 0.41014620693710124 -0.2352393263878524 -5.0861 0.4214174286131519 -0.9068630650409323 -0.00259463400982813 0.147698 -0.2143940358437731 -0.09684766491596195 -0.9719340138069789 1.73157
0.8749811537264414 0.41774135380075333 -0.24474505500266858 -5.21375 0.4312672009586555 -0.9022223361214536 0.0018594571339469873 0.161137 -0.22003768313821187 -0.10717750476783887 -0.969585684955645 1.68654
0.869050495761305 0.4253027454321432 -0.25272279387683155 -5.33678 0.4407443086453535 -0.8976186414208971 0.00502284485450407 0.180674 -0.22471246118931462 -0.11575123887710517 -0.9675256898318805 1.62997
0.8638231467821531 0.43091984855604504 -0.26099359226581437 -5.44645 0.44861399698126403 -0.8936775275791917 0.009271375973262642 0.193399 -0.2292488883198201 -0.12509420778108948 -0.9652960097212402 1.57196
0.8603141284210912 0.43442854409945797 -0.26670478156696664 -5.56522 0.45407062492684847 -0.8908618694605813 0.013601364627837592 0.196738 -0.23168829926778653 -0.1328042529922267 -0.9636822932738659 1.51588
0.857823941437109 0.4373955642881042 -0.26985775111786986 -5.683 0.4581488053402466 -0.8887338176237262 0.015870525424899702 0.204217 -0.23289001194256512 -0.137249122959123 -0.9627694015621516 1.45906
0.8561552578704578 0.43893806397788615 -0.2726381308843559 -5.7881 0.46095596065414113 -0.8872167089373694 0.019134098352452764 0.21032 -0.23349042112726587 -0.14205593044181064 -0.9619263671758477 1.40553
0.8563850941975065 0.4382212600613481 -0.27306903461683907 -5.89253 0.4608762209958297 -0.8872016506248087 0.021594907946509527 0.211314 -0.2328039504753544 -0.14434458202114622 -0.9617520274396149 1.35101
0.8579564316122599 0.4348222885672244 -0.27356962335083745 -5.9802 0.4582963847104228 -0.8884432014431929 0.025161509706819678 0.207801 -0.2321102867529007 -0.14696344843032108 -0.9615230416422449 1.3015
0.8612266360578905 0.42836588891090444 -0.2734800661144798 -6.05712 0.45266422952544483 -0.8911900985057067 0.02958553081362507 0.20223 -0.23104929485403097 -0.14927449059688408 -0.961422565683007 1.24476
0.8671270812987204 0.418338889303267 -0.27033904374853407 -6.13656 0.4428262676798356 -0.8959656596752092 0.03391803849744674 0.189118 -0.2280252651157532 -0.14912447947696772 -0.96216753639354 1.18489
0.873611254937186 0.4083379589968911 -0.2646950821026483 -6.21268 0.43212438691375205 -0.901090608724778 0.03611411223362296 0.179313 -0.22376748977786823 -0.14593089498204995 -0.9636556876853107 1.13697
0.8822126734622113 0.39528054255446066 -0.2558399723665345 -6.29168 0.4179250020152091 -0.9076535486284827 0.03877793641634739 0.162427 -0.21688589505370176 -0.14113230792406845 -0.9659410852566428 1.08393
0.8917416678634106 0.37999528904637336 -0.24576488377867559 -6.36016 0.40114364921611234 -0.9151151518408046 0.04059595503201935 0.143354 -0.20947689726975463 -0.13478812697691261 -0.9684790087225909 1.03253
0.902101258022265 0.3623655529354187 -0.2343171490105973 -6.42294 0.3819895922327755 -0.9231669653522415 0.042973311580220296 0.120275 -0.2007418035698696 -0.1282729906416041 -0.9712099506138588 0.98383
0.9123357418766258 0.34401414796670543 -0.22203098903794685 -6.4791 0.3617756483410984 -0.931240808386 0.0436913843219403 0.101115 -0.19173386336744255 -0.12018661653999269 -0.9740602152037952 0.941597
0.922790056542186 0.32324069124760657 -0.20969970688734618 -6.5258 0.3393822128448547 -0.9395630860345172 0.045176553275170735 0.0782629 -0.18242320343475815 -0.11285682470752084 -0.976721614363856 0.903219
0.9328733536164504 0.3023485527322716 -0.19578727939551663 -6.57041 0.3165950645690461 -0.9474771143116432 0.04532861068026828 0.059916 -0.1717989266640478 -0.10427113942209776 -0.9795982126773706 0.870199
0.9424081147558111 0.28087248878936616 -0.181597330056543 -6.60726 0.2931590899217002 -0.9550403065947907 0.044223984167058514 0.0433391 -0.16101146927681298 -0.09491394955745523 -0.9823780580513423 0.839532
0.951345101892762 0.2589528110707393 -0.16699083430898873 -6.64001 0.26943346063131934 -0.9620539671291898 0.043101909739810096 0.029934 -0.14949283393153476 -0.08599770909477436 -0.9850158814118527 0.81601
0.9596722232764064 0.23621605133880713 -0.15241784987861773 -6.66712 0.2450511690711043 -0.9686095956778412 0.04177769378141852 0.016074 -0.13776483008592527 -0.07744306457463417 -0.9874327437049498 0.796522
0.9670784465698106 0.21384136088183597 -0.13795343618890396 -6.68785 0.22105105334178304 -0.9744793676962706 0.03906908945399531 0.00611456 -0.12607819001163442 -0.06827762671974244 -0.9896678511970112 0.788769
0.9736949020540213 0.19177616358292998 -0.12304527945200848 -6.70661 0.19757627598188043 -0.9796005258665093 0.036693662820575 -0.000608807 -0.11349825057304365 -0.06003926051736069 -0.9917224583084658 0.778066
0.979173161849104 0.1712383816860624 -0.1090749089019415 -6.71747 0.17577541029268792 -0.9838647573605686 0.03336381813082371 -0.00164289 -0.10160179255734446 -0.051841642155393435 -0.9934734620953731 0.770125
0.9838735695029952 0.1507249173389141 -0.09630575541789987 -6.7228 0.1542415229202058 -0.9875734922489103 0.030135527447633238 -0.00387412 -0.09056683631821569 -0.04450389534039614 -0.9948954977578504 0.767734
0.987732913750685 0.13158106721063145 -0.08408396901486827 -6.7222 0.13417208453225066 -0.9906189939060381 0.025920274783642526 -0.00224793 -0.07988455937071078 -0.03688402993573569 -0.9961214913402117 0.773056
0.9908917511160346 0.11308318384986905 -0.07311450677242795 -6.72211 0.11502497935024868 -0.9930985326852951 0.022903242211280067 -0.00546529 -0.07001993784397101 -0.031104628412672128 -0.9970605349704881 0.774818
0.9932051523340558 0.097635456519869 -0.06333121668846484 -6.72132 0.09902685074553193 -0.9948993409120953 0.019208963639415412 -0.00391704 -0.06113270980830687 -0.025349932600206473 -0.9978076832279145 0.775061
0.9949622053314185 0.08401257447635961 -0.054700066653470825 -6.72278 0.08496938075727943 -0.9962644897371168 0.0154035977150375 -0.00284386 -0.05320163809286792 -0.01997382834351904 -0.9983840102313032 0.77676
0.9961788333553732 0.07304905588511995 -0.047870318664286024 -6.72291 0.07369241432121687 -0.9972110500668065 0.011813115430192443 -0.00171056 -0.04687387381300781 -0.01529565490423871 -0.9987837017566978 0.777151
0.9969648414699935 0.06445231957383996 -0.0436692497561203 -6.7143 0.06490377336252681 -0.9978509515185875 0.008998819742364965 -0.000996656 -0.042995407615425196 -0.011805805986946744 -0.9990055144337203 0.7849
0.9974404100619071 0.05791104611860061 -0.04193970806984543 -6.71046 0.05824985838058719 -0.9982781823018833 0.006901067938330748 -0.0022566 -0.041467847474592645 -0.009326386089865368 -0.9990963097461257 0.78499
0.9977733671024563 0.05353565473429373 -0.03977740028204027 -6.70628 0.053783329103752366 -0.9985391834716911 0.005181947723204067 -0.0014209 -0.03944187383409449 -0.0073097704381908934 -0.9991951290136459 0.789904
0.9979156206578562 0.051562343057475125 -0.038803850652589754 -6.70353 0.051750790263948805 -0.998652542941526 0.0038670639353710528 -0.00182935 -0.03855216925287116 -0.005867133443745182 -0.9992393642121246 0.790764
0.9979385418100286 0.0513651315869926 -0.038474537386752855 -6.70495 0.05149661552967802 -0.9986702039531496 0.0024335827832075714 -0.00209648 -0.03829837279914426 -0.004409874513535989 -0.9992566175150968 0.789963
0.9978302184311898 0.05325606421491671 -0.03871235991127864 -6.70884 0.05337272722966064 -0.9985726859895063 0.001985644422033566 -0.00233167 -0.038551357610750195 -0.004047520233325551 -0.9992484227689973 0.787828
0.9976092086719631 0.0564844988188949 -0.03981668200739343 -6.71482 0.05665549334797095 -0.9983887281969314 0.003178440311222429 -0.00646402 -0.039572993902378 -0.005426675086297829 -0.9992019462306457 0.781978
0.997258690917947 0.06137594490933304 -0.04132912744190326 -6.72574 0.061566614323992574 -0.9980973367201549 0.0033553588205229496 -0.00801653 -0.04104455371061205 -0.0058906551944775 -0.9991399525552345 0.775488
0.9967318427212084 0.06799740263459968 -0.04361177525086595 -6.73719 0.06827114201144997 -0.9976551766719342 0.004816599230169633 -0.012105 -0.043181997105696014 -0.007778283527859843 -0.9990369429762462 0.76551
0.9960553606321794 0.07565966887685198 -0.04636090013517787 -6.75036 0.07603832587057689 -0.9970839905813897 0.006456680655761178 -0.0174024 -0.04573720099326999 -0.009956416611192944 -0.998903888376437 0.758687
0.9951846710034642 0.08446363818341522 -0.049732930986905975 -6.76558 0.08499838852873613 -0.9963428103135672 0.00873374398418201 -0.022577 -0.04881336443275806 -0.012918907124224511 -0.9987243650234388 0.745218
0.9940829350312576 0.09441134630393955 -0.05371792967639545 -6.78388 0.09510372119942026 -0.9954122386409828 0.010476515535703267 -0.0288315 -0.0524823826980398 -0.015523300319986449 -0.9985011901112145 0.729974
0.9926881259167037 0.10584205797309616 -0.05803226195835031 -6.80232 0.10676347168147705 -0.9941993893936072 0.013005200648101792 -0.0350643 -0.056319142203173585 -0.01910583401473726 -0.9982299942037909 0.713774
0.9909282453334595 0.11835085782252228 -0.06367328366767311 -6.81461 0.11954438621762581 -0.9927115784695834 0.015259806560994224 -0.0400144 -0.06140319473937791 -0.022733156954126782 -0.9978541232317962 0.705562
0.9889510882854567 0.13138984229815362 -0.06864731837353368 -6.83325 0.13296474269558475 -0.9909409299187858 0.018879899671055654 -0.0466906 -0.06554481046511544 -0.02779897035068952 -0.997462327643773 0.691807
0.9866008186362526 0.14486523342578742 -0.07505257364520085 -6.84678 0.14684166866379847 -0.988926494095634 0.021492175779776607 -0.053343 -0.07110800946663748 -0.03222504337017576 -0.9969479412534451 0.683592
0.9839621210946309 0.15877863633374079 -0.08128892233848944 -6.86294 0.16121505019479576 -0.9866201016598596 0.02429984755873807 -0.0623648 -0.07634298816292667 -0.03701512724125253 -0.996394313770241 0.670349
0.9809722482152144 0.17324054649087903 -0.08764223458543907 -6.88162 0.17614964930833574 -0.9840048273656562 0.026566911179797786 -0.0705158 -0.08163791570182252 -0.04149955147500414 -0.9957976892658645 0.650333
0.9776523367741227 0.18787233638219872 -0.09433924751868548 -6.89845 0.19141075374829644 -0.9810546872415878 0.02989354430005646 -0.0802819 -0.08693579095865435 -0.047283039915009636 -0.9950911930003145 0.636664
0.9739681276392238 0.20295707893380835 -0.10096786842159737 -6.91795 0.20715771113810208 -0.9777538306039484 0.03291093215527047 -0.0879764 -0.09204221346190979 -0.052970471490841456 -0.9943451916166088 0.624457
0.9700671551301367 0.21797163666848646 -0.10704242217823903 -6.94124 0.22288978678045335 -0.9741707587596313 0.03621430279113252 -0.0987979 -0.09638390678265263 -0.058988968339386265 -0.9935947081821479 0.604617
0.9657742526076082 0.23330638207315738 -0.11335001139898333 -6.96286 0.23896829205869355 -0.9702420504819148 0.039045087619319324 -0.107497 -0.10086747935170519 -0.06479579894239519 -0.9927876188030601 0.592429
0.9612208615889165 0.2481613550612325 -0.12029296363642386 -6.98193 0.25468313685159805 -0.9661109559944646 0.042025236595311405 -0.118868 -0.10578731043793144 -0.07103212344872294 -0.9918485178638289 0.578923
0.9561830509094807 0.2640678479323017 -0.12642050799549967 -7.00652 0.27138242740033464 -0.9614505819051865 0.044321063304936584 -0.126221 -0.10984330317201654 -0.07668735386346862 -0.9909861242750474 0.571203
0.9513210592700958 0.2780745875548151 -0.13290133914089103 -7.02979 0.2863671502207457 -0.9569363351125266 0.047609934003888535 -0.14115 -0.11393900764738801 -0.08335091059865642 -0.989985115160174 0.557306
0.9462096971925275 0.2921603133838927 -0.13903078875648786 -7.05465 0.30133092429417674 -0.9522190640817033 0.04978481759916641 -0.153394 -0.11784261963671147 -0.08900115326663338 -0.989035849559745 0.543542
0.9405846560877201 0.30674891289298445 -0.1456214584850643 -7.07781 0.31696157703863903 -0.946985213262506 0.05248204019800297 -0.163509 -0.12180255914193246 -0.09552020886251321 -0.9879473803221189 0.529632
0.9354510539986974 0.31941197450410563 -0.15135163070186725 -7.10588 0.33055346329613877 -0.9422062699536652 0.054605427962146104 -0.180706 -0.1251628278509802 -0.10111051084525996 -0.9869705827029275 0.514161
0.9299651729593366 0.3322259399100393 -0.1574506333223276 -7.13266 0.3443808722294724 -0.9371160923524346 0.056703124222312204 -0.196511 -0.12871127349684228 -0.10695491716136334 -0.985897587870985 0.501083
0.9247065963382884 0.3443515044075621 -0.16229526210184514 -7.16412 0.35734823318390385 -0.9321528517438363 0.05825204911568438 -0.213211 -0.13122481064493918 -0.11186197923370825 -0.9850212924973335 0.482146
0.9195401270916504 0.35544973278128295 -0.1676348476122598 -7.19627 0.36946160213687224 -0.9272774082728213 0.06045438489716644 -0.231733 -0.133955512072951 -0.11752487214438394 -0.9839938136049023 0.463593
0.9141319955620647 0.36650379363415525 -0.17331377308653204 -7.22691 0.381510526592782 -0.9222895022215386 0.06190147163715033 -0.249365 -0.13715834932156165 -0.12270714463192155 -0.9829193984593373 0.448598
0.9096447611401254 0.37529080291825306 -0.17805398556420307 -7.26078 0.39121701452433305 -0.9181025310299032 0.06353731236961177 -0.275962 -0.13962684583199722 -0.12745413199052724 -0.9819673050369596 0.426027
0.9047809610053926 0.38440873332325615 -0.1833066784025287 -7.29282 0.40126183960682377 -0.9136893608741353 0.0645033944902293 -0.298056 -0.14268969366252773 -0.1319154182429947 -0.9809372934863217 0.410321
0.9004791745846225 0.3920243371073297 -0.18829279129843562 -7.32873 0.40999081969263124 -0.909635986101205 0.0668573149135791 -0.319039 -0.14506820432872897 -0.13740193559498298 -0.9798346412469764 0.381807
0.8967673321432745 0.3983047891349261 -0.19277356393659373 -7.36761 0.4172485122647765 -0.9061963763535905 0.06864259972096189 -0.345503 -0.14735002888857757 -0.14199092377966815 -0.9788393875149957 0.354749
0.8924085525879444 0.405935835324272 -0.19703571470034512 -7.40617 0.4255633469621265 -0.902336683856334 0.0684422872904387 -0.363843 -0.1500093763412241 -0.1449296607556222 -0.9780043867197004 0.341576
0.8884795953711082 0.4121221679446318 -0.20188939372292108 -7.44589 0.43265967142753065 -0.898905370671248 0.06909951735437665 -0.38495 -0.15300201740308245 -0.14874290997221784 -0.9769677217818322 0.326165
0.885635241823242 0.41632133574754876 -0.20573469284995322 -7.49244 0.43765571880149695 -0.8964110738287556 0.07003326722010239 -0.409416 -0.15526651358561772 -0.15206489443179855 -0.9760986515923546 0.302028
0.8847646468601265 0.4157097245423924 -0.21065835988007725 -7.54404 0.4372213880343332 -0.8968991669349244 0.06640287792535596 -0.432458 -0.16133498539314695 -0.1508552593459271 -0.975301857486115 0.283199
0.8841050133710323 0.41501647188155144 -0.21475486816181055 -7.59871 0.43654646729678015 -0.8974893743498799 0.06276945769849512 -0.459553 -0.16668985338918652 -0.1492452712686446 -0.9746488299798245 0.263316
0.8832830696697626 0.41446309613196164 -0.2191605821754212 -7.65735 0.436126310806346 -0.8979059387448388 0.05965539530667984 -0.482581 -0.17206062843430434 -0.1482742968671848 -0.9738633749306594 0.244457
0.8828094028078337 0.41351059234761117 -0.22283749309845569 -7.72002 0.43521639711822097 -0.898531325010189 0.05681677265446738 -0.511209 -0.1767321306200758 -0.14714091202572507 -0.973198492608125 0.229312
0.8823639512978133 0.41257259791830936 -0.22631329810032633 -7.78799 0.4344380356865477 -0.8990288571550068 0.0548699111661037 -0.533638 -0.1808243639527705 -0.14673433630033314 -0.9725078837477753 0.213104
0.8818444628468106 0.4114618912564469 -0.23032467386298094 -7.86361 0.43375625915788824 -0.8994121572729025 0.05397479959257908 -0.561589 -0.18494823867173105 -0.14750214708054935 -0.9716158014456399 0.197831
0.8815195625274254 0.4106678887858017 -0.2329702684929313 -7.95211 0.43299860608053814 -0.8998865435671269 0.052119246340676585 -0.584277 -0.18824310880817668 -0.14681993674914032 -0.9710862156159005 0.179461
0.8811004078453171 0.4095324869333068 -0.23652740526424554 -8.04872 0.43223383018777817 -0.900299859106723 0.05132328646547702 -0.607655 -0.1919270364904817 -0.14745611495843555 -0.9702683684555247 0.160673
0.880762358477214 0.4087265785540974 -0.23916574142865168 -8.15732 0.4314715017642104 -0.900763051889395 0.04958091887248647 -0.63345 -0.19516662382434255 -0.14686220866636976 -0.9697120606709206 0.138555
0.8800522881903059 0.4090175486425396 -0.24127290555189612 -8.27508 0.43149510444709716 -0.9009093346247472 0.04662987909252576 -0.658191 -0.1982925739638154 -0.14514480937478466 -0.9693363912607231 0.115039
0.879562350989856 0.4085122707291409 -0.24390120004812993 -8.40564 0.4312163661043162 -0.9010838484329924 0.045829506837581024 -0.68121 -0.2010535160721772 -0.14548409795200493 -0.968716605059553 0.0971041
0.878771139386388 0.40871696184005246 -0.24639750340818517 -8.54754 0.431900248366092 -0.9007347598317994 0.046250058292488634 -0.687527 -0.2030356127452954 -0.14706235934115727 -0.9680646685124681 0.0770114
0.8769748031758806 0.4108032861615563 -0.24931075924133578 -8.69649 0.4348101524713475 -0.8992562348182538 0.047732121766587525 -0.671695 -0.20458574217786618 -0.15026271732989294 -0.9672464990260587 0.0608049
0.8709197501456211 0.41871235362408277 -0.257252315303225 -8.83168 0.4416898589326853 -0.8964347368768454 0.03626059895486073 -0.690427 -0.21542715084759712 -0.14520581063828603 -0.9656637174682318 0.0777956
0.8691727543590678 0.42140001556641954 -0.2587677529378284 -8.97575 0.4437932258778718 -0.8955482061779937 0.03226426934381616 -0.712419 -0.21814283335645915 -0.1428825996823945 -0.9654005733182557 0.0730869
0.8679733779983019 0.42521650918405174 -0.2565407090571525 -9.1327 0.4443418219995362 -0.8956596596115425 0.0188180595882972 -0.726481 -0.22177141454287969 -0.13032534082773567 -0.9663502187249637 0.0651246
0.8664564757559399 0.4273697499883215 -0.2580857849931219 -9.28215 0.44511571146954493 -0.8953972248813187 0.011653886810595857 -0.744738 -0.22610877697152149 -0.12497562350215698 -0.9660517141989293 0.0682665
0.864390219051625 0.43077289403698726 -0.2593535482134033 -9.43256 0.44691187349461126 -0.894570496584604 0.00366114325200316 -0.760077 -0.2304329111420938 -0.11907283654710546 -0.9657755086246524 0.0703977
0.8623323745659806 0.4317907412199037 -0.26446102089374746 -9.57543 0.4474554031476127 -0.8943055384617671 -0.0011251980341256268 -0.78753 -0.23699480578570575 -0.11736421802821649 -0.9643957187572021 0.0757594
0.8603567589850422 0.4319533697091838 -0.2705596674776855 -9.71866 0.44704520225198713 -0.894487751276596 -0.006499996893767054 -0.816726 -0.2448200041096203 -0.11536008500785801 -0.9626812641652197 0.0867129
0.8588129139628384 0.4314909287446376 -0.2761448120493099 -9.86384 0.4458668710790182 -0.8950206166126506 -0.01186714424437918 -0.845777 -0.25227586504631166 -0.11293216658419675 -0.9610427741082779 0.0949219
0.8565344916748956 0.43065365862921373 -0.28440480108553123 -9.99894 0.444048712426148 -0.8957987579177484 -0.019113511077214 -0.871082 -0.2630007710329154 -0.10991820423520092 -0.9585137363719938 0.102966
0.8544614375921783 0.4301186917050717 -0.2913649991227934 -10.134 0.4425194875819452 -0.8963952143352821 -0.02553669569494229 -0.892996 -0.2721620009812548 -0.10711456839627806 -0.956271046544419 0.112767
0.8514612456220172 0.43026720748728275 -0.29980639980643903 -10.2634 0.4420182169604303 -0.8964629259237793 -0.03121086860852061 -0.915595 -0.28219433566059543 -0.10594504521341201 -0.9534893834310916 0.123754
0.8490189591880577 0.42963836600512284 -0.3075348458234851 -10.3904 0.4403625416326423 -0.8970375035283729 -0.037477315677932325 -0.941503 -0.29197198301560723 -0.10360787479739234 -0.9507984904352242 0.135842
0.8462845160982537 0.4297394718625955 -0.31484361854038334 -10.5188 0.4396757973724497 -0.8971406425229151 -0.04270668259736392 -0.963674 -0.3008117534559537 -0.1022871148132986 -0.9481822794831836 0.14635
0.842808871166119 0.430215685530419 -0.3234001710068871 -10.6377 0.4394118097571533 -0.8969960174447853 -0.04811866721073797 -0.985244 -0.310790070835018 -0.1015510148240089 -0.9450380538679797 0.1589
0.8393641352752539 0.4303014663830184 -0.33212722929962996 -10.7591 0.4384602509955287 -0.8971146824653065 -0.054201981533058705 -1.00832 -0.32127940598576005 -0.10012938896146419 -0.9416759786442683 0.171416
0.8348473744520742 0.43219632295450683 -0.3409343042216215 -10.8789 0.43922980223576424 -0.8963213158229922 -0.06070650401127424 -1.02591 -0.331823811982216 -0.0990678415326741 -0.9381250026385862 0.18521
0.831069522726833 0.4344664667681174 -0.3472208773225226 -10.9945 0.4390342607058981 -0.8957402894483497 -0.06998751163895027 -1.03217 -0.3414269560550536 -0.09427737328232604 -0.9351681188780792 0.194415
0.8269349894544071 0.43638635074347015 -0.35460608582036035 -11.114 0.4381618059120966 -0.8953269414900358 -0.08002436930053462 -1.03602 -0.3524099247409045 -0.08919989196683582 -0.9315850064364577 0.202781
0.8227786762990753 0.4390362090216427 -0.36094661238948555 -11.2251 0.43794078427807975 -0.8945125770599404 -0.08975031447011461 -1.03817 -0.3622749222530336 -0.08422859757522072 -0.9282577357916656 0.21272
0.8176131318984525 0.440442020705843 -0.37083634253368053 -11.3243 0.43808567441121543 -0.8938235230129099 -0.09571024806393787 -1.05327 -0.37361706120421484 -0.08420413354072188 -0.9237531896950517 0.224787
0.8129991755714436 0.44233643451911825 -0.3786433932040363 -11.4201 0.43795708133298156 -0.8930810164513361 -0.10295578159843284 -1.06489 -0.3837003198206236 -0.08212658979381675 -0.9197985039226739 0.234184
0.8081399821813215 0.44389915430544974 -0.3871218283781998 -11.5127 0.4379703561978146 -0.8923628196783226 -0.10895212319047874 -1.07826 -0.39381688167463463 -0.08149931817297874 -0.9155687439211799 0.244229
0.803711930315617 0.44550188579003963 -0.39443022554802176 -11.6112 0.43862706903419774 -0.8915137620752089 -0.11317908968081049 -1.09772 -0.4020614721392911 -0.08204438913189778 -0.9119294330336969 0.250407
0.7998318227533106 0.4479560233820887 -0.3995052645796083 -11.7194 0.4387319978667931 -0.8905451069012109 -0.12018172332814744 -1.10481 -0.4096135854179271 -0.07915057605612705 -0.9088189571917249 0.258842
0.79575902520478 0.4505560350924403 -0.4046811498537065 -11.8163 0.4398877518768098 -0.8892944409352533 -0.12511659790140334 -1.11259 -0.4162527351908988 -0.07845161925311017 -0.9058581588100095 0.263264
0.7922459630861174 0.453843115108938 -0.4078881719809557 -11.914 0.44132025632508237 -0.8877903224531836 -0.13063221163111366 -1.1175 -0.4214057015880469 -0.0765164702968435 -0.9036384589217075 0.265579
0.789361465022959 0.45714356925153327 -0.4097904764983887 -12.0158 0.443055087486605 -0.8862394000757481 -0.13521063273875578 -1.12139 -0.42498313729964005 -0.07482969227082562 -0.9021030152735379 0.266496
0.7869954695919985 0.4597776618619543 -0.41139109433047344 -12.1138 0.4444639887643261 -0.8849778385813856 -0.13880197373065048 -1.131 -0.4278900484159161 -0.07361200223179382 -0.9008281631887691 0.269278
0.7855174286972813 0.45981618753814546 -0.41416354606688444 -12.2031 0.4436480880133157 -0.8850184249383652 -0.14113384258123218 -1.15394 -0.4314379946353132 -0.07287977221081174 -0.8991939699461731 0.271432
0.7838211430809745 0.46046231240318725 -0.41665198249323665 -12.2916 0.44369906986360186 -0.8846912848008348 -0.1430121183663221 -1.17531 -0.4344600684313914 -0.07277217499675259 -0.8977464338469037 0.278373
0.7830589238998684 0.45883640660882813 -0.419866495056558 -12.3736 0.44177177468401724 -0.8855269491153137 -0.14380445571351003 -1.20715 -0.43778581611709894 -0.07287780430846631 -0.8961207534957902 0.288516
0.7836161482306901 0.4584242056248515 -0.4192767343048276 -12.463 0.44062728056101136 -0.8858884915696167 -0.1450833557990619 -1.22826 -0.4379421558351113 -0.07105510679559424 -0.8961907385934994 0.284602
0.7847650516934086 0.45792062633134506 -0.41767512928225736 -12.5582 0.4392476915262324 -0.8863477579044949 -0.14645517248137965 -1.24935 -0.43727025868393743 -0.06852993534203525 -0.8967153220685475 0.28389
0.7853108514573968 0.46061823762507137 -0.41366375929060023 -12.6767 0.44105504691121256 -0.8851422625214744 -0.1483024635416191 -1.26603 -0.4344620952136175 -0.06598495484228578 -0.8982698222455516 0.293536
0.7857745438861475 0.4625868085356519 -0.41057497579530716 -12.7924 0.44218859912603103 -0.8842853179404743 -0.1500290614443502 -1.28499 -0.4324668877306969 -0.06366255605702989 -0.8993995052104545 0.304033
0.7876066457857389 0.4627739953727498 -0.4068365774126999 -12.9193 0.44142899116444295 -0.8844226130705131 -0.15144994965026484 -1.31146 -0.4299025671866589 -0.06030647308761877 -0.9008589856520566 0.313276
0.7901706173744122 0.4629361591923525 -0.40164724317536765 -13.0522 0.4405833420368101 -0.8846080346046016 -0.1528232437578106 -1.33562 -0.4260477838902759 -0.05620264784880537 -0.9029532370045349 0.316369
0.7936568851926304 0.4628294560873081 -0.3948387559045576 -13.2017 0.43938093883857776 -0.8849718560651825 -0.15417264529700614 -1.36493 -0.4207768282256786 -0.05112444181087044 -0.9057224477056232 0.323715
0.7977668329240653 0.4617175989852519 -0.38779497040781785 -13.3479 0.4371569284094413 -0.885856778942832 -0.1554078091495178 -1.39613 -0.415285323879774 -0.04554806239923347 -0.9085502043265119 0.326236
0.8013549531587023 0.4602924047990456 -0.3820486109545822 -13.4878 0.4348872790111212 -0.8868234256499947 -0.15626025173636374 -1.42827 -0.41073506497779977 -0.0409281541572559 -0.9108356561943338 0.333274
0.8056379921128081 0.4587720655423756 -0.3748007704666916 -13.6253 0.43206699860077746 -0.8878804278455463 -0.158071042790657 -1.4573 -0.4052968472423134 -0.034591006443759675 -0.9135304745265203 0.334944
0.8095514857835596 0.45906392613876956 -0.3659053205184223 -13.7697 0.4311381806053821 -0.887958639094368 -0.16015406483120834 -1.48026 -0.39842974423342425 -0.02810279302376051 -0.9167682214902259 0.341894
0.8130661861600053 0.45829547865588044 -0.35901062820869345 -13.9062 0.42907515476103936 -0.8885297638793026 -0.1625096005391084 -1.50906 -0.3934690438776771 -0.021911479734784273 -0.9190767098375512 0.348892
0.8181783983054226 0.4553641494672029 -0.3510378895879821 -14.0436 0.4247333411275805 -0.8901911354405706 -0.16480695166657916 -1.54528 -0.38753799488692164 -0.014256007962917386 -0.9217434940133754 0.350471
0.822748668482419 0.45198378718173593 -0.34466691839406616 -14.1735 0.4197358458549253 -0.8920016133430795 -0.16779434286588468 -1.57319 -0.3832837698296877 -0.006616488358554745 -0.9236069368876265 0.357874
0.8273297783329049 0.4493641765540975 -0.3370419480027436 -14.3053 0.41555917984764873 -0.8933475491144401 -0.1709991945465597 -1.60198 -0.37793651044583637 0.001411850233036513 -0.9258304384448285 0.355931
0.8318511718159215 0.44740538873783386 -0.32840835262950624 -14.441 0.41162216448558375 -0.894264255591314 -0.175666259924655 -1.62475 -0.37227788230390674 0.010948027222342338 -0.9280567434415085 0.361063
0.8375593370537959 0.4418473174970692 -0.3213491947004853 -14.5631 0.4041479837226557 -0.8968512512628033 -0.17978387124894352 -1.66127 -0.3676394486000084 0.020707030907129872 -0.9297378419232452 0.353946
0.842265919798155 0.43912616890111716 -0.3126600840094493 -14.6934 0.39921744220993066 -0.8978726094344238 -0.18560768050589915 -1.68413 -0.3622341151547283 0.03151166472350886 -0.9315543252030043 0.351595
0.8468293932719804 0.4361690666050918 -0.3043624878782742 -14.8203 0.39427230852493267 -0.8988891754561434 -0.19117425814736344 -1.70752 -0.35697244350373875 0.04189028031199375 -0.9331751598678313 0.348534
0.8515219443347424 0.4337208364795133 -0.29461265132354897 -14.9524 0.3897101033753455 -0.899452310722997 -0.19776646849817264 -1.72729 -0.35076546814582155 0.053588960976794664 -0.9349287724836957 0.340851
0.8562878520910218 0.42903487328470064 -0.287576410484109 -15.0724 0.38299673836792064 -0.9009927224207825 -0.2037783416958754 -1.75139 -0.34653226799373016 0.06435209126646342 -0.9358280801454688 0.32581
0.8602143465867872 0.42714856291970277 -0.2785235773177904 -15.1949 0.3793409341565079 -0.9010467453644101 -0.2102741504357389 -1.76713 -0.34078106402723496 0.075225446916828 -0.9371282721893673 0.304444
0.8650943494565247 0.42045124510375675 -0.2735553271809807 -15.3031 0.37051518484247303 -0.9032331529964498 -0.21653722342645917 -1.79437 -0.3381275858896177 0.08596872581813056 -0.9371654676958955 0.271906
0.8697001138480782 0.4166552204771064 -0.26461318792118727 -15.41 0.365351444043491 -0.9038961208542486 -0.22246376118365355 -1.80817 -0.331873521552979 0.09679994810853779 -0.9383441456833461 0.209101
0.8734038824936257 0.4137769484886803 -0.25681568282419454 -15.407 0.3616196144627831 -0.9042490726060985 -0.22707899314291297 -1.79957 -0.3261853958730363 0.10546208603288197 -0.9394045113414902 0.103958
0.8780679409059867 0.40726498001947326 -0.25126067579877626 -15.3101 0.3535561875374717 -0.9059563291924783 -0.232897298932507 -1.78385 -0.32248211331341753 0.11566488510272854 -0.9394822621779956 0.0205271
0.8827651439801019 0.40248411403863216 -0.24234735096618532 -15.2117 0.3483582334242573 -0.9068601809023289 -0.23717325629026167 -1.76237 -0.3152336304700384 0.12494458867967365 -0.9407532131118908 -0.0427251
0.8858621453092848 0.4000218501206676 -0.2350122952827579 -15.1063 0.3453147312095063 -0.90679178656106 -0.24183960022111334 -1.73355 -0.30984834341615974 0.13308333949612056 -0.941425955044167 -0.0936065
0.8900294018834597 0.39481502035985416 -0.22796658413289242 -15.0003 0.33990565493527825 -0.9078985100802367 -0.24532517428324804 -1.71539 -0.3038285857617593 0.14085948705122572 -0.9422562259712987 -0.140478
0.8933040258662505 0.3933723049085739 -0.21740778988358553 -14.9098 0.3390116891230518 -0.9073122521899141 -0.2487077635780623 -1.68434 -0.2950914976902666 0.1484678643915308 -0.9438634971403087 -0.174938
0.8961302899911325 0.39039351302895303 -0.21105309366441763 -14.8058 0.33638003457339744 -0.9077210278233607 -0.2507807966884655 -1.66406 -0.2894805273257749 0.15373822111698254 -0.9447568913043063 -0.209933
0.897506612832983 0.3895630843829686 -0.20669417797096723 -14.6979 0.3353383688487134 -0.9072579508622539 -0.2538329942602187 -1.63547 -0.28640890052327295 0.15850430241243313 -0.9449054597248329 -0.241819
0.9003782518537927 0.3857028776830881 -0.20137600089308688 -14.5971 0.33196472210623784 -0.9081351536857939 -0.255127352349777 -1.6235 -0.28127997949665023 0.1628613913334398 -0.9457048907282334 -0.273847
0.8994325327778866 0.38861272551927134 -0.20000317133795567 -14.4848 0.3346180911837194 -0.9066672151423273 -0.2568760285402686 -1.58744 -0.28116161194821787 0.1641179775361013 -0.9455228381250976 -0.296046
0.8986417572801202 0.3908656358930257 -0.19916587747513073 -14.3761 0.33704198651571804 -0.9057753457422526 -0.2568535037157209 -1.56151 -0.28079474959129247 0.16369202095228713 -0.9457056787809408 -0.313711
