1 0 0 0 0 1 0 0 0 0 1 0
0.999603 0.0240781 -0.0146149 -0.119225 -0.0243307 0.999553 -0.0173618 -0.0749629 0.0141903 0.0177105 0.999742 0.208962
0.998379 0.0490368 -0.0289171 -0.257585 -0.0500378 0.998135 -0.034975 -0.159479 0.0271481 0.0363653 0.99897 0.433876
0.996229 0.0754743 -0.0428002 -0.400973 -0.0778036 0.995414 -0.0556528 -0.235249 0.0384035 0.0587729 0.997533 0.655825
0.993085 0.101405 -0.0591678 -0.535134 -0.105753 0.991509 -0.0756767 -0.315342 0.0509914 0.0814107 0.995375 0.878214
0.988965 0.127165 -0.076013 -0.669438 -0.134106 0.986449 -0.0945159 -0.400568 0.0629638 0.103667 0.992617 1.09845
0.983821 0.154198 -0.0912146 -0.810901 -0.164263 0.97961 -0.115686 -0.479302 0.0715161 0.128798 0.989089 1.31586
0.97764 0.179989 -0.108748 -0.94438 -0.194058 0.971406 -0.136791 -0.5554 0.0810176 0.154836 0.984613 1.53091
0.970358 0.20569 -0.126881 -1.0752 -0.224298 0.961968 -0.155912 -0.638064 0.0899858 0.17975 0.979588 1.74506
0.962013 0.231542 -0.144643 -1.20762 -0.255425 0.950412 -0.177417 -0.710112 0.0963905 0.207623 0.973449 1.96208
0.952874 0.255608 -0.163398 -1.32617 -0.285273 0.938203 -0.19595 -0.794332 0.103213 0.233329 0.966905 2.17493
0.942605 0.280779 -0.180722 -1.45345 -0.316399 0.92402 -0.21466 -0.872141 0.106719 0.259519 0.959825 2.39495
0.931733 0.303721 -0.19907 -1.55601 -0.345767 0.909522 -0.230688 -0.961326 0.110994 0.283772 0.952447 2.6123
0.920318 0.325189 -0.217414 -1.6032 -0.374339 0.893447 -0.248244 -1.05417 0.113522 0.309849 0.943987 2.84596
0.908459 0.347325 -0.232529 -1.58218 -0.402678 0.876406 -0.264132 -1.16819 0.11205 0.333587 0.936037 3.07519
0.896351 0.366821 -0.248998 -1.5754 -0.428978 0.859422 -0.278163 -1.29612 0.111958 0.356145 0.927702 3.2863
0.884299 0.384736 -0.264572 -1.59851 -0.453569 0.842355 -0.291059 -1.42733 0.110883 0.377385 0.919395 3.50077
0.872678 0.400785 -0.278942 -1.6419 -0.476193 0.824927 -0.304527 -1.54373 0.108057 0.398584 0.910746 3.71418
0.860868 0.41721 -0.291284 -1.71536 -0.498218 0.80745 -0.315922 -1.65561 0.103392 0.41709 0.902966 3.92536
0.849594 0.433107 -0.301018 -1.81887 -0.518344 0.791143 -0.324674 -1.75879 0.09753 0.431871 0.896649 4.12765
0.839103 0.447723 -0.308959 -1.95199 -0.53639 0.775521 -0.332951 -1.83641 0.0905342 0.445102 0.890893 4.32448
0.828898 0.46187 -0.315607 -2.11066 -0.553204 0.760553 -0.339893 -1.8821 0.0830492 0.456331 0.885929 4.50026
0.820019 0.475275 -0.318885 -2.30117 -0.567537 0.747265 -0.34569 -1.89716 0.0739933 0.464452 0.882504 4.66462
0.812186 0.487833 -0.319964 -2.50046 -0.579822 0.735629 -0.350227 -1.89626 0.0645221 0.46997 0.880324 4.81041
0.805628 0.49964 -0.318322 -2.70375 -0.589903 0.726086 -0.353296 -1.8884 0.0546082 0.472405 0.879691 4.94712
0.800379 0.510237 -0.314734 -2.9054 -0.597817 0.718587 -0.355318 -1.87847 0.0448672 0.472541 0.880169 5.08583
0.796576 0.520811 -0.306967 -3.10438 -0.60361 0.713397 -0.355986 -1.87145 0.0335874 0.468858 0.882638 5.21849
0.794677 0.530239 -0.295533 -3.30531 -0.606626 0.711556 -0.354536 -1.87034 0.0222995 0.461018 0.887114 5.3548
0.794726 0.53803 -0.280967 -3.49865 -0.606882 0.712423 -0.352357 -1.87329 0.0105881 0.45054 0.892698 5.49474
0.795799 0.545809 -0.2623 -3.69009 -0.605559 0.715476 -0.348419 -1.88064 -0.00250105 0.436109 0.899894 5.63566
0.800129 0.550212 -0.238889 -3.8773 -0.599632 0.723378 -0.342306 -1.89671 -0.0155341 0.417133 0.908717 5.77919
0.805498 0.553231 -0.212398 -4.05957 -0.591893 0.73355 -0.334022 -1.91882 -0.0289867 0.39477 0.918326 5.92262
0.810537 0.556817 -0.181643 -4.24053 -0.583898 0.743942 -0.324994 -1.94165 -0.0458307 0.36948 0.928112 6.07012
0.816032 0.558362 -0.149429 -4.412 -0.574667 0.75596 -0.313507 -1.96946 -0.0620882 0.341702 0.937758 6.2189
0.822176 0.557659 -0.114248 -4.58527 -0.56367 0.769556 -0.300113 -2.00089 -0.0794404 0.311143 0.947041 6.36767
0.826893 0.557432 -0.0743179 -4.76579 -0.553224 0.782588 -0.285486 -2.03861 -0.100978 0.27718 0.9555 6.52149
0.833141 0.551917 -0.0356717 -4.94609 -0.539725 0.797268 -0.270313 -2.07857 -0.12075 0.244461 0.962116 6.68705
0.837272 0.546769 0.00501657 -5.13413 -0.527255 0.809752 -0.257501 -2.11172 -0.144855 0.212953 0.966268 6.86179
0.842073 0.537706 0.0423683 -5.31962 -0.513415 0.823147 -0.242576 -2.1363 -0.165309 0.182513 0.969212 7.03707
0.847924 0.524185 0.0791229 -5.50303 -0.49659 0.837632 -0.22754 -2.17791 -0.185548 0.153644 0.970552 7.22519
0.851787 0.510522 0.117628 -5.70127 -0.481106 0.851119 -0.210104 -2.23237 -0.207377 0.122372 0.970582 7.41855
0.853834 0.496115 0.157618 -5.91372 -0.466071 0.863442 -0.192997 -2.29215 -0.231843 0.0913258 0.96846 7.61946
0.854467 0.481185 0.195851 -6.12657 -0.452055 0.874432 -0.176139 -2.35621 -0.256013 0.0619693 0.964691 7.82425
0.853948 0.465986 0.231594 -6.33627 -0.438945 0.88409 -0.160359 -2.42278 -0.279475 0.0352802 0.959508 8.03039
0.853887 0.44937 0.26259 -6.54049 -0.424385 0.893219 -0.148551 -2.48712 -0.301304 0.0154062 0.95341 8.23359
0.849741 0.43649 0.295674 -6.74943 -0.414399 0.899691 -0.137231 -2.55405 -0.325915 -0.00591716 0.945384 8.44231
0.845767 0.423651 0.324359 -6.9511 -0.403887 0.90558 -0.129656 -2.62592 -0.348661 -0.0213453 0.937012 8.64912
0.841518 0.411479 0.350055 -7.1551 -0.392511 0.910914 -0.127173 -2.7034 -0.371199 -0.0303824 0.92806 8.85419
0.836211 0.403088 0.371862 -7.3556 -0.384167 0.914444 -0.127348 -2.79366 -0.391378 -0.0363671 0.919518 9.05856
0.831747 0.395856 0.389233 -7.55505 -0.374756 0.917619 -0.132424 -2.88919 -0.409588 -0.0357248 0.911575 9.25697
0.827698 0.390845 0.402699 -7.76254 -0.365107 0.920003 -0.142488 -2.97621 -0.426173 -0.0290912 0.904181 9.4486
0.822065 0.39184 0.413131 -7.98299 -0.360706 0.919774 -0.154629 -3.04203 -0.440577 -0.0219039 0.897452 9.63625
0.81837 0.393865 0.418511 -8.20244 -0.353579 0.919156 -0.173625 -3.06492 -0.45306 -0.00588659 0.891468 9.77802
0.813366 0.398127 0.42419 -8.44673 -0.347078 0.917257 -0.195395 -3.09553 -0.466883 0.0117006 0.884247 9.9451
0.809001 0.404347 0.426651 -8.69825 -0.341071 0.914049 -0.219537 -3.11488 -0.478747 0.0320881 0.877374 10.0967
0.804188 0.412974 0.427483 -8.95898 -0.336089 0.909132 -0.246021 -3.12563 -0.490238 0.0541747 0.869908 10.2383
0.800657 0.424534 0.422765 -9.22008 -0.332104 0.901783 -0.276596 -3.13022 -0.498665 0.0810568 0.863005 10.3684
0.796364 0.437524 0.417592 -9.48675 -0.328623 0.89264 -0.308552 -3.13017 -0.507758 0.108488 0.854647 10.4932
0.790348 0.455871 0.409319 -9.75226 -0.328019 0.879133 -0.345746 -3.1029 -0.517459 0.138996 0.844352 10.619
0.787894 0.469897 0.398028 -10.0231 -0.324834 0.866233 -0.37964 -3.0947 -0.523177 0.169823 0.835138 10.7265
0.785523 0.484056 0.385559 -10.2966 -0.322261 0.851857 -0.412914 -3.08567 -0.528312 0.200103 0.825142 10.8242
0.783138 0.498634 0.371573 -10.5719 -0.319196 0.835132 -0.447966 -3.05972 -0.533683 0.232214 0.813184 10.9173
0.781209 0.512456 0.356529 -10.8503 -0.31578 0.817035 -0.48244 -3.03235 -0.538523 0.264301 0.800095 11.0013
0.779221 0.525467 0.341623 -11.1327 -0.313228 0.798607 -0.513927 -3.00804 -0.542873 0.293456 0.786881 11.0531
0.777692 0.537673 0.325753 -11.4186 -0.311477 0.779657 -0.543256 -2.97328 -0.546067 0.321021 0.773803 11.073
0.775222 0.549492 0.311603 -11.7063 -0.3096 0.760476 -0.570815 -2.92153 -0.550624 0.346035 0.759659 11.0642
0.772756 0.560111 0.298556 -11.9912 -0.30756 0.74191 -0.595808 -2.85014 -0.555218 0.36859 0.74558 11.0318
0.770448 0.570133 0.285247 -12.2672 -0.306968 0.723926 -0.617825 -2.76155 -0.55874 0.388438 0.732759 11.0034
0.76765 0.579237 0.274247 -12.5435 -0.30638 0.707544 -0.636808 -2.66689 -0.562902 0.404821 0.720609 11.0054
0.764565 0.58777 0.264528 -12.8157 -0.306194 0.692348 -0.653381 -2.57457 -0.567182 0.418554 0.709315 11.0428
0.764227 0.591375 0.257386 -13.0855 -0.302711 0.681279 -0.666511 -2.49693 -0.569507 0.431451 0.699664 11.1201
0.764165 0.593404 0.252849 -13.344 -0.299431 0.673545 -0.675785 -2.44486 -0.571318 0.440699 0.692381 11.2388
0.763368 0.59537 0.250635 -13.5942 -0.296539 0.667677 -0.68285 -2.39586 -0.573888 0.446942 0.68623 11.3764
0.762264 0.596836 0.2505 -13.8348 -0.294031 0.664056 -0.687446 -2.33763 -0.576638 0.450358 0.681673 11.5211
0.761093 0.597128 0.25336 -14.0754 -0.290754 0.663211 -0.689657 -2.25635 -0.579841 0.451225 0.678378 11.6596
0.758374 0.598053 0.259251 -14.3119 -0.288168 0.664364 -0.689629 -2.14263 -0.58467 0.448287 0.676174 11.7875
0.755862 0.598255 0.266046 -14.5401 -0.286176 0.667339 -0.687588 -1.99138 -0.588892 0.443584 0.675618 11.8769
0.752327 0.59744 0.277631 -14.7744 -0.282553 0.673308 -0.683249 -1.82421 -0.59513 0.43558 0.675354 11.9487
0.748765 0.595644 0.29082 -15.0036 -0.279656 0.681662 -0.676125 -1.64894 -0.600967 0.424927 0.676975 11.9702
0.74453 0.593481 0.305721 -15.2315 -0.276808 0.691158 -0.667598 -1.48299 -0.607507 0.412418 0.678867 11.9127
0.740505 0.589456 0.32282 -15.4228 -0.272293 0.702297 -0.657763 -1.34049 -0.614434 0.399173 0.680554 11.756
0.735485 0.58454 0.342619 -15.5634 -0.267699 0.71523 -0.645595 -1.19784 -0.622426 0.383104 0.682518 11.5522
0.729592 0.57823 0.365193 -15.6811 -0.261888 0.729507 -0.631864 -1.03125 -0.631769 0.36536 0.683668 11.3455
0.723292 0.570873 0.388543 -15.7998 -0.256393 0.744444 -0.616503 -0.858468 -0.641192 0.34629 0.684815 11.148
0.715808 0.561369 0.415337 -15.94 -0.250357 0.761541 -0.597825 -0.692362 -0.651891 0.323943 0.685654 10.9569
0.708301 0.550485 0.441916 -16.0871 -0.245623 0.779084 -0.576808 -0.539486 -0.661812 0.300007 0.687034 10.7676
0.699978 0.5378 0.469918 -16.2475 -0.238478 0.796233 -0.556022 -0.381086 -0.673187 0.277136 0.685594 10.5915
0.69269 0.521297 0.498442 -16.4105 -0.230682 0.814915 -0.531704 -0.235091 -0.683361 0.253322 0.684734 10.4162
0.683257 0.503277 0.52905 -16.5857 -0.221641 0.833301 -0.506462 -0.0846819 -0.695743 0.228783 0.6809 10.2484
0.672964 0.483574 0.559722 -16.7639 -0.212557 0.851216 -0.479855 0.0610586 -0.708488 0.20395 0.675622 10.081
0.664865 0.45636 0.591364 -16.9466 -0.197254 0.870845 -0.450267 0.203503 -0.720464 0.182716 0.669007 9.91917
0.656234 0.427323 0.621905 -17.1263 -0.180844 0.889239 -0.420191 0.348219 -0.732577 0.163274 0.660824 9.75486
0.645261 0.395531 0.653617 -17.3119 -0.162788 0.90709 -0.388212 0.491941 -0.746432 0.144096 0.649693 9.59664
0.633113 0.36096 0.684755 -17.4984 -0.144323 0.924155 -0.353721 0.624992 -0.760497 0.125118 0.637186 9.43938
0.619101 0.325266 0.7148 -17.6808 -0.12427 0.939313 -0.319797 0.761136 -0.775432 0.109158 0.621945 9.29039
0.602198 0.288595 0.744369 -17.8605 -0.105689 0.952993 -0.28398 0.891068 -0.791331 0.0923394 0.604388 9.14835
0.584221 0.249776 0.772218 -18.0379 -0.0862395 0.965195 -0.24695 1.01643 -0.807015 0.077677 0.585422 9.00709
0.564939 0.208255 0.798429 -18.2104 -0.0676712 0.976065 -0.206709 1.12719 -0.822364 0.0627465 0.565506 8.86854
0.543846 0.168715 0.822065 -18.3787 -0.0481445 0.984253 -0.170151 1.25181 -0.837818 0.0529575 0.5434 8.73135
0.520771 0.128009 0.844054 -18.5409 -0.0299736 0.990831 -0.131778 1.36221 -0.853181 0.0433259 0.51983 8.59404
0.495694 0.087699 0.864072 -18.7022 -0.0119134 0.995493 -0.0942038 1.47538 -0.86843 0.0364018 0.494501 8.46374
0.468236 0.0487077 0.882269 -18.8618 0.0054792 0.998306 -0.0580235 1.58627 -0.883597 0.0320022 0.467172 8.33926
0.439801 0.00941364 0.89806 -19.0479 0.0222671 0.999535 -0.0213827 1.6453 -0.897833 0.0294009 0.439383 8.23257
0.40942 -0.0268401 0.91196 -19.2583 0.0379943 0.999207 0.0123487 1.64994 -0.911565 0.029593 0.410112 8.27953
0.37742 -0.06117 0.924033 -19.4481 0.0519757 0.997654 0.0448135 1.64748 -0.924596 0.031113 0.379711 8.381
0.343883 -0.0938831 0.934316 -19.6227 0.0654354 0.994972 0.0758924 1.64407 -0.93674 0.0350387 0.348295 8.49475
0.309999 -0.124014 0.942627 -19.79 0.0770673 0.991484 0.105096 1.63972 -0.947622 0.0400652 0.316914 8.61245
0.275664 -0.148697 0.949692 -19.9448 0.0904702 0.987597 0.12837 1.64838 -0.956998 0.0505314 0.285695 8.7283
0.239052 -0.171026 0.95584 -20.0855 0.101317 0.983399 0.150617 1.66192 -0.96572 0.0608366 0.252409 8.8562
0.201384 -0.190884 0.960742 -20.2083 0.10978 0.979052 0.17151 1.67537 -0.973352 0.0709302 0.218119 8.98797
0.161739 -0.207615 0.964761 -20.3191 0.124538 0.97411 0.188748 1.69251 -0.978957 0.0896198 0.183406 9.12905
0.122334 -0.22021 0.96776 -20.4168 0.138637 0.969312 0.203037 1.70893 -0.982769 0.109328 0.149108 9.26849
0.0813606 -0.229775 0.969851 -20.5108 0.149024 0.964942 0.21611 1.71676 -0.985494 0.126947 0.11275 9.41936
0.0406625 -0.234838 0.971192 -20.6118 0.158734 0.961168 0.225768 1.71218 -0.986494 0.14498 0.0763592 9.56927
3.08005e-05 -0.236259 0.971704 -20.7217 0.168076 0.957882 0.232892 1.69181 -0.985788 0.163311 0.0397392 9.71845
-0.040544 -0.234809 0.971204 -20.838 0.175029 0.955303 0.23827 1.64953 -0.983739 0.179648 0.00236574 9.85968
-0.0785749 -0.231376 0.969701 -20.9661 0.181257 0.953179 0.242121 1.59301 -0.980306 0.194787 -0.0329563 9.98608
-0.11605 -0.225365 0.967347 -21.0993 0.186173 0.951728 0.244059 1.52877 -0.97565 0.208416 -0.0684915 10.108
-0.153295 -0.21733 0.964 -21.2346 0.18993 0.950862 0.24457 1.46204 -0.96977 0.220581 -0.104483 10.2289
-0.189699 -0.206659 0.959856 -21.3809 0.193545 0.950552 0.242906 1.39751 -0.962588 0.231853 -0.140321 10.3492
-0.224882 -0.1952 0.954649 -21.5303 0.19541 0.950804 0.240444 1.33407 -0.954605 0.240616 -0.175672 10.4699
-0.258826 -0.182438 0.948548 -21.687 0.197159 0.951356 0.236775 1.27734 -0.9456 0.248296 -0.210266 10.5896
-0.29118 -0.169122 0.941616 -21.846 0.197964 0.952309 0.232259 1.229 -0.935977 0.254032 -0.24381 10.7104
-0.322581 -0.155938 0.933618 -22.0113 0.1982 0.953349 0.227715 1.18451 -0.92557 0.258498 -0.276625 10.833
-0.352804 -0.142783 0.924755 -22.18 0.197379 0.954708 0.22271 1.14664 -0.914658 0.261096 -0.308638 10.9588
-0.382527 -0.128037 0.91504 -22.3518 0.196648 0.956386 0.216028 1.11873 -0.902787 0.262576 -0.340664 11.0899
-0.409716 -0.115836 0.904845 -22.5284 0.195205 0.957809 0.211005 1.08657 -0.891098 0.263078 -0.369814 11.2144
-0.435455 -0.102399 0.894378 -22.7077 0.194382 0.959384 0.204481 1.065 -0.878987 0.262891 -0.397862 11.3415
-0.460607 -0.0898975 0.883057 -22.8871 0.192713 0.961012 0.198353 1.04262 -0.866448 0.261535 -0.425319 11.4732
-0.483882 -0.0785595 0.871611 -23.0762 0.19055 0.962617 0.192546 1.02055 -0.85415 0.259253 -0.45082 11.6054
-0.505568 -0.0667674 0.860217 -23.2686 0.191726 0.963394 0.187457 1.00482 -0.841232 0.259695 -0.474254 11.7357
-0.52681 -0.0553473 0.848191 -23.4733 0.192198 0.964284 0.182295 1.03416 -0.827982 0.259053 -0.497354 11.8409
-0.545936 -0.0444243 0.836666 -23.6937 0.192622 0.965204 0.176937 1.09517 -0.815401 0.257753 -0.518376 11.9193
-0.564319 -0.0359176 0.824788 -23.9136 0.191596 0.966086 0.173159 1.14947 -0.803031 0.255741 -0.538296 11.9967
-0.581771 -0.0264803 0.81294 -24.1379 0.191873 0.966808 0.168804 1.21308 -0.790415 0.254183 -0.557373 12.0821
-0.598462 -0.0184975 0.800951 -24.3685 0.190927 0.967644 0.165005 1.26865 -0.778084 0.25167 -0.575563 12.1764
-0.613926 -0.0118387 0.789294 -24.5932 0.188899 0.968648 0.161457 1.32163 -0.766447 0.248216 -0.592434 12.2751
-0.627862 -0.00604923 0.778316 -24.8165 0.187087 0.969487 0.158456 1.36879 -0.755522 0.245099 -0.607568 12.3826
-0.640813 6.19242e-05 0.767717 -25.0371 0.186186 0.970173 0.155331 1.40668 -0.744797 0.242473 -0.621704 12.5028
-0.652546 0.00495928 0.757748 -25.258 0.183747 0.971177 0.151879 1.43376 -0.73515 0.23834 -0.634644 12.6344
-0.663213 0.00883496 0.7484 -25.4997 0.181456 0.972011 0.149327 1.46805 -0.726121 0.234833 -0.646246 12.7413
-0.67322 0.0113193 0.739371 -25.7561 0.178308 0.972871 0.147459 1.52152 -0.71764 0.231106 -0.656969 12.7776
-0.682607 0.0139898 0.730674 -26.0119 0.175207 0.973806 0.145037 1.60106 -0.709493 0.227018 -0.667169 12.7598
-0.690685 0.0156932 0.723002 -26.2696 0.172402 0.97452 0.143542 1.68729 -0.702324 0.223787 -0.675786 12.7016
-0.697579 0.0180738 0.716303 -26.5222 0.170061 0.975309 0.141008 1.78832 -0.696056 0.220175 -0.68342 12.6121
-0.704574 0.0200861 0.709364 -26.7597 0.167576 0.976047 0.138806 1.89728 -0.68958 0.216669 -0.691058 12.511
-0.711238 0.0214233 0.702648 -26.993 0.164531 0.976861 0.13676 2.00821 -0.683447 0.212873 -0.698297 12.4026
-0.716463 0.0219927 0.697297 -27.2307 0.162072 0.977413 0.135698 2.11914 -0.678558 0.210232 -0.703839 12.2781
-0.720939 0.0215401 0.692689 -27.4708 0.15921 0.977947 0.135294 2.22778 -0.674486 0.207817 -0.70846 12.1449
-0.725385 0.0222472 0.688002 -27.704 0.157053 0.978474 0.133945 2.34665 -0.670208 0.205213 -0.713259 12.0113
-0.729315 0.0233186 0.683806 -27.9371 0.155799 0.978839 0.132789 2.45991 -0.666226 0.203377 -0.717506 11.873
-0.732484 0.0253383 0.680333 -28.1598 0.155516 0.979122 0.13097 2.5848 -0.662805 0.201733 -0.721125 11.7339
-0.735363 0.02634 0.677187 -28.3796 0.154995 0.979312 0.13022 2.70196 -0.659733 0.200715 -0.724224 11.5941
-0.738216 0.0287138 0.673974 -28.5903 0.154953 0.979606 0.127987 2.83026 -0.656549 0.198914 -0.727603 11.456
-0.739826 0.027763 0.672252 -28.8118 0.153704 0.979717 0.128694 2.92959 -0.65503 0.198534 -0.729079 11.3221
-0.740814 0.02721 0.67118 -29.0211 0.152903 0.979789 0.129045 3.03913 -0.654099 0.198221 -0.729995 11.1813
-0.742051 0.0275291 0.669804 -29.2311 0.152323 0.979961 0.128478 3.14873 -0.652831 0.197359 -0.731367 11.0528
-0.742997 0.0273651 0.668757 -29.425 0.151448 0.980132 0.128153 3.26036 -0.651959 0.196497 -0.732373 10.922
-0.743066 0.0269739 0.668701 -29.6239 0.151199 0.980135 0.128479 3.36576 -0.651937 0.196571 -0.732376 10.7915
-0.742466 0.0271464 0.669356 -29.8214 0.151155 0.980209 0.127911 3.47287 -0.652631 0.196143 -0.731869 10.6554
-0.742095 0.0272039 0.669769 -30.0134 0.151679 0.980091 0.128252 3.57393 -0.652931 0.19676 -0.731439 10.5255
-0.740419 0.026823 0.671633 -30.2015 0.151811 0.980069 0.128216 3.67801 -0.654802 0.196892 -0.729726 10.3899
-0.73911 0.0261103 0.673106 -30.3866 0.151574 0.980085 0.12842 3.78098 -0.656333 0.196937 -0.728341 10.2605
-0.737192 0.0258868 0.67521 -30.5673 0.152199 0.979958 0.128599 3.88067 -0.658343 0.197565 -0.726351 10.131
-0.736038 0.0254275 0.676489 -30.7352 0.152476 0.97986 0.12907 3.97672 -0.659567 0.198144 -0.725084 10.0135
-0.734224 0.0244681 0.67849 -30.9111 0.152258 0.97984 0.129429 4.07076 -0.661639 0.198332 -0.72314 9.89407
-0.731361 0.0237437 0.681605 -31.0912 0.153478 0.979506 0.130563 4.15908 -0.66452 0.200095 -0.720009 9.77131
-0.7295 0.0244267 0.683567 -31.2577 0.155955 0.978989 0.13145 4.24485 -0.665988 0.202495 -0.717975 9.66017
-0.726366 0.0247652 0.686888 -31.4286 0.157705 0.978711 0.131485 4.33681 -0.668993 0.203828 -0.714801 9.54383
-0.723654 0.0266223 0.689672 -31.5819 0.16154 0.978044 0.131745 4.43369 -0.671016 0.206744 -0.71206 9.40882
-0.720406 0.0276627 0.693027 -31.7344 0.164651 0.977479 0.132141 4.53133 -0.673747 0.209298 -0.70873 9.27519
-0.717106 0.0292127 0.696375 -31.8863 0.168409 0.97679 0.132446 4.62785 -0.676336 0.21225 -0.705375 9.14122
-0.713815 0.0307824 0.699684 -32.0371 0.17242 0.976026 0.132965 4.72593 -0.6788 0.215548 -0.702003 9.0071
-0.71078 0.033185 0.702654 -32.1909 0.176654 0.975308 0.132634 4.82606 -0.680896 0.218397 -0.699085 8.87532
-0.707691 0.0351873 0.705671 -32.3339 0.180527 0.97463 0.132448 4.9275 -0.683091 0.22112 -0.696083 8.73368
-0.70504 0.0364612 0.708253 -32.4724 0.183444 0.974077 0.132466 5.02336 -0.685055 0.223315 -0.693445 8.59365
-0.703 0.0382018 0.71019 -32.6063 0.18637 0.973574 0.132117 5.12256 -0.686358 0.225231 -0.691536 8.45343
-0.701334 0.0402006 0.711721 -32.7512 0.189066 0.973154 0.131339 5.21617 -0.687327 0.226671 -0.690099 8.31745
-0.700606 0.0413411 0.712376 -32.8874 0.190661 0.972886 0.131055 5.30728 -0.687627 0.227635 -0.689486 8.18218
-0.69864 0.0441328 0.714135 -33.0303 0.193466 0.972581 0.129163 5.40355 -0.688846 0.228394 -0.688014 8.02462
-0.697554 0.0464849 0.715049 -33.1594 0.194941 0.972583 0.126947 5.50432 -0.689527 0.227939 -0.687485 7.86337
-0.698116 0.0494101 0.714302 -33.28 0.195657 0.972823 0.12393 5.61138 -0.688758 0.226271 -0.688803 7.70498
-0.700219 0.0514018 0.712102 -33.3956 0.194788 0.973336 0.121282 5.71311 -0.686864 0.223628 -0.691555 7.55427
-0.703111 0.0532402 0.709108 -33.5029 0.193113 0.974025 0.118349 5.81092 -0.684381 0.220147 -0.695122 7.39495
-0.70734 0.0549831 0.704759 -33.5962 0.19037 0.97497 0.115006 5.91374 -0.68078 0.215508 -0.700096 7.22924
-0.713091 0.0560622 0.698851 -33.6956 0.185765 0.976291 0.111231 6.00901 -0.676039 0.209135 -0.706591 7.07367
-0.719893 0.0570984 0.69176 -33.7947 0.180295 0.977802 0.106922 6.10602 -0.670283 0.201687 -0.7142 6.91629
-0.727877 0.0577065 0.6833 -33.8959 0.173487 0.979544 0.10208 6.2015 -0.663425 0.192841 -0.722991 6.75906
-0.737337 0.0574064 0.673111 -33.9703 0.164286 0.981725 0.0962382 6.30071 -0.65527 0.181537 -0.733285 6.59272
-0.748413 0.0571645 0.660791 -34.0289 0.153754 0.984105 0.0890078 6.4099 -0.645192 0.16821 -0.745298 6.42081
-0.760207 0.0635702 0.646594 -34.0863 0.150747 0.985319 0.0803657 6.52421 -0.631976 0.158561 -0.758621 6.24834
-0.773131 0.0695848 0.630446 -34.149 0.146928 0.986588 0.0712875 6.6276 -0.617023 0.147741 -0.772976 6.08144
-0.787061 0.076617 0.612133 -34.1743 0.142796 0.987953 0.0599494 6.75609 -0.600151 0.134589 -0.78851 5.90183
-0.801373 0.0835699 0.592329 -34.2113 0.138545 0.989211 0.0478751 6.87769 -0.581931 0.120427 -0.804295 5.72775
-0.815597 0.0899423 0.571624 -34.2553 0.133714 0.990422 0.0349487 6.99107 -0.562991 0.104933 -0.819801 5.55442
-0.829671 0.0960645 0.54996 -34.3047 0.129031 0.991421 0.021479 7.10319 -0.543172 0.0887796 -0.834937 5.38168
-0.843686 0.101617 0.527172 -34.3506 0.123757 0.992308 0.00678813 7.2182 -0.522414 0.0709637 -0.84976 5.21483
-0.857373 0.106893 0.503511 -34.3926 0.118922 0.992882 -0.00828379 7.33516 -0.500806 0.0527742 -0.86397 5.04638
-0.870362 0.111012 0.47978 -34.4325 0.113712 0.993253 -0.0235332 7.44649 -0.479143 0.0340704 -0.877102 4.87493
-0.882504 0.114138 0.456287 -34.4769 0.108486 0.99336 -0.0386604 7.55695 -0.457664 0.0153812 -0.889013 4.70342
-0.893639 0.117098 0.433289 -34.5235 0.103891 0.993133 -0.0541263 7.67163 -0.43664 -0.00335811 -0.899656 4.52946
-0.904153 0.119163 0.4103 -34.5821 0.0993574 0.992646 -0.0693439 7.78017 -0.41554 -0.0219322 -0.90933 4.36902
-0.913751 0.120131 0.388162 -34.6221 0.0945703 0.991955 -0.0843702 7.89833 -0.395164 -0.0403876 -0.917749 4.19848
-0.922489 0.12033 0.366843 -34.6776 0.0899077 0.991033 -0.0989825 8.01332 -0.375458 -0.0583288 -0.925021 4.03668
-0.930058 0.120843 0.34703 -34.7623 0.0868393 0.989927 -0.111977 8.1208 -0.357055 -0.074012 -0.931173 3.89003
-0.936611 0.119673 0.329358 -34.8497 0.0825997 0.988804 -0.124389 8.22807 -0.340551 -0.0892995 -0.935995 3.74266
-0.942169 0.118267 0.313641 -34.937 0.0789991 0.987693 -0.135124 8.33468 -0.325752 -0.102534 -0.939905 3.59395
-0.946839 0.116855 0.299799 -35.0249 0.0761298 0.98664 -0.144131 8.44029 -0.312631 -0.113645 -0.94307 3.44541
-0.950706 0.114684 0.288179 -35.121 0.0729585 0.985764 -0.151603 8.54531 -0.301453 -0.123106 -0.945526 3.30551
-0.953642 0.113422 0.278825 -35.2107 0.0713914 0.985101 -0.156547 8.65097 -0.292422 -0.129383 -0.947514 3.16441
-0.951863 0.136656 0.274451 -35.2778 0.0964691 0.983214 -0.154984 8.766 -0.291014 -0.121049 -0.949057 3.01383
-0.948412 0.162679 0.272197 -35.3527 0.123805 0.980226 -0.154458 8.87366 -0.291937 -0.112791 -0.949782 2.87533
-0.942817 0.194873 0.270489 -35.4654 0.157942 0.97564 -0.152369 8.98277 -0.293583 -0.100936 -0.950617 2.74857
-0.934988 0.228147 0.271637 -35.6132 0.191542 0.969224 -0.154746 9.09967 -0.298577 -0.0926565 -0.949896 2.63784
-0.924983 0.263888 0.27352 -35.7539 0.228031 0.961081 -0.156082 9.2224 -0.304053 -0.0820047 -0.949146 2.52539
-0.911879 0.302066 0.277981 -35.9053 0.267403 0.950876 -0.156082 9.34371 -0.311467 -0.0679957 -0.947842 2.40784
-0.896276 0.339949 0.284904 -36.0369 0.307648 0.939172 -0.152796 9.47651 -0.319507 -0.0493005 -0.946328 2.27358
-0.878163 0.377955 0.293293 -36.1574 0.348414 0.925389 -0.149306 9.61672 -0.327835 -0.0289287 -0.944313 2.13717
-0.858095 0.414966 0.302526 -36.27 0.388668 0.909829 -0.14555 9.7639 -0.335636 -0.00731782 -0.941991 2.00128
-0.835939 0.451084 0.312681 -36.3742 0.428486 0.892367 -0.141816 9.9177 -0.342992 0.0154273 -0.939233 1.86613
-0.811907 0.4865 0.322754 -36.4709 0.468045 0.872841 -0.138271 10.0774 -0.348972 0.0387945 -0.936357 1.73249
-0.787041 0.518416 0.334445 -36.631 0.505019 0.852757 -0.133392 10.2225 -0.354347 0.0639129 -0.93295 1.59625
-0.759688 0.549799 0.347337 -36.8275 0.541335 0.830601 -0.130755 10.383 -0.360378 0.0886861 -0.928609 1.46559
-0.729865 0.580426 0.361172 -37.0523 0.577747 0.806138 -0.127995 10.5302 -0.365441 0.115242 -0.923697 1.34862
-0.70077 0.607109 0.374685 -37.2756 0.610221 0.782162 -0.126056 10.6919 -0.369585 0.140297 -0.918573 1.2143
-0.672389 0.630434 0.387929 -37.5155 0.639133 0.758826 -0.125399 10.8232 -0.373423 0.163616 -0.913143 1.1162
-0.644523 0.651403 0.400391 -37.7529 0.666045 0.735488 -0.124418 10.9504 -0.375519 0.18648 -0.907888 0.992836
-0.618649 0.66934 0.411462 -37.9768 0.689502 0.713591 -0.124137 11.0663 -0.376702 0.2069 -0.902959 0.876823
-0.595304 0.684509 0.420845 -38.147 0.709563 0.693597 -0.12443 11.2259 -0.377061 0.224534 -0.898588 0.703929
-0.574162 0.697049 0.429541 -38.2771 0.726539 0.675638 -0.125261 11.387 -0.377524 0.24015 -0.894343 0.498174
-0.568298 0.697886 0.435939 -38.36 0.728799 0.672859 -0.127087 11.5428 -0.382009 0.24548 -0.890989 0.266714
-0.564625 0.697471 0.441335 -38.4053 0.729636 0.671748 -0.128147 11.67 -0.385841 0.249651 -0.888171 0.0229288
-0.562501 0.697051 0.444706 -38.4223 0.729347 0.67166 -0.130246 11.7722 -0.38947 0.251072 -0.886187 -0.213416
-0.559951 0.697656 0.446963 -38.4028 0.730262 0.670406 -0.131564 11.8758 -0.39143 0.252723 -0.884851 -0.49776
-0.557708 0.698453 0.448528 -38.3947 0.731313 0.669068 -0.132547 11.9363 -0.392664 0.254082 -0.883917 -0.736331
-0.556782 0.698576 0.449479 -38.3736 0.731102 0.668987 -0.134103 11.9899 -0.394373 0.25394 -0.883195 -0.969824
-0.55684 0.698539 0.449471 -38.3333 0.730774 0.669224 -0.134718 12.0321 -0.394893 0.253436 -0.88311 -1.20964
-0.556582 0.699181 0.448785 -38.2863 0.731006 0.668829 -0.13541 12.0801 -0.394832 0.252689 -0.883349 -1.45591
-0.5576 0.699312 0.447323 -38.2349 0.730549 0.669281 -0.135652 12.1202 -0.394238 0.251142 -0.884057 -1.69387
-0.558402 0.700123 0.445041 -38.1672 0.730482 0.669229 -0.136262 12.1727 -0.39323 0.248997 -0.88511 -1.93831
-0.559093 0.701487 0.442022 -38.0942 0.730909 0.668677 -0.136691 12.2319 -0.391448 0.246645 -0.88656 -2.19082
-0.560469 0.702302 0.438968 -38.0099 0.730559 0.668908 -0.137418 12.2959 -0.390134 0.243666 -0.88796 -2.43824
-0.562408 0.702419 0.436301 -37.9323 0.730079 0.669554 -0.13684 12.3384 -0.388236 0.241564 -0.889366 -2.66808
-0.564411 0.702712 0.433224 -37.8512 0.729667 0.670104 -0.136326 12.3829 -0.386099 0.239157 -0.890944 -2.89619
-0.566242 0.703144 0.430131 -37.752 0.729063 0.670702 -0.136635 12.4521 -0.384555 0.236215 -0.892398 -3.14286
-0.568077 0.703504 0.427104 -37.6539 0.728454 0.671313 -0.136866 12.5204 -0.383002 0.233367 -0.893812 -3.389
-0.569384 0.703816 0.424852 -37.5565 0.728342 0.671541 -0.136358 12.589 -0.381267 0.231788 -0.894966 -3.63539
-0.571565 0.702911 0.423412 -37.4517 0.726995 0.673069 -0.136003 12.6697 -0.380579 0.230075 -0.895699 -3.90491
-0.576416 0.699362 0.422721 -37.3486 0.722816 0.677656 -0.135509 12.7501 -0.381219 0.22743 -0.896104 -4.16954
-0.580197 0.696264 0.422655 -37.2282 0.71942 0.681379 -0.134899 12.846 -0.381908 0.22579 -0.896223 -4.43938
-0.582525 0.694045 0.423108 -37.1075 0.717247 0.683807 -0.134187 12.9426 -0.382447 0.225296 -0.896119 -4.70821
-0.584083 0.691854 0.42454 -36.9902 0.715414 0.685866 -0.133461 13.0341 -0.383508 0.225762 -0.895548 -4.9669
-0.584193 0.69052 0.426562 -36.873 0.715021 0.686537 -0.132116 13.1236 -0.38407 0.22781 -0.894789 -5.21775
-0.583509 0.689566 0.42903 -36.7537 0.715282 0.686547 -0.130637 13.2046 -0.384627 0.230641 -0.893823 -5.45983
-0.581879 0.689043 0.432076 -36.6226 0.715801 0.686098 -0.130159 13.3167 -0.386122 0.233534 -0.892426 -5.72563
-0.579553 0.688755 0.435644 -36.5015 0.717039 0.685004 -0.129095 13.4165 -0.387328 0.237547 -0.890843 -5.97606
-0.576385 0.68892 0.439573 -36.3771 0.718887 0.68324 -0.128167 13.5182 -0.388621 0.24212 -0.889047 -6.228
-0.572955 0.689426 0.443243 -36.2542 0.721173 0.681031 -0.12707 13.6195 -0.389463 0.24684 -0.887379 -6.47655
-0.569121 0.690153 0.44704 -36.1299 0.723788 0.678458 -0.125971 13.7226 -0.390227 0.251859 -0.885631 -6.72229
-0.565015 0.69118 0.450641 -36.0125 0.726494 0.675659 -0.12543 13.8248 -0.39117 0.256509 -0.883879 -6.95614
-0.560988 0.691822 0.454675 -35.8787 0.729194 0.672962 -0.12426 13.9289 -0.391936 0.261828 -0.881978 -7.21506
-0.557804 0.692074 0.458192 -35.7492 0.731428 0.670806 -0.122778 14.0201 -0.392324 0.266639 -0.880363 -7.45857
-0.554418 0.692913 0.461029 -35.616 0.734144 0.668106 -0.121281 14.1169 -0.392044 0.271212 -0.87909 -7.70712
-0.552009 0.692713 0.464203 -35.4874 0.73552 0.666761 -0.12034 14.2186 -0.392869 0.274992 -0.877545 -7.95448
-0.550954 0.692127 0.46633 -35.343 0.736041 0.666357 -0.119392 14.3236 -0.393368 0.277448 -0.876548 -8.21516
-0.549931 0.692476 0.467016 -35.208 0.736621 0.665672 -0.11964 14.4284 -0.393723 0.27821 -0.876148 -8.45603
-0.549628 0.692365 0.467541 -35.0749 0.736905 0.665446 -0.119146 14.5259 -0.393606 0.279036 -0.875937 -8.69733
-0.548911 0.693043 0.467376 -34.9401 0.737479 0.664735 -0.119564 14.6286 -0.393539 0.27904 -0.875967 -8.93339
-0.548911 0.693903 0.466102 -34.8073 0.737987 0.664155 -0.119647 14.7198 -0.392579 0.278291 -0.876636 -9.16585
-0.549576 0.694745 0.464057 -34.6866 0.738129 0.663959 -0.119867 14.8108 -0.391387 0.276648 -0.877688 -9.38496
-0.554325 0.693167 0.460759 -34.569 0.734885 0.667509 -0.120079 14.893 -0.390786 0.272032 -0.879397 -9.59146
-0.559841 0.691361 0.456785 -34.4531 0.730957 0.671688 -0.120761 14.9761 -0.390301 0.266273 -0.881374 -9.79339
-0.566995 0.688588 0.452128 -34.3413 0.72581 0.67718 -0.121127 15.0494 -0.38957 0.25947 -0.883723 -9.98468
-0.573876 0.686075 0.447237 -34.2452 0.719859 0.682983 -0.124029 15.1369 -0.390543 0.250761 -0.885806 -10.166
-0.582168 0.683131 0.440988 -34.1419 0.713318 0.689405 -0.126264 15.2136 -0.390264 0.241047 -0.888621 -10.3434
-0.591241 0.679496 0.434482 -34.0459 0.705649 0.696691 -0.129331 15.2878 -0.390574 0.230116 -0.891378 -10.5157
-0.60096 0.6751 0.427957 -33.9523 0.697025 0.704673 -0.13281 15.3573 -0.39122 0.218472 -0.894023 -10.6794
-0.610826 0.670734 0.420788 -33.8625 0.687797 0.712753 -0.137707 15.4286 -0.392277 0.205293 -0.896678 -10.8356
-0.621799 0.665341 0.413218 -33.7666 0.677884 0.721443 -0.14156 15.4855 -0.392289 0.192081 -0.899598 -10.9883
-0.632624 0.659325 0.406365 -33.6821 0.667138 0.730416 -0.14651 15.5461 -0.393408 0.178408 -0.90192 -11.1278
-0.643944 0.652469 0.399602 -33.5996 0.655346 0.739902 -0.152036 15.6028 -0.394855 0.163965 -0.90403 -11.263
-0.655144 0.644657 0.394033 -33.5236 0.642531 0.749756 -0.158328 15.6561 -0.39749 0.149443 -0.905389 -11.3929
-0.665442 0.637771 0.387939 -33.448 0.630204 0.758513 -0.16598 15.7112 -0.400103 0.134022 -0.906654 -11.5073
-0.67611 0.629716 0.382611 -33.3773 0.616763 0.767765 -0.173745 15.7582 -0.403159 0.118502 -0.907458 -11.609
-0.68663 0.620826 0.378387 -33.3085 0.602438 0.777186 -0.181937 15.8039 -0.407017 0.103022 -0.907629 -11.7115
-0.696221 0.611545 0.375962 -33.2489 0.587916 0.786266 -0.190233 15.8439 -0.411935 0.0885836 -0.906931 -11.8162
-0.705163 0.602381 0.374092 -33.1899 0.573334 0.794798 -0.199081 15.8796 -0.417239 0.0740865 -0.905809 -11.9066
-0.71294 0.592641 0.374903 -33.1417 0.557791 0.803253 -0.209047 15.9158 -0.425025 0.0600731 -0.90322 -11.9991
-0.720188 0.582912 0.376305 -33.0927 0.542248 0.811243 -0.218865 15.9433 -0.432841 0.0464194 -0.900312 -12.0734
-0.72659 0.572964 0.37926 -33.0497 0.526016 0.818956 -0.22949 15.9752 -0.442079 0.0327459 -0.896413 -12.1336
-0.732431 0.560082 0.387191 -33.0093 0.509397 0.828074 -0.234221 15.9992 -0.451792 0.0256756 -0.891792 -12.1866
-0.736388 0.547801 0.397124 -32.9663 0.492804 0.836423 -0.239976 16.0276 -0.463613 0.0189837 -0.88587 -12.2546
-0.738802 0.535893 0.408722 -32.9198 0.475544 0.844239 -0.247325 16.0596 -0.477584 0.0116342 -0.878548 -12.3416
-0.740597 0.524331 0.420302 -32.8656 0.458742 0.851531 -0.253967 16.0869 -0.491054 0.0047182 -0.871154 -12.4206
-0.740525 0.513184 0.433968 -32.8131 0.441525 0.858309 -0.261559 16.117 -0.506692 -0.00209038 -0.862164 -12.5149
-0.739549 0.502344 0.448085 -32.7533 0.42331 0.864634 -0.270676 16.1511 -0.523391 -0.0105042 -0.852065 -12.6232
-0.739595 0.492159 0.459177 -32.6811 0.406032 0.870314 -0.278828 16.183 -0.53684 -0.0197852 -0.843493 -12.6913
-0.737298 0.482912 0.472495 -32.6079 0.388729 0.875231 -0.287943 16.2168 -0.552581 -0.0286315 -0.833006 -12.7948
-0.733644 0.474476 0.486523 -32.5353 0.371851 0.879524 -0.297016 16.2533 -0.568818 -0.0369953 -0.821674 -12.9079
-0.729683 0.466587 0.499921 -32.4562 0.355469 0.883345 -0.305605 16.2868 -0.584182 -0.0452924 -0.810398 -13.0175
-0.726006 0.459971 0.511282 -32.3612 0.339773 0.886271 -0.314855 16.3219 -0.597939 -0.0548714 -0.799706 -13.1242
-0.721643 0.45388 0.522769 -32.2649 0.324141 0.888755 -0.324188 16.3618 -0.611743 -0.0645005 -0.788464 -13.2379
-0.716862 0.448601 0.533792 -32.16 0.308868 0.890667 -0.333719 16.3983 -0.625117 -0.0743642 -0.777027 -13.3627
-0.712229 0.444101 0.543661 -32.0403 0.294212 0.892013 -0.343226 16.4336 -0.637366 -0.084507 -0.765957 -13.4928
-0.707832 0.440142 0.552556 -31.9111 0.280673 0.893036 -0.351805 16.4624 -0.648274 -0.0939345 -0.755638 -13.6203
-0.703449 0.436113 0.561275 -31.7744 0.26763 0.894064 -0.359271 16.4822 -0.658484 -0.102517 -0.745625 -13.749
-0.698911 0.433191 0.569156 -31.6226 0.255188 0.89441 -0.367379 16.5007 -0.668181 -0.111526 -0.735642 -13.8774
-0.695047 0.430524 0.575868 -31.4593 0.243819 0.894609 -0.37454 16.5094 -0.676409 -0.119918 -0.726746 -13.9962
-0.691552 0.427856 0.582036 -31.2813 0.234558 0.895087 -0.379287 16.4941 -0.683231 -0.125778 -0.71934 -14.1111
-0.688214 0.424957 0.588079 -31.0943 0.22593 0.895766 -0.382899 16.4697 -0.689481 -0.130654 -0.712471 -14.2292
-0.680652 0.427883 0.594727 -30.8996 0.226677 0.894922 -0.384434 16.4489 -0.696704 -0.126857 -0.706105 -14.3469
-0.675776 0.429807 0.598881 -30.6908 0.227212 0.894338 -0.385469 16.4305 -0.701264 -0.124419 -0.702012 -14.4544
-0.67218 0.430846 0.602178 -30.478 0.227327 0.894101 -0.385957 16.4102 -0.704673 -0.122543 -0.698924 -14.566
-0.669709 0.431771 0.60426 -30.2614 0.22713 0.893744 -0.386894 16.3948 -0.707086 -0.121863 -0.696599 -14.6774
-0.667904 0.431929 0.606146 -30.0373 0.227169 0.893852 -0.386628 16.377 -0.708778 -0.120536 -0.695111 -14.7965
-0.667535 0.431353 0.606958 -29.8054 0.226262 0.8941 -0.38658 16.3616 -0.709418 -0.120726 -0.694424 -14.9174
-0.667927 0.4302 0.60735 -29.5694 0.226184 0.894782 -0.385051 16.3437 -0.709072 -0.119816 -0.694937 -15.0358
-0.668478 0.429559 0.607193 -29.3305 0.226027 0.895098 -0.384403 16.334 -0.708604 -0.119725 -0.695427 -15.1626
-0.67019 0.428402 0.606128 -29.0819 0.226605 0.89575 -0.382547 16.3205 -0.706799 -0.11903 -0.697383 -15.2832
-0.671978 0.427459 0.604809 -28.828 0.22608 0.896061 -0.382122 16.3179 -0.70527 -0.120044 -0.698754 -15.4143
-0.674173 0.426194 0.603261 -28.5692 0.225759 0.896574 -0.381116 16.316 -0.703273 -0.120749 -0.700645 -15.5477
-0.676281 0.425166 0.601622 -28.3204 0.225423 0.896931 -0.380468 16.3215 -0.701357 -0.121685 -0.7024 -15.6822
-0.677121 0.425092 0.600733 -28.0901 0.225515 0.896906 -0.380479 16.3285 -0.700515 -0.122158 -0.70316 -15.8281
-0.678516 0.424689 0.599438 -27.8676 0.225873 0.897065 -0.379885 16.3438 -0.69905 -0.122363 -0.704579 -15.9672
-0.680248 0.423912 0.598028 -27.6546 0.226209 0.897429 -0.378832 16.3591 -0.697255 -0.122423 -0.706348 -16.1106
-0.68039 0.423581 0.598096 -27.4592 0.226266 0.897627 -0.378319 16.3775 -0.697098 -0.122077 -0.70656 -16.2673
-0.680249 0.425154 0.597147 -27.276 0.227146 0.896806 -0.379747 16.4108 -0.69695 -0.122685 -0.706605 -16.4315
-0.679491 0.426057 0.59736 -27.11 0.227239 0.896327 -0.380813 16.4456 -0.69766 -0.123018 -0.705842 -16.6033
-0.677813 0.427897 0.597958 -26.9603 0.22835 0.895542 -0.382002 16.4823 -0.698928 -0.122383 -0.704701 -16.7688
-0.675101 0.429869 0.599602 -26.8398 0.229085 0.894705 -0.38351 16.5278 -0.701309 -0.12155 -0.702474 -16.9503
-0.669587 0.434862 0.602187 -26.7349 0.231894 0.892598 -0.38673 16.583 -0.705659 -0.119307 -0.698495 -17.1289
-0.66407 0.438815 0.605414 -26.6551 0.233943 0.890985 -0.389198 16.6393 -0.710182 -0.116825 -0.694314 -17.3
-0.658208 0.444213 0.60788 -26.581 0.236128 0.888482 -0.393586 16.7034 -0.7149 -0.115526 -0.689678 -17.4739
-0.651963 0.448612 0.611363 -26.5232 0.23826 0.886607 -0.396507 16.7586 -0.719899 -0.112846 -0.684902 -17.6442
-0.644598 0.453332 0.615683 -26.4835 0.239838 0.884532 -0.400185 16.8168 -0.725982 -0.110296 -0.678875 -17.8019
-0.636219 0.459684 0.619669 -26.4495 0.241626 0.881468 -0.405819 16.8809 -0.732749 -0.108464 -0.67186 -17.9554
-0.628995 0.463871 0.623917 -26.4172 0.242855 0.8796 -0.409136 16.9312 -0.738556 -0.105825 -0.665899 -18.1031
-0.621272 0.468335 0.628297 -26.4008 0.242964 0.877394 -0.413772 16.9892 -0.745029 -0.104413 -0.65887 -18.2437
-0.613185 0.473858 0.632097 -26.382 0.243754 0.874601 -0.419194 17.0453 -0.751444 -0.102969 -0.651778 -18.3791
-0.605806 0.478453 0.635733 -26.3706 0.24351 0.872172 -0.424357 17.0983 -0.757483 -0.102272 -0.644858 -18.5053
-0.59823 0.482979 0.639482 -26.3621 0.243763 0.869861 -0.42894 17.1495 -0.763402 -0.100725 -0.63809 -18.6264
-0.590797 0.486934 0.643374 -26.3547 0.243938 0.867869 -0.432847 17.1946 -0.769113 -0.0987838 -0.631499 -18.741
-0.583793 0.490656 0.646937 -26.3517 0.244369 0.866022 -0.4363 17.2348 -0.774308 -0.0966193 -0.62546 -18.8492
-0.57847 0.493532 0.64952 -26.3474 0.244114 0.864486 -0.439469 17.276 -0.778372 -0.0956645 -0.62054 -18.9482
-0.573815 0.495643 0.652044 -26.3454 0.24333 0.863353 -0.442132 17.3161 -0.782055 -0.0950421 -0.615991 -19.043
-0.569583 0.497597 0.654254 -26.3471 0.243986 0.862444 -0.443534 17.3479 -0.784938 -0.0930028 -0.612624 -19.1284
-0.567096 0.499164 0.655228 -26.3463 0.243773 0.861562 -0.44537 17.3831 -0.786804 -0.0928431 -0.610252 -19.2057
-0.566713 0.499303 0.655447 -26.3458 0.244471 0.861573 -0.444957 17.4081 -0.786863 -0.0919274 -0.610313 -19.2728
-0.568242 0.498282 0.654907 -26.3449 0.244113 0.86211 -0.444122 17.4365 -0.785872 -0.0924993 -0.611505 -19.3313
-0.570842 0.49661 0.653908 -26.3469 0.244595 0.863084 -0.441952 17.4593 -0.783834 -0.0923438 -0.614136 -19.3846
-0.574838 0.493772 0.652562 -26.3448 0.244954 0.864729 -0.438533 17.4773 -0.780796 -0.0922398 -0.618011 -19.433
-0.580692 0.489424 0.650645 -26.3431 0.245162 0.867191 -0.433517 17.4925 -0.776386 -0.0922287 -0.623542 -19.4725
-0.58745 0.484519 0.648252 -26.3444 0.245433 0.86995 -0.427809 17.5034 -0.7712 -0.0922161 -0.629949 -19.5102
-0.595505 0.479095 0.64492 -26.3436 0.245692 0.8729 -0.421597 17.5147 -0.764914 -0.0926132 -0.637508 -19.5376
-0.604395 0.473401 0.640848 -26.3439 0.245841 0.875924 -0.415199 17.5246 -0.757861 -0.0933997 -0.645765 -19.557
-0.613988 0.467017 0.636391 -26.3434 0.245382 0.879206 -0.40847 17.5307 -0.75026 -0.0946383 -0.654401 -19.5696
-0.62379 0.460626 0.631504 -26.345 0.245469 0.882508 -0.401241 17.5353 -0.742102 -0.0952775 -0.663549 -19.574
-0.633728 0.453546 0.626709 -26.348 0.244777 0.88607 -0.393734 17.5342 -0.733864 -0.0961182 -0.672527 -19.5744
-0.643291 0.447031 0.621633 -26.3478 0.244442 0.889315 -0.38657 17.5346 -0.725609 -0.0967253 -0.681341 -19.5778
-0.6526 0.440466 0.616591 -26.3495 0.24303 0.892404 -0.380281 17.5378 -0.717729 -0.0983221 -0.68941 -19.5816
-0.661359 0.434133 0.611736 -26.3499 0.241786 0.895383 -0.374032 17.5376 -0.710091 -0.099462 -0.697115 -19.5891
-0.668873 0.428777 0.607323 -26.3543 0.240782 0.89785 -0.368718 17.5409 -0.703362 -0.100394 -0.70377 -19.5938
-0.675958 0.423456 0.603203 -26.3556 0.239195 0.90023 -0.363928 17.5434 -0.697102 -0.101719 -0.709784 -19.5968
-0.681626 0.419099 0.599853 -26.3583 0.237386 0.902075 -0.360516 17.5459 -0.692183 -0.103341 -0.714347 -19.6004
-0.686431 0.415664 0.596761 -26.3583 0.236034 0.903506 -0.357822 17.5457 -0.687884 -0.104766 -0.718283 -19.6004
-0.689263 0.41333 0.595111 -26.3607 0.234293 0.90437 -0.356771 17.5468 -0.685644 -0.10648 -0.720169 -19.605
-0.690639 0.412219 0.59429 -26.3596 0.232453 0.904624 -0.357339 17.5477 -0.684885 -0.108649 -0.720568 -19.6077
-0.690236 0.411804 0.595041 -26.3605 0.229979 0.904511 -0.359214 17.5478 -0.686126 -0.111096 -0.719013 -19.6107
-0.687727 0.413666 0.596657 -26.3595 0.228025 0.903317 -0.363447 17.5513 -0.689291 -0.113901 -0.715539 -19.6138
-0.683041 0.416907 0.599771 -26.3579 0.225611 0.901402 -0.369647 17.5536 -0.694721 -0.11717 -0.709734 -19.6214
-0.673197 0.424799 0.605343 -26.3539 0.227832 0.897905 -0.376737 17.5605 -0.703552 -0.115703 -0.701227 -19.6297
-0.659809 0.434176 0.613373 -26.355 0.230294 0.893783 -0.384944 17.5645 -0.715333 -0.112734 -0.689695 -19.6458
-0.643789 0.445639 0.622119 -26.3553 0.233292 0.888568 -0.395086 17.5719 -0.728834 -0.109217 -0.675992 -19.6626
-0.625008 0.458514 0.631833 -26.3536 0.236703 0.88257 -0.406334 17.5776 -0.743924 -0.104406 -0.660127 -19.6821
-0.603456 0.472172 0.642639 -26.3574 0.239332 0.875976 -0.418878 17.5874 -0.760691 -0.0989722 -0.641598 -19.7084
-0.57933 0.48754 0.653272 -26.3587 0.242311 0.868215 -0.433076 17.6017 -0.778298 -0.0926007 -0.621103 -19.7368
-0.553258 0.504048 0.663274 -26.3574 0.245109 0.859461 -0.448688 17.6196 -0.79619 -0.0856678 -0.599031 -19.7706
-0.524981 0.520424 0.673526 -26.3561 0.247071 0.850426 -0.464541 17.6378 -0.814517 -0.0774692 -0.575024 -19.8158
-0.494834 0.536989 0.683283 -26.3568 0.248791 0.840901 -0.480689 17.6599 -0.832667 -0.0678688 -0.549686 -19.8683
-0.463576 0.553314 0.692115 -26.3563 0.249713 0.831018 -0.497111 17.6858 -0.850192 -0.0576218 -0.523396 -19.925
-0.431714 0.569785 0.699329 -26.352 0.250167 0.820497 -0.514076 17.7155 -0.866679 -0.0469878 -0.496745 -19.9889
-0.399785 0.585873 0.704988 -26.3454 0.249299 0.809613 -0.531455 17.7518 -0.882105 -0.0367189 -0.469716 -20.0567
-0.366784 0.600808 0.710347 -26.3354 0.247892 0.799056 -0.547844 17.7857 -0.896723 -0.0248551 -0.442003 -20.1354
-0.334497 0.615106 0.714031 -26.3164 0.246503 0.788389 -0.563691 17.819 -0.909635 -0.012547 -0.415329 -20.22
-0.302275 0.628714 0.716549 -26.288 0.244133 0.777688 -0.579375 17.8541 -0.921479 -0.000201978 -0.388553 -20.3168
-0.271728 0.640905 0.717976 -26.248 0.241706 0.767569 -0.593704 17.888 -0.931575 0.0122072 -0.363471 -20.4122
-0.242488 0.651294 0.719104 -26.1938 0.238192 0.758493 -0.606652 17.9164 -0.940511 0.0241741 -0.339048 -20.5121
-0.215245 0.661954 0.718033 -26.1212 0.235028 0.748759 -0.619832 17.9514 -0.947904 0.0353353 -0.316736 -20.6091
-0.189789 0.669898 0.717852 -26.047 0.231595 0.741042 -0.630313 17.9784 -0.954171 0.0466186 -0.295777 -20.7091
-0.167446 0.676302 0.717401 -25.9531 0.22744 0.734535 -0.639375 17.9991 -0.959336 0.0560972 -0.276806 -20.8133
-0.131301 0.683942 0.71769 -25.8449 0.240207 0.724323 -0.646322 18.0169 -0.961852 0.0875241 -0.259384 -20.9225
-0.0955863 0.689559 0.717954 -25.7317 0.256297 0.713979 -0.651626 18.0299 -0.961909 0.121713 -0.244973 -21.0331
-0.0598523 0.693708 0.717832 -25.6135 0.273122 0.703052 -0.656656 18.0565 -0.960167 0.156744 -0.231539 -21.1514
-0.0248305 0.695746 0.717919 -25.4866 0.293094 0.691642 -0.66015 18.0757 -0.95581 0.194014 -0.221088 -21.2712
0.00948133 0.695187 0.718833 -25.3529 0.313727 0.680495 -0.662252 18.0924 -0.949519 0.231784 -0.21164 -21.4073
0.043787 0.692494 0.720156 -25.2192 0.336027 0.668635 -0.66339 18.1111 -0.940885 0.271024 -0.203415 -21.5532
0.0754531 0.689177 0.720721 -25.0788 0.359415 0.655397 -0.664344 18.1394 -0.930177 0.30915 -0.198242 -21.6967
0.106672 0.683916 0.721782 -24.9333 0.383413 0.641486 -0.664503 18.1715 -0.917448 0.347607 -0.193789 -21.8544
0.135197 0.678052 0.722541 -24.789 0.408085 0.626407 -0.664199 18.2185 -0.902933 0.384639 -0.192008 -22.0071
0.161856 0.671968 0.72274 -24.6448 0.432136 0.610174 -0.664094 18.2816 -0.887218 0.419789 -0.191618 -22.1684
0.188869 0.66276 0.724691 -24.5063 0.45694 0.593904 -0.662241 18.3395 -0.869273 0.456198 -0.190665 -22.3502
0.213793 0.652052 0.72747 -24.357 0.481118 0.577831 -0.659328 18.3906 -0.850244 0.490935 -0.190174 -22.548
0.236276 0.641607 0.729804 -24.2243 0.505739 0.560127 -0.656175 18.467 -0.82976 0.524106 -0.192135 -22.7377
0.257922 0.630406 0.732228 -24.0837 0.528631 0.542297 -0.6531 18.5399 -0.808778 0.555502 -0.193378 -22.9517
0.277432 0.619502 0.734404 -23.9382 0.550445 0.524032 -0.649986 18.6155 -0.787491 0.584551 -0.195612 -23.1721
0.29462 0.609062 0.736435 -23.8016 0.571068 0.5057 -0.646705 18.7023 -0.766274 0.611059 -0.198822 -23.3993
0.310034 0.598733 0.738578 -23.6721 0.590266 0.487794 -0.643214 18.7896 -0.745363 0.63535 -0.202171 -23.6413
0.322448 0.588979 0.741098 -23.5508 0.608932 0.470372 -0.638773 18.8714 -0.724793 0.657219 -0.206973 -23.8926
0.332851 0.577541 0.745491 -23.4628 0.62599 0.45594 -0.632722 18.9444 -0.705299 0.677244 -0.209767 -24.1522
0.342882 0.569404 0.747199 -23.3865 0.639568 0.441109 -0.629647 19.0376 -0.6881 0.693746 -0.21292 -24.4108
0.33618 0.569738 0.749989 -23.3312 0.642947 0.443088 -0.624799 19.1109 -0.68826 0.69222 -0.217346 -24.6599
0.330582 0.570298 0.752045 -23.2955 0.645036 0.445182 -0.621146 19.1952 -0.689014 0.690403 -0.220689 -24.9075
0.325914 0.571801 0.752944 -23.266 0.646718 0.446115 -0.618725 19.2885 -0.689665 0.688565 -0.224391 -25.1458
0.321199 0.573268 0.753851 -23.2205 0.648327 0.447154 -0.616284 19.3752 -0.690363 0.686659 -0.228035 -25.3725
0.317527 0.575308 0.753857 -23.1404 0.650182 0.446631 -0.61471 19.4577 -0.69032 0.685302 -0.232229 -25.5784
0.313189 0.576511 0.754749 -23.0264 0.652008 0.447335 -0.612258 19.5122 -0.690577 0.683821 -0.235784 -25.768
0.309978 0.577474 0.755343 -22.899 0.652887 0.448264 -0.610641 19.5678 -0.691199 0.68241 -0.238064 -25.9387
0.30732 0.579072 0.755201 -22.7506 0.653846 0.448138 -0.609706 19.609 -0.691477 0.681125 -0.240897 -26.0864
0.304963 0.580319 0.755204 -22.5932 0.654435 0.448431 -0.60886 19.6331 -0.691966 0.679883 -0.243016 -26.2172
0.304431 0.582117 0.75403 -22.4402 0.654852 0.446985 -0.609474 19.6671 -0.691804 0.679285 -0.245119 -26.3353
0.30455 0.583726 0.752742 -22.2804 0.655808 0.444657 -0.610151 19.6854 -0.690848 0.679446 -0.247382 -26.4319
0.305937 0.584596 0.751499 -22.1313 0.655156 0.443475 -0.611708 19.7045 -0.690852 0.679457 -0.247321 -26.5284
0.307854 0.584557 0.75075 -21.9921 0.653787 0.443325 -0.613282 19.7233 -0.6913 0.679602 -0.245686 -26.6242
0.310593 0.583914 0.750119 -21.8495 0.652984 0.442428 -0.614781 19.7283 -0.690831 0.680726 -0.243866 -26.7029
0.314401 0.582818 0.749388 -21.7186 0.651239 0.441971 -0.616958 19.7377 -0.690758 0.681973 -0.240588 -26.7803
0.320272 0.582072 0.747476 -21.5881 0.648733 0.440259 -0.620809 19.7522 -0.690417 0.683704 -0.236601 -26.8502
0.326821 0.580428 0.745921 -21.4657 0.645488 0.439438 -0.624762 19.7614 -0.690391 0.685639 -0.231032 -26.9165
0.320297 0.585873 0.74449 -21.3468 0.630735 0.454505 -0.629036 19.7708 -0.706886 0.671018 -0.223949 -26.9747
0.312696 0.591662 0.743145 -21.2371 0.613827 0.471218 -0.63345 19.7803 -0.724946 0.654211 -0.215821 -27.0258
0.305458 0.597631 0.741374 -21.1308 0.594609 0.488426 -0.638724 19.7926 -0.743803 0.635896 -0.206159 -27.0723
0.297382 0.602013 0.741116 -21.0416 0.57168 0.509446 -0.643223 19.8035 -0.764759 0.614936 -0.192651 -27.1261
0.289414 0.607473 0.739811 -20.9495 0.548206 0.528399 -0.648346 19.8102 -0.784741 0.593176 -0.180091 -27.1634
0.280655 0.61096 0.740318 -20.8732 0.521437 0.550525 -0.65201 19.8149 -0.805884 0.568992 -0.164063 -27.2075
0.27216 0.615675 0.739579 -20.8047 0.494082 0.570133 -0.656445 19.8277 -0.825786 0.54404 -0.149024 -27.2349
0.263855 0.619775 0.739168 -20.7345 0.465227 0.589535 -0.660381 19.8333 -0.845019 0.518101 -0.132779 -27.2671
0.25528 0.622966 0.739493 -20.6809 0.434761 0.609193 -0.663291 19.8434 -0.863671 0.490799 -0.115325 -27.2948
0.246387 0.626193 0.739788 -20.6344 0.40394 0.627515 -0.665695 19.856 -0.881045 0.462826 -0.0983297 -27.3186
0.236836 0.628857 0.740644 -20.592 0.374911 0.644129 -0.666805 19.8595 -0.896361 0.435572 -0.0832117 -27.3295
0.228026 0.630971 0.741614 -20.5587 0.343275 0.660674 -0.667656 19.8695 -0.911198 0.4068 -0.0659436 -27.3498
0.219027 0.633416 0.742237 -20.5333 0.313023 0.67488 -0.668314 19.8822 -0.924206 0.378692 -0.0504571 -27.3626
0.209728 0.635698 0.742976 -20.5102 0.284606 0.687281 -0.668384 19.8877 -0.935484 0.351615 -0.036781 -27.3688
0.200635 0.638013 0.743499 -20.4993 0.25803 0.697712 -0.668363 19.8997 -0.945135 0.32592 -0.0246427 -27.3725
0.191521 0.639614 0.74453 -20.4941 0.233691 0.707036 -0.667519 19.9061 -0.953323 0.301817 -0.01406 -27.3734
0.182661 0.640949 0.745604 -20.4847 0.212568 0.714672 -0.666445 19.9112 -0.959982 0.280204 -0.00570465 -27.377
0.172735 0.642584 0.746566 -20.4709 0.19435 0.720817 -0.665391 19.9182 -0.965664 0.260016 -0.000377715 -27.3778
0.163379 0.643907 0.747527 -20.4518 0.179853 0.725563 -0.664306 19.9229 -0.97009 0.24296 0.00273086 -27.3836
0.154434 0.645183 0.748333 -20.426 0.169366 0.728915 -0.663395 19.9252 -0.973438 0.229179 0.00329564 -27.3942
0.146637 0.646179 0.749037 -20.4009 0.162664 0.731153 -0.662605 19.9325 -0.975783 0.218987 0.00210213 -27.4117
0.13823 0.647317 0.749657 -20.3678 0.161422 0.732072 -0.661898 19.9355 -0.977217 0.212492 -0.00329847 -27.4277
0.129318 0.648724 0.750027 -20.3281 0.165555 0.731628 -0.661364 19.9365 -0.977744 0.209681 -0.0127887 -27.4462
0.120968 0.65061 0.749792 -20.2877 0.175664 0.729382 -0.661241 19.9386 -0.97705 0.211687 -0.0260576 -27.4663
0.112699 0.652959 0.749033 -20.2425 0.19191 0.72533 -0.66118 19.9445 -0.974979 0.218244 -0.0435661 -27.4859
0.104679 0.65499 0.748428 -20.1867 0.212635 0.720415 -0.660215 19.9367 -0.971569 0.228239 -0.0638597 -27.5102
0.097099 0.658484 0.746377 -20.1281 0.237336 0.71296 -0.659888 19.9412 -0.966622 0.241198 -0.0870532 -27.5359
0.089961 0.662145 0.744034 -20.0602 0.266804 0.703732 -0.658539 19.9404 -0.959605 0.257739 -0.11335 -27.56
0.0827985 0.665598 0.741776 -19.9962 0.298749 0.693516 -0.65565 19.9451 -0.950793 0.275872 -0.141421 -27.5888
0.0763137 0.668851 0.739547 -19.9232 0.332087 0.682311 -0.651356 19.9386 -0.940219 0.295285 -0.17004 -27.6219
0.0710922 0.672741 0.736528 -19.8402 0.366226 0.669219 -0.646619 19.9326 -0.927867 0.315684 -0.198793 -27.6627
0.0653541 0.676312 0.733789 -19.7667 0.403002 0.654834 -0.639435 19.9295 -0.912926 0.33749 -0.229749 -27.6967
0.0607677 0.680757 0.730059 -19.678 0.43821 0.63896 -0.632293 19.9288 -0.896878 0.358319 -0.259479 -27.7429
0.0567601 0.685057 0.726354 -19.585 0.474699 0.621517 -0.623276 19.9241 -0.878382 0.380156 -0.289905 -27.7846
0.0538521 0.688661 0.723156 -19.4902 0.509738 0.603783 -0.612949 19.9202 -0.858707 0.401604 -0.318511 -27.8329
0.0504658 0.688669 0.723397 -19.3928 0.544402 0.58829 -0.598027 19.9114 -0.837373 0.423976 -0.345208 -27.882
0.0474282 0.689092 0.723196 -19.2921 0.577357 0.571911 -0.582812 19.9028 -0.81518 0.445157 -0.370715 -27.9318
0.045303 0.689886 0.72258 -19.1917 0.607757 0.55504 -0.568031 19.8976 -0.792901 0.464862 -0.394119 -27.9867
0.0437387 0.692467 0.720199 -19.087 0.635868 0.536734 -0.554691 19.8975 -0.770628 0.482184 -0.416827 -28.0384
0.0424385 0.695413 0.717438 -18.9751 0.66168 0.518486 -0.54171 19.8908 -0.74866 0.497678 -0.438116 -28.086
0.0419137 0.699522 0.713458 -18.8575 0.68517 0.499615 -0.530115 19.883 -0.72725 0.511029 -0.458335 -28.121
0.0417234 0.703303 0.709749 -18.7338 0.704657 0.482914 -0.519953 19.8718 -0.708399 0.521797 -0.475415 -28.1626
0.0424692 0.7061 0.706916 -18.6151 0.719782 0.469104 -0.511812 19.868 -0.692977 0.53053 -0.488298 -28.2049
0.0280704 0.706595 0.707147 -18.489 0.723132 0.474083 -0.502418 19.8631 -0.690219 0.525437 -0.497629 -28.2479
0.0181296 0.706788 0.707272 -18.3496 0.725457 0.477505 -0.49578 19.8584 -0.688107 0.522053 -0.504068 -28.2997
0.0117288 0.705041 0.709155 -18.2072 0.727027 0.480918 -0.490152 19.8449 -0.686589 0.521297 -0.506918 -28.3699
0.00773605 0.70352 0.710713 -18.0615 0.727915 0.483369 -0.486407 19.8343 -0.685704 0.521071 -0.508344 -28.4281
0.00700057 0.700694 0.713513 -17.9338 0.727576 0.485941 -0.484348 19.8296 -0.686072 0.522499 -0.506381 -28.4993
0.00751898 0.698924 0.715237 -17.7763 0.727168 0.487178 -0.483718 19.8232 -0.686499 0.523703 -0.504553 -28.5575
0.00987527 0.696261 0.717805 -17.6185 0.72701 0.487886 -0.483243 19.8081 -0.686637 0.526597 -0.501346 -28.6198
0.0135443 0.693345 0.720559 -17.4598 0.726655 0.488216 -0.483443 19.7897 -0.68695 0.530113 -0.497191 -28.6831
0.0189976 0.689513 0.72411 -17.2999 0.725578 0.488795 -0.484476 19.7714 -0.687959 0.534574 -0.490984 -28.7638
0.024526 0.686061 0.727211 -17.1306 0.724521 0.489039 -0.485809 19.7512 -0.688898 0.538761 -0.485053 -28.8376
0.0298757 0.682812 0.730068 -16.9622 0.723699 0.489057 -0.487016 19.7217 -0.689551 0.542871 -0.479515 -28.9058
0.0350918 0.679815 0.732624 -16.7845 0.722686 0.489103 -0.488471 19.6898 -0.690367 0.546564 -0.474111 -28.9804
0.0350202 0.67649 0.735705 -16.6034 0.718235 0.494871 -0.489229 19.6463 -0.695003 0.545511 -0.468524 -29.062
0.0324396 0.674457 0.737681 -16.431 0.711823 0.502539 -0.490779 19.6087 -0.70169 0.540985 -0.463774 -29.1434
0.0289105 0.672374 0.739732 -16.254 0.706028 0.510155 -0.491295 19.5562 -0.707676 0.536445 -0.459942 -29.2248
0.0245242 0.67106 0.741077 -16.0792 0.701076 0.516931 -0.491299 19.4889 -0.712745 0.531567 -0.457769 -29.3011
0.0198778 0.671288 0.741016 -15.9172 0.697107 0.522006 -0.491586 19.4224 -0.716774 0.52631 -0.457559 -29.373
0.0125117 0.670529 0.741859 -15.7586 0.694938 0.527638 -0.488633 19.295 -0.719041 0.521626 -0.459356 -29.4343
0.00498816 0.671014 0.741514 -15.616 0.693943 0.531611 -0.485736 19.1561 -0.720096 0.516961 -0.462969 -29.4848
-0.00651 0.671131 0.741393 -15.473 0.696411 0.535116 -0.478296 18.9508 -0.717695 0.513166 -0.470847 -29.498
-0.0171298 0.672526 0.739962 -15.3553 0.69966 0.536772 -0.471657 18.7783 -0.714356 0.509612 -0.479708 -29.51
-0.0301404 0.673886 0.738304 -15.2259 0.704464 0.538345 -0.462624 18.5809 -0.709183 0.50613 -0.490935 -29.5042
-0.0451939 0.676168 0.735448 -15.0739 0.711928 0.538275 -0.45114 18.3714 -0.700884 0.503167 -0.505681 -29.4734
-0.0601566 0.677427 0.73321 -14.9285 0.719581 0.538523 -0.438522 18.1841 -0.691883 0.50119 -0.519838 -29.4452
-0.0765759 0.678761 0.730445 -14.7751 0.727107 0.539314 -0.424929 17.995 -0.682329 0.498542 -0.534801 -29.4129
-0.0938797 0.681328 0.726018 -14.6017 0.736113 0.538509 -0.410184 17.8093 -0.670404 0.49589 -0.552067 -29.3578
-0.111552 0.683504 0.721463 -14.4054 0.74613 0.537156 -0.393528 17.6133 -0.656482 0.494376 -0.569871 -29.2861
-0.137628 0.683482 0.716961 -14.2113 0.748739 0.545676 -0.376475 17.4408 -0.648511 0.48497 -0.586825 -29.2072
-0.164483 0.68138 0.713301 -14.0137 0.749781 0.556267 -0.358478 17.2789 -0.641012 0.475827 -0.602348 -29.117
-0.190788 0.679853 0.708185 -13.7915 0.751839 0.565066 -0.339919 17.1339 -0.631234 0.467556 -0.618921 -28.9942
-0.215387 0.677178 0.703684 -13.5791 0.753479 0.573651 -0.321414 17.0289 -0.62129 0.460954 -0.633759 -28.8606
-0.239944 0.674436 0.698347 -13.3662 0.755293 0.581638 -0.302221 16.9447 -0.609983 0.454908 -0.64893 -28.7081
-0.263456 0.67004 0.694097 -13.1645 0.756389 0.590063 -0.282512 16.8841 -0.598823 0.45055 -0.662228 -28.5505
-0.284804 0.665125 0.690379 -12.9821 0.757276 0.597696 -0.263439 16.8567 -0.587825 0.447747 -0.673881 -28.3853
-0.304554 0.658703 0.688107 -12.8145 0.757832 0.605223 -0.243946 16.8394 -0.577114 0.447146 -0.68347 -28.2181
-0.321947 0.651921 0.686642 -12.6606 0.758245 0.611855 -0.225405 16.8421 -0.567041 0.448043 -0.69127 -28.0497
-0.336275 0.644888 0.68642 -12.5214 0.758393 0.617582 -0.208681 16.864 -0.558465 0.450374 -0.696715 -27.8788
-0.347435 0.638143 0.687162 -12.3906 0.75972 0.621127 -0.192706 16.8929 -0.549759 0.455065 -0.70058 -27.7092
-0.356513 0.630063 0.689966 -12.2782 0.760569 0.62464 -0.177413 16.9251 -0.542731 0.461487 -0.701857 -27.5425
-0.36278 0.621015 0.694881 -12.1758 0.761225 0.627625 -0.1635 16.9584 -0.537632 0.469613 -0.700391 -27.3815
-0.380895 0.60183 0.702036 -12.0813 0.746545 0.648157 -0.150597 16.9904 -0.545632 0.46671 -0.696132 -27.2252
-0.398119 0.579965 0.710825 -11.994 0.728828 0.670541 -0.138903 17.0197 -0.557166 0.462736 -0.689619 -27.0728
-0.413906 0.555395 0.721355 -11.9113 0.708392 0.694198 -0.128017 17.0417 -0.571829 0.457987 -0.680729 -26.9272
-0.428116 0.528758 0.732983 -11.8339 0.685552 0.71849 -0.117898 17.0603 -0.588947 0.451991 -0.670059 -26.7882
-0.441065 0.499565 0.745675 -11.7593 0.659933 0.743624 -0.107841 17.0714 -0.60834 0.444503 -0.657627 -26.6582
-0.451927 0.469038 0.75888 -11.6894 0.63221 0.768576 -0.0985442 17.0789 -0.629442 0.435205 -0.643843 -26.5356
-0.461138 0.436388 0.772691 -11.6227 0.602484 0.793289 -0.0884604 17.0765 -0.651531 0.424715 -0.628696 -26.4257
-0.468718 0.4016 0.786865 -11.5609 0.570228 0.817865 -0.077757 17.0707 -0.674737 0.412215 -0.612326 -26.3236
-0.474232 0.367487 0.80012 -11.4954 0.537226 0.840785 -0.0677494 17.0657 -0.697583 0.397691 -0.596116 -26.2319
-0.477904 0.332318 0.813209 -11.4412 0.50243 0.862779 -0.057314 17.057 -0.720624 0.381161 -0.579269 -26.146
-0.479402 0.296646 0.82602 -11.3966 0.467375 0.882938 -0.0458329 17.0422 -0.742876 0.364066 -0.561895 -26.0717
-0.479834 0.262101 0.837377 -11.3534 0.431954 0.901292 -0.0345934 17.0326 -0.763744 0.345083 -0.545664 -26.0029
-0.479088 0.227589 0.847828 -11.3144 0.396631 0.917775 -0.0222384 17.0192 -0.783128 0.3256 -0.529935 -25.9471
-0.477147 0.19469 0.857068 -11.2804 0.362132 0.93213 -0.01014 17.0069 -0.800826 0.30551 -0.515245 -25.8988
-0.474494 0.164107 0.864904 -11.2585 0.328478 0.944576 0.000982047 16.9977 -0.816755 0.28455 -0.502074 -25.8533
-0.471274 0.135738 0.871559 -11.2353 0.296434 0.955041 0.0115448 16.9931 -0.830759 0.26378 -0.490304 -25.8212
-0.468465 0.109749 0.876716 -11.2158 0.265685 0.963888 0.0213048 16.9909 -0.842665 0.242895 -0.48068 -25.7963
-0.466703 0.0867618 0.880227 -11.2006 0.237194 0.971054 0.0300436 16.9908 -0.852091 0.222788 -0.473754 -25.7765
-0.466204 0.0668886 0.882221 -11.1937 0.211288 0.976764 0.0375965 16.9929 -0.859152 0.203917 -0.469479 -25.7614
-0.46713 0.0503256 0.882834 -11.19 0.188894 0.981066 0.0440193 16.9956 -0.863853 0.187309 -0.467773 -25.758
-0.469422 0.0466434 0.881818 -11.1838 0.189271 0.980771 0.0488769 16.9927 -0.862527 0.189834 -0.469199 -25.7509
-0.474156 0.0453474 0.879352 -11.1745 0.189346 0.980613 0.0515241 16.9897 -0.859917 0.190916 -0.473531 -25.7398
-0.480887 0.0461303 0.875645 -11.1607 0.189111 0.980631 0.0521937 16.9874 -0.856223 0.19068 -0.480271 -25.7235
-0.489738 0.0477111 0.870644 -11.1457 0.188457 0.980746 0.0522584 16.9768 -0.851337 0.189656 -0.48928 -25.7014
-0.499669 0.051621 0.864755 -11.1297 0.188312 0.980886 0.050255 16.9664 -0.845579 0.187941 -0.499812 -25.6775
-0.512084 0.056882 0.857132 -11.1074 0.187641 0.981169 0.0469866 16.9534 -0.838269 0.184879 -0.513093 -25.6437
-0.525893 0.0635678 0.848252 -11.0807 0.187451 0.981411 0.0426671 16.9372 -0.829718 0.181432 -0.528004 -25.6065
-0.540645 0.0708673 0.838345 -11.0485 0.186646 0.981772 0.0373713 16.9161 -0.820366 0.176663 -0.543994 -25.5676
-0.556589 0.0793484 0.827073 -11.0134 0.185593 0.982212 0.030664 16.8951 -0.809875 0.170554 -0.561383 -25.5218
-0.573458 0.088445 0.814533 -10.9737 0.184331 0.98265 0.0230708 16.8705 -0.798312 0.16336 -0.579786 -25.4713
-0.590647 0.097343 0.801122 -10.9358 0.182886 0.983078 0.015385 16.8366 -0.786016 0.15559 -0.598421 -25.418
-0.60864 0.10815 0.786131 -10.8874 0.181522 0.983429 0.00524013 16.8074 -0.77249 0.145876 -0.618158 -25.3594
-0.626497 0.118085 0.770517 -10.8364 0.179804 0.983756 -0.00456833 16.7702 -0.758489 0.135669 -0.637515 -25.2995
-0.644805 0.128104 0.753629 -10.7778 0.177987 0.983975 -0.0149788 16.7301 -0.743426 0.124466 -0.657243 -25.2337
-0.66292 0.13803 0.73595 -10.7106 0.175612 0.98417 -0.0263989 16.6879 -0.727895 0.111732 -0.676626 -25.1708
-0.680496 0.147604 0.71783 -10.6458 0.17325 0.984195 -0.0381421 16.6358 -0.712071 0.0983986 -0.695281 -25.1033
-0.697725 0.156691 0.699119 -10.5725 0.170674 0.984111 -0.0502308 16.5809 -0.695834 0.0842658 -0.713339 -25.0382
-0.714325 0.165643 0.680032 -10.4958 0.169 0.983715 -0.0620995 16.5156 -0.679202 0.0705577 -0.73065 -24.9738
-0.730391 0.173101 0.660837 -10.4147 0.166892 0.983325 -0.0731171 16.4394 -0.662428 0.0568766 -0.747056 -24.9078
-0.745327 0.18111 0.641739 -10.3281 0.164473 0.982655 -0.0863089 16.3629 -0.646199 0.0412138 -0.762149 -24.8428
-0.758231 0.191719 0.623275 -10.2394 0.166699 0.981092 -0.0989888 16.2724 -0.630423 0.0288366 -0.775806 -24.7825
-0.77075 0.200839 0.604773 -10.1427 0.167328 0.979569 -0.112063 16.1792 -0.614884 0.0148175 -0.78857 -24.7227
-0.782244 0.208999 0.586989 -10.0489 0.167208 0.977982 -0.125385 16.0798 -0.600227 6.24054e-05 -0.799917 -24.649
-0.792737 0.21614 0.570082 -9.95341 0.166112 0.976295 -0.13917 15.981 -0.58661 -0.0156305 -0.809808 -24.5744
-0.80251 0.22197 0.55394 -9.85188 0.1638 0.974587 -0.153224 15.8808 -0.573833 -0.0322312 -0.818423 -24.4917
-0.811626 0.226973 0.538412 -9.74895 0.160807 0.9727 -0.167654 15.7793 -0.56173 -0.049493 -0.825926 -24.4036
-0.819339 0.230417 0.525104 -9.64804 0.157376 0.970969 -0.180502 15.6628 -0.551411 -0.0652548 -0.831762 -24.3293
-0.826548 0.233949 0.512082 -9.5423 0.154649 0.968978 -0.193079 15.5434 -0.541331 -0.0803947 -0.837044 -24.2368
-0.832311 0.239557 0.500013 -9.43077 0.154899 0.966455 -0.205185 15.4181 -0.532355 -0.0933262 -0.841445 -24.1397
-0.837055 0.24456 0.489563 -9.31522 0.154919 0.963935 -0.216662 15.2799 -0.524859 -0.105513 -0.844711 -24.0513
-0.84067 0.249216 0.480945 -9.19553 0.155404 0.961572 -0.226625 15.1359 -0.518904 -0.115775 -0.84704 -23.959
-0.843104 0.254062 0.474102 -9.06251 0.156375 0.959166 -0.235926 14.9967 -0.514648 -0.124768 -0.848361 -23.869
-0.844975 0.258007 0.468609 -8.91273 0.156639 0.956994 -0.244453 14.8676 -0.511488 -0.133152 -0.848995 -23.7785
-0.84492 0.260765 0.467179 -8.73925 0.158115 0.955928 -0.247621 14.7496 -0.511126 -0.135347 -0.848869 -23.6936
-0.84409 0.261046 0.468522 -8.54852 0.157536 0.955753 -0.248696 14.6541 -0.512673 -0.136111 -0.847811 -23.6075
-0.842524 0.262735 0.470391 -8.34356 0.158558 0.955335 -0.249617 14.5621 -0.51493 -0.135719 -0.846508 -23.5251
-0.840485 0.265038 0.472743 -8.1313 0.159951 0.954774 -0.250905 14.4784 -0.517823 -0.135264 -0.844812 -23.4324
-0.837839 0.268041 0.475734 -7.91536 0.161438 0.95392 -0.25316 14.39 -0.521634 -0.135301 -0.84246 -23.3397
-0.83489 0.271463 0.478971 -7.69751 0.163081 0.952938 -0.255822 14.2959 -0.525836 -0.13547 -0.839814 -23.2356
-0.831481 0.274644 0.483067 -7.48495 0.164068 0.951947 -0.258832 14.1857 -0.530905 -0.135954 -0.836543 -23.1255
-0.823268 0.280565 0.49362 -7.27992 0.173754 0.952221 -0.251432 14.0504 -0.540537 -0.121226 -0.832628 -23.0067
-0.813247 0.288068 0.505758 -7.07869 0.185565 0.951958 -0.243842 13.9055 -0.551666 -0.104451 -0.827589 -22.8773
-0.801029 0.295454 0.520775 -6.88254 0.198789 0.951724 -0.234175 13.7455 -0.56478 -0.084057 -0.821038 -22.7546
-0.788926 0.304548 0.533847 -6.65879 0.216415 0.950666 -0.222524 13.5729 -0.575241 -0.0600239 -0.815871 -22.6183
-0.774935 0.312829 0.549329 -6.44202 0.233162 0.949203 -0.211623 13.4079 -0.587582 -0.0359151 -0.808458 -22.497
-0.758602 0.320227 0.56756 -6.2368 0.251386 0.94737 -0.198531 13.2433 -0.601224 -0.00793458 -0.799136 -22.3862
-0.74041 0.327275 0.587226 -6.03847 0.271165 0.944733 -0.184618 13.0879 -0.615147 0.022536 -0.788185 -22.2678
-0.722031 0.334447 0.605776 -5.84278 0.292353 0.940953 -0.171049 12.9551 -0.627171 0.053588 -0.777134 -22.1091
-0.702546 0.340631 0.62494 -5.68105 0.31494 0.936235 -0.15625 12.8439 -0.638266 0.0870354 -0.764977 -21.9028
-0.682717 0.345801 0.643792 -5.5541 0.337993 0.930532 -0.141398 12.7614 -0.647921 0.121048 -0.752129 -21.6628
-0.661998 0.350137 0.662808 -5.45244 0.361274 0.92382 -0.127183 12.6962 -0.656798 0.155246 -0.738015 -21.4098
-0.64057 0.353529 0.681789 -5.33883 0.385101 0.915979 -0.113152 12.627 -0.664463 0.190057 -0.722856 -21.1762
-0.619402 0.35592 0.699868 -5.20473 0.409094 0.907152 -0.0992712 12.5417 -0.670169 0.224804 -0.707452 -20.957
-0.598 0.35757 0.717419 -5.03592 0.433494 0.897131 -0.085812 12.4375 -0.674258 0.259657 -0.691453 -20.7823
-0.576703 0.358894 0.734004 -4.84808 0.457176 0.886355 -0.0741825 12.3287 -0.677162 0.292765 -0.675199 -20.635
-0.555645 0.359103 0.749969 -4.64971 0.480657 0.874733 -0.0627355 12.2133 -0.678506 0.32559 -0.658615 -20.5196
-0.535327 0.3597 0.764327 -4.44816 0.50333 0.862524 -0.0533824 12.1047 -0.678402 0.356104 -0.642741 -20.4166
-0.516538 0.359612 0.777187 -4.24095 0.524502 0.8503 -0.0448516 11.9962 -0.676927 0.384435 -0.627799 -20.3285
-0.498714 0.359501 0.788796 -4.03008 0.544688 0.837883 -0.0374939 11.8924 -0.674349 0.410918 -0.613642 -20.249
-0.482227 0.360039 0.798738 -3.82002 0.563772 0.825398 -0.0316931 11.7919 -0.670644 0.434985 -0.600981 -20.1778
-0.466868 0.360991 0.807389 -3.61898 0.582256 0.812654 -0.0266571 11.6948 -0.665702 0.457628 -0.589556 -20.1132
-0.453691 0.362419 0.81423 -3.41082 0.598904 0.800579 -0.0226383 11.6023 -0.660018 0.477334 -0.580243 -20.0509
-0.441945 0.364165 0.819895 -3.22004 0.614613 0.788688 -0.0190088 11.5048 -0.653515 0.495481 -0.572343 -19.992
-0.430984 0.366818 0.824531 -3.02226 0.628791 0.777467 -0.0172158 11.4184 -0.647319 0.510995 -0.565701 -19.9405
-0.422234 0.370039 0.827617 -2.82189 0.640765 0.767655 -0.0163206 11.3341 -0.641316 0.523378 -0.561205 -19.8881
-0.41525 0.373401 0.829636 -2.62507 0.651104 0.758914 -0.015685 11.2486 -0.635436 0.53362 -0.558235 -19.8352
-0.409298 0.377273 0.830844 -2.43483 0.660556 0.750711 -0.0154747 11.163 -0.629515 0.542445 -0.556441 -19.7834
-0.404735 0.381836 0.830993 -2.24637 0.668354 0.743756 -0.0162348 11.0828 -0.624213 0.54878 -0.556198 -19.7304
-0.401262 0.385728 0.830882 -2.06323 0.674484 0.73819 -0.016962 10.999 -0.619845 0.55357 -0.556342 -19.6799
-0.398389 0.391168 0.829718 -1.87596 0.68002 0.733037 -0.0190817 10.9274 -0.615637 0.556575 -0.558009 -19.6319
-0.397017 0.396258 0.827961 -1.6927 0.683741 0.729511 -0.0212761 10.8548 -0.612391 0.557623 -0.560533 -19.5848
-0.397133 0.40164 0.825307 -1.51171 0.685807 0.727479 -0.0240307 10.7816 -0.610004 0.55641 -0.564326 -19.5346
-0.397406 0.406479 0.822804 -1.33286 0.68679 0.726446 -0.0271614 10.7111 -0.608718 0.554258 -0.567825 -19.4912
-0.39903 0.411518 0.819506 -1.15701 0.68621 0.726841 -0.030866 10.6409 -0.608311 0.549988 -0.572391 -19.4465
-0.400542 0.416694 0.816148 -0.983741 0.684208 0.728489 -0.0361465 10.582 -0.60957 0.543895 -0.57686 -19.4094
-0.402472 0.421165 0.812895 -0.811095 0.680972 0.731214 -0.0416964 10.5307 -0.61192 0.536729 -0.581067 -19.3823
-0.405651 0.424458 0.809597 -0.631781 0.676036 0.735475 -0.046865 10.4893 -0.615284 0.528265 -0.585258 -19.3699
-0.40828 0.427552 0.806641 -0.456944 0.670491 0.740119 -0.0529311 10.4674 -0.619599 0.519188 -0.588816 -19.3762
-0.41241 0.430101 0.80318 -0.287668 0.662439 0.746824 -0.0597762 10.4531 -0.625495 0.507365 -0.592875 -19.3793
-0.416602 0.432056 0.799959 -0.118685 0.652333 0.754963 -0.0680383 10.4566 -0.633292 0.49345 -0.596333 -19.3881
-0.421199 0.432516 0.7973 0.0480853 0.640695 0.764115 -0.076044 10.4564 -0.64207 0.478758 -0.598917 -19.3994
-0.425877 0.432374 0.794887 0.214088 0.627182 0.774292 -0.0851535 10.4643 -0.652248 0.46223 -0.6009 -19.4175
-0.430933 0.430512 0.793174 0.371755 0.612872 0.784786 -0.0929812 10.4618 -0.662449 0.446008 -0.602 -19.4366
-0.43632 0.427849 0.791666 0.529956 0.596528 0.796227 -0.10155 10.4621 -0.673747 0.427902 -0.602604 -19.4595
-0.441761 0.425461 0.789936 0.687407 0.578825 0.807895 -0.111431 10.4745 -0.685541 0.407974 -0.603124 -19.48
-0.447697 0.421246 0.78885 0.835237 0.560085 0.819794 -0.119912 10.4766 -0.697159 0.3881 -0.602922 -19.4961
-0.453147 0.416469 0.788277 0.979436 0.540261 0.83167 -0.128817 10.4809 -0.709178 0.36747 -0.60183 -19.524
-0.459284 0.412256 0.786937 1.12524 0.519251 0.843362 -0.138771 10.4936 -0.72083 0.344847 -0.601376 -19.5437
-0.466799 0.406774 0.785368 1.2637 0.497728 0.854884 -0.146941 10.4943 -0.731112 0.322278 -0.601482 -19.5486
-0.474376 0.400533 0.784033 1.38804 0.475629 0.866024 -0.15465 10.4939 -0.740881 0.299515 -0.601295 -19.5547
-0.481105 0.394472 0.783007 1.5148 0.453704 0.876265 -0.162681 10.5009 -0.750234 0.27696 -0.600509 -19.5761
-0.488047 0.389305 0.781294 1.63348 0.431201 0.885783 -0.172022 10.5181 -0.758971 0.252911 -0.600141 -19.5894
-0.495309 0.382959 0.77986 1.73085 0.408883 0.894803 -0.179708 10.5278 -0.76658 0.229837 -0.599749 -19.5969
-0.502799 0.376053 0.778426 1.82545 0.386788 0.903188 -0.186502 10.5342 -0.773143 0.207288 -0.599544 -19.6094
-0.511102 0.369906 0.77596 1.9095 0.365198 0.910668 -0.193573 10.548 -0.778182 0.184423 -0.600491 -19.6111
-0.518814 0.363573 0.773833 1.9891 0.344566 0.917291 -0.199971 10.5553 -0.782477 0.162866 -0.601147 -19.6249
-0.526327 0.356782 0.771918 2.04768 0.325217 0.923242 -0.204974 10.5573 -0.785734 0.143139 -0.601917 -19.6353
-0.535006 0.351364 0.76843 2.11256 0.306871 0.928193 -0.210772 10.572 -0.78725 0.123026 -0.60438 -19.6418
-0.544413 0.345835 0.764319 2.18155 0.28996 0.932562 -0.215423 10.58 -0.787211 0.104327 -0.607935 -19.6494
-0.553604 0.340278 0.760201 2.23958 0.274859 0.936297 -0.21895 10.583 -0.786219 0.0877204 -0.611832 -19.6611
-0.562949 0.3353 0.755536 2.28822 0.261644 0.939385 -0.221937 10.5878 -0.784089 0.0727277 -0.616511 -19.6659
-0.572601 0.331047 0.750139 2.33378 0.250358 0.941827 -0.224547 10.5954 -0.780778 0.059214 -0.622137 -19.6707
-0.582312 0.326959 0.744435 2.37654 0.240568 0.943942 -0.226404 10.5996 -0.776663 0.0472376 -0.62828 -19.6834
-0.592796 0.323699 0.737552 2.42024 0.232605 0.945533 -0.228036 10.6052 -0.771137 0.0363682 -0.635768 -19.6907
-0.603125 0.320906 0.730365 2.46134 0.226247 0.94681 -0.229173 10.6084 -0.764995 0.0270119 -0.643603 -19.7015
-0.613992 0.318653 0.722251 2.50161 0.221243 0.947763 -0.230078 10.6115 -0.75778 0.0185168 -0.652382 -19.7089
-0.624417 0.316479 0.714225 2.53266 0.217092 0.94862 -0.230543 10.6109 -0.750426 0.0110879 -0.660992 -19.7197
-0.634952 0.314074 0.70595 2.55962 0.213913 0.949459 -0.23002 10.6091 -0.742457 0.00495148 -0.670006 -19.7277
-0.645474 0.311965 0.69729 2.58547 0.211659 0.950179 -0.229173 10.6031 -0.733981 -0.000345919 -0.679297 -19.7395
-0.656911 0.309857 0.687481 2.61642 0.209893 0.95084 -0.228007 10.5964 -0.724278 -0.00549048 -0.689614 -19.7426
-0.667663 0.307575 0.678083 2.63748 0.208093 0.951554 -0.226721 10.592 -0.714903 -0.0102771 -0.699271 -19.7531
-0.678372 0.305849 0.668162 2.66091 0.206837 0.952035 -0.225804 10.5909 -0.705121 -0.0149853 -0.709053 -19.7612
-0.688675 0.302794 0.65895 2.67078 0.20558 0.952969 -0.223042 10.5808 -0.695433 -0.0181444 -0.718482 -19.7661
-0.699401 0.300228 0.648748 2.6857 0.204411 0.953688 -0.220988 10.5774 -0.684996 -0.0219548 -0.728338 -19.7664
-0.709642 0.297243 0.638928 2.69754 0.202756 0.95454 -0.218873 10.5734 -0.67488 -0.0257822 -0.737594 -19.7692
-0.719518 0.294033 0.629295 2.70329 0.200722 0.955405 -0.216916 10.5716 -0.664959 -0.0297677 -0.746405 -19.7733
-0.729056 0.290113 0.620069 2.70648 0.198265 0.956496 -0.214401 10.5654 -0.655234 -0.0333788 -0.754802 -19.7787
-0.738527 0.285985 0.610708 2.7119 0.195542 0.957588 -0.211966 10.5614 -0.645374 -0.0371289 -0.76308 -19.7818
-0.747403 0.28077 0.602272 2.70804 0.191173 0.958956 -0.209808 10.5595 -0.636402 -0.0416788 -0.770344 -19.7902
-0.755915 0.274653 0.594417 2.71351 0.186011 0.96051 -0.20727 10.5512 -0.62782 -0.0461149 -0.777106 -19.7973
-0.762974 0.271393 0.586849 2.72467 0.184068 0.961327 -0.205259 10.542 -0.619802 -0.048593 -0.783363 -19.8003
-0.769064 0.268767 0.580068 2.74339 0.182479 0.961933 -0.203778 10.5319 -0.612706 -0.0508724 -0.788785 -19.8056
-0.774885 0.266807 0.573186 2.77351 0.180957 0.962332 -0.20331 10.5229 -0.605782 -0.053825 -0.793917 -19.8052
-0.779879 0.264807 0.56731 2.80631 0.179399 0.962726 -0.202771 10.5066 -0.599809 -0.0563655 -0.798267 -19.8042
-0.784895 0.263685 0.56088 2.8556 0.17834 0.962865 -0.203098 10.4915 -0.59355 -0.0593882 -0.802712 -19.7967
-0.788884 0.26181 0.556141 2.89225 0.176429 0.963188 -0.203181 10.4732 -0.588814 -0.0621699 -0.805985 -19.7976
-0.792358 0.26092 0.551604 2.92546 0.175273 0.963266 -0.203868 10.4578 -0.584478 -0.064859 -0.808921 -19.7961
-0.795186 0.260274 0.547825 2.95134 0.174413 0.963275 -0.204503 10.4416 -0.580884 -0.0670727 -0.811329 -19.794
-0.797939 0.259985 0.543945 2.97794 0.173681 0.96319 -0.205583 10.4284 -0.577316 -0.0695734 -0.813659 -19.7912
-0.800023 0.259552 0.541084 2.99501 0.172563 0.963105 -0.206859 10.4173 -0.574763 -0.0721233 -0.815247 -19.7908
-0.802175 0.259365 0.537979 3.01213 0.171556 0.962956 -0.208443 10.4096 -0.572058 -0.0749179 -0.816892 -19.786
-0.803521 0.259274 0.53601 3.02112 0.170573 0.962777 -0.210016 10.3999 -0.570461 -0.0773244 -0.817787 -19.7867
-0.804338 0.259937 0.534461 3.02669 0.170121 0.962423 -0.212051 10.3937 -0.569442 -0.0796412 -0.818272 -19.7888
-0.805319 0.261327 0.532303 3.03093 0.170398 0.961837 -0.214418 10.3913 -0.567974 -0.0819724 -0.819066 -19.7851
-0.805529 0.262608 0.531354 3.02583 0.170339 0.961311 -0.216867 10.3858 -0.567692 -0.0841858 -0.819033 -19.7897
-0.806186 0.264223 0.529553 3.02754 0.170863 0.960671 -0.219225 10.3828 -0.566601 -0.086256 -0.819577 -19.7871
-0.806369 0.266241 0.528263 3.02735 0.171379 0.959911 -0.222182 10.3822 -0.566184 -0.0886305 -0.819607 -19.7862
-0.806396 0.26824 0.527209 3.02553 0.171858 0.959124 -0.225141 10.3792 -0.566002 -0.0909479 -0.819484 -19.7862
-0.806623 0.271291 0.525298 3.03027 0.173299 0.958041 -0.228668 10.3788 -0.565238 -0.0934175 -0.81973 -19.7801
-0.806452 0.274029 0.524138 3.03054 0.174217 0.956991 -0.232292 10.3752 -0.565201 -0.0960185 -0.819459 -19.7826
-0.799495 0.295606 0.52307 3.02856 0.19736 0.951562 -0.2361 10.3722 -0.567471 -0.085531 -0.819047 -19.7829
-0.790931 0.320136 0.521651 3.02628 0.22398 0.944624 -0.240127 10.3688 -0.569588 -0.073087 -0.818787 -19.7837
-0.780866 0.346886 0.519709 3.02779 0.253567 0.936162 -0.243861 10.3638 -0.571069 -0.058647 -0.818913 -19.7734
-0.768086 0.375264 0.519035 3.02423 0.285144 0.926036 -0.247577 10.3552 -0.573502 -0.0421662 -0.818231 -19.7797
-0.753309 0.404981 0.51836 3.01958 0.31825 0.914087 -0.251647 10.3507 -0.575684 -0.0246088 -0.817411 -19.7817
-0.736279 0.43608 0.517594 3.02212 0.35328 0.899972 -0.255713 10.3423 -0.577282 -0.00542967 -0.81664 -19.7809
-0.717218 0.467625 0.516823 3.03079 0.389237 0.883896 -0.259586 10.3333 -0.578153 0.0149755 -0.8159 -19.7737
-0.695505 0.499168 0.51699 3.04086 0.425527 0.865812 -0.263522 10.3191 -0.579109 0.036699 -0.814537 -19.7735
-0.671731 0.530584 0.517148 3.05939 0.46196 0.845668 -0.267585 10.3058 -0.579258 0.0591413 -0.813106 -19.7682
-0.645763 0.560662 0.518482 3.07911 0.497448 0.824005 -0.271493 10.2866 -0.5794 0.0825795 -0.810963 -19.7656
-0.618104 0.588758 0.521051 3.10483 0.532279 0.801159 -0.273833 10.2676 -0.578614 0.108068 -0.80852 -19.7571
-0.588581 0.615206 0.524661 3.13118 0.56559 0.777006 -0.27662 10.248 -0.577796 0.133906 -0.805237 -19.75
-0.557734 0.640006 0.528687 3.16539 0.597488 0.751659 -0.279603 10.224 -0.576289 0.159917 -0.801559 -19.7422
-0.52594 0.662846 0.533102 3.20411 0.627476 0.725482 -0.283019 10.1977 -0.574308 0.18563 -0.797432 -19.7317
-0.493154 0.683448 0.538408 3.24485 0.654968 0.698995 -0.287371 10.1714 -0.572699 0.210895 -0.792287 -19.7205
-0.45964 0.70178 0.544436 3.29298 0.680602 0.672143 -0.291814 10.1386 -0.570683 0.236383 -0.78653 -19.7064
-0.426421 0.717378 0.551108 3.34311 0.703122 0.646166 -0.297066 10.1052 -0.569168 0.26079 -0.779883 -19.6916
-0.392838 0.730653 0.558567 3.39961 0.72287 0.620798 -0.30368 10.0722 -0.568599 0.284438 -0.771995 -19.6772
-0.359957 0.740642 0.56751 3.45858 0.739433 0.597406 -0.310649 10.0332 -0.569066 0.307782 -0.762637 -19.666
-0.32811 0.748784 0.576055 3.5257 0.753403 0.5753 -0.318695 9.99408 -0.569996 0.329393 -0.752854 -19.6465
-0.311543 0.746417 0.588209 3.5968 0.754212 0.57079 -0.324841 9.95396 -0.578163 0.342396 -0.740726 -19.6292
-0.29323 0.743508 0.601153 3.66947 0.754789 0.565974 -0.331842 9.91782 -0.586922 0.356395 -0.727111 -19.609
-0.273465 0.739522 0.615233 3.74685 0.755585 0.56098 -0.338454 9.87155 -0.595379 0.372267 -0.712126 -19.5893
-0.253114 0.734532 0.629738 3.83007 0.756063 0.556315 -0.345015 9.82248 -0.603714 0.388748 -0.696124 -19.569
-0.231658 0.728266 0.645097 3.91327 0.756455 0.551824 -0.351316 9.7688 -0.611782 0.406562 -0.678685 -19.5471
-0.209306 0.720857 0.660858 3.99614 0.756485 0.547623 -0.357763 9.71228 -0.619752 0.424998 -0.659901 -19.5235
-0.18788 0.713143 0.675511 4.09063 0.756622 0.543649 -0.363492 9.6475 -0.626413 0.442771 -0.641674 -19.4868
-0.166047 0.704519 0.690115 4.19069 0.75644 0.539993 -0.36927 9.57896 -0.63277 0.460662 -0.622556 -19.4523
-0.144587 0.694575 0.704874 4.2909 0.75606 0.537132 -0.374193 9.49947 -0.638464 0.478779 -0.60276 -19.4176
-0.122994 0.683706 0.719442 4.38962 0.755201 0.534838 -0.379176 9.42179 -0.643985 0.496632 -0.582086 -19.379
-0.100923 0.672634 0.733188 4.49273 0.753741 0.532744 -0.384989 9.35142 -0.649506 0.513733 -0.56072 -19.3375
-0.0796411 0.660754 0.746485 4.59234 0.752299 0.531184 -0.38993 9.27952 -0.654123 0.530468 -0.539361 -19.2859
-0.0600101 0.649629 0.758002 4.70555 0.751163 0.529529 -0.394349 9.20688 -0.657513 0.54567 -0.519719 -19.2172
-0.0408242 0.636802 0.770062 4.81432 0.749826 0.528942 -0.397666 9.12111 -0.660508 0.561118 -0.499059 -19.1613
-0.0222634 0.624782 0.780601 4.93085 0.74842 0.528139 -0.401366 9.04184 -0.66298 0.575231 -0.479326 -19.0998
-0.00486344 0.614656 0.788895 5.05565 0.746622 0.527083 -0.406076 8.97317 -0.665365 0.586968 -0.461457 -19.0259
0.00976883 0.604847 0.796399 5.17449 0.745336 0.526587 -0.409071 8.89632 -0.666746 0.597529 -0.445642 -18.9406
0.023781 0.595492 0.803122 5.30211 0.743818 0.52626 -0.412242 8.81539 -0.668093 0.607116 -0.430403 -18.8637
0.0375055 0.587575 0.808416 5.44611 0.742361 0.525218 -0.41618 8.73619 -0.669079 0.615692 -0.416469 -18.7944
0.0485529 0.580148 0.813175 5.58145 0.740865 0.525158 -0.418912 8.64994 -0.670031 0.622726 -0.404295 -18.7195
0.0575466 0.576322 0.81531 5.74277 0.736798 0.526599 -0.424244 8.5789 -0.67379 0.625077 -0.394305 -18.6484
0.064159 0.574082 0.816392 5.90033 0.734553 0.52664 -0.428067 8.50039 -0.675645 0.627081 -0.387888 -18.5629
0.0705387 0.573288 0.816427 6.06484 0.732524 0.525829 -0.432521 8.42895 -0.677208 0.628506 -0.382833 -18.4814
0.0743618 0.572696 0.8165 6.22584 0.731157 0.525519 -0.4352 8.34665 -0.678278 0.629286 -0.379636 -18.3956
0.0779299 0.574368 0.814996 6.38159 0.729697 0.524212 -0.439211 8.28074 -0.679446 0.628872 -0.37824 -18.2946
0.0798923 0.577457 0.812617 6.53172 0.728305 0.522833 -0.443146 8.20942 -0.680714 0.62717 -0.378779 -18.1776
0.0813206 0.581336 0.809708 6.67733 0.726499 0.52165 -0.447486 8.13816 -0.682471 0.624585 -0.379897 -18.0593
0.0797871 0.585658 0.806737 6.81893 0.725437 0.520987 -0.449972 8.0475 -0.683783 0.621072 -0.383273 -17.9288
0.0757379 0.591245 0.803048 6.94602 0.725342 0.520004 -0.451263 7.95208 -0.684341 0.616605 -0.389447 -17.7794
0.0743901 0.598163 0.79803 7.07362 0.723149 0.518723 -0.456228 7.88295 -0.686809 0.610967 -0.393955 -17.6446
0.0684936 0.604825 0.79353 7.19765 0.721704 0.519173 -0.458005 7.78342 -0.688937 0.604007 -0.400919 -17.4975
0.0640457 0.613053 0.787558 7.32307 0.717621 0.520157 -0.463271 7.70791 -0.693618 0.594772 -0.406606 -17.3617
0.0567893 0.619789 0.782836 7.43045 0.713914 0.522966 -0.465832 7.61509 -0.698058 0.585277 -0.41275 -17.2123
0.0474059 0.626491 0.778104 7.53309 0.7101 0.526753 -0.467389 7.51409 -0.702636 0.574624 -0.419879 -17.0562
0.0364213 0.632527 0.773809 7.63552 0.705249 0.532376 -0.468367 7.40411 -0.708154 0.562732 -0.42667 -16.9006
0.0231407 0.639734 0.768369 7.72899 0.699369 0.538881 -0.46974 7.30667 -0.714518 0.54818 -0.434918 -16.7292
0.00880304 0.645899 0.763501 7.83093 0.691978 0.547289 -0.470966 7.20479 -0.721993 0.53242 -0.4421 -16.5649
-0.00833324 0.650799 0.759328 7.92515 0.683701 0.557867 -0.470642 7.09575 -0.729845 0.51517 -0.449577 -16.3913
-0.0253584 0.657411 0.753237 8.03658 0.672579 0.568695 -0.473702 7.01569 -0.739717 0.494548 -0.456551 -16.2222
-0.0447191 0.660526 0.749597 8.14329 0.660038 0.582805 -0.47419 6.92784 -0.750028 0.473499 -0.462009 -16.0505
-0.0672372 0.659727 0.748625 8.24961 0.646378 0.6004 -0.471048 6.82195 -0.760172 0.452174 -0.46677 -15.8783
-0.0920753 0.657885 0.747595 8.35642 0.63093 0.619397 -0.467377 6.71462 -0.770481 0.428593 -0.472084 -15.6929
-0.115931 0.653453 0.74817 8.43867 0.611836 0.640371 -0.464494 6.55954 -0.782563 0.403863 -0.474012 -15.5538
-0.14085 0.649456 0.747368 8.55283 0.59213 0.660258 -0.462178 6.38717 -0.79356 0.377391 -0.477533 -15.43
-0.164436 0.645051 0.746372 8.66894 0.570152 0.679624 -0.46175 6.22527 -0.805032 0.349576 -0.479498 -15.3068
-0.188738 0.636497 0.747958 8.76579 0.546468 0.700897 -0.458569 6.04827 -0.816055 0.322141 -0.480083 -15.17
-0.212574 0.627558 0.749123 8.81759 0.521398 0.721229 -0.456233 5.89011 -0.826525 0.293571 -0.480489 -14.986
-0.234715 0.61815 0.750328 8.86539 0.495033 0.740299 -0.455047 5.73998 -0.836688 0.264591 -0.479737 -14.7923
-0.256474 0.608164 0.751372 8.91414 0.468704 0.758103 -0.453623 5.582 -0.845415 0.235795 -0.47945 -14.5847
-0.275102 0.595765 0.754705 8.95758 0.441921 0.775489 -0.4511 5.41393 -0.853945 0.209387 -0.476592 -14.3853
-0.291487 0.583869 0.75785 9.00034 0.415166 0.790948 -0.449685 5.24867 -0.861895 0.183527 -0.472921 -14.177
-0.305494 0.571469 0.76177 9.04846 0.388565 0.805166 -0.448213 5.07785 -0.869419 0.15904 -0.467999 -13.9681
-0.315791 0.559877 0.766171 9.08815 0.362372 0.817427 -0.447973 4.91191 -0.877014 0.136148 -0.460989 -13.7555
-0.322295 0.549162 0.771198 9.12941 0.337455 0.827768 -0.448434 4.74263 -0.884562 0.11569 -0.452077 -13.5418
-0.327391 0.53976 0.77568 9.17721 0.315376 0.836245 -0.448792 4.56913 -0.890811 0.0976793 -0.443977 -13.3068
-0.32673 0.530769 0.782133 9.21276 0.29368 0.843568 -0.449794 4.39204 -0.898443 0.0827134 -0.431471 -13.0843
-0.320122 0.526541 0.787708 9.24039 0.2707 0.847613 -0.456571 4.24085 -0.907985 0.0670552 -0.413847 -12.8894
-0.311185 0.520922 0.794988 9.27164 0.253862 0.851657 -0.458699 4.05234 -0.915925 0.0590565 -0.397244 -12.6601
-0.296948 0.517309 0.802758 9.29625 0.242445 0.853954 -0.460616 3.86919 -0.923708 0.0578278 -0.378975 -12.4328
-0.278144 0.517695 0.809215 9.30652 0.233254 0.853616 -0.465942 3.69283 -0.931896 0.059133 -0.358166 -12.2054
-0.253037 0.520595 0.815574 9.30054 0.230163 0.851181 -0.471912 3.51723 -0.939783 0.0682843 -0.335182 -11.9753
-0.22574 0.523781 0.821521 9.28609 0.226095 0.848406 -0.47881 3.3364 -0.947695 0.0776322 -0.30993 -11.7439
-0.194044 0.52899 0.826272 9.2604 0.224683 0.843844 -0.487473 3.16127 -0.955019 0.091037 -0.282583 -11.516
-0.158314 0.53506 0.82997 9.21634 0.227891 0.837655 -0.49656 2.98953 -0.960837 0.110504 -0.25454 -11.2851
-0.119367 0.542233 0.831833 9.15521 0.23286 0.829733 -0.507449 2.83089 -0.965261 0.133104 -0.225298 -11.0535
-0.077975 0.549793 0.831775 9.09932 0.240125 0.820093 -0.519576 2.67355 -0.967713 0.159185 -0.195962 -10.8214
-0.0337213 0.554979 0.831307 9.02966 0.247535 0.810496 -0.531044 2.52003 -0.968396 0.187842 -0.164704 -10.598
0.011372 0.562398 0.826911 8.96437 0.257363 0.797444 -0.545912 2.39562 -0.966358 0.218986 -0.135673 -10.35
0.0572488 0.567877 0.821249 8.91292 0.26855 0.783515 -0.560508 2.26592 -0.961671 0.2526 -0.10765 -10.1014
0.101639 0.570736 0.814945 8.87981 0.281234 0.769276 -0.573844 2.12159 -0.954356 0.28747 -0.0823268 -9.84431
0.148042 0.573585 0.805789 8.85906 0.292732 0.752841 -0.589679 2.0021 -0.944776 0.323138 -0.0564611 -9.59795
0.194431 0.573591 0.795861 8.84531 0.304963 0.735783 -0.604811 1.887 -0.932424 0.36025 -0.0318746 -9.34974
0.237807 0.572894 0.784507 8.84284 0.316847 0.717744 -0.620188 1.78277 -0.918296 0.396008 -0.0108451 -9.09632
0.279195 0.57028 0.772682 8.86748 0.32911 0.699107 -0.634912 1.68763 -0.902197 0.431502 0.0074906 -8.84828
0.317859 0.566859 0.760164 8.95682 0.340477 0.68003 -0.649475 1.58473 -0.885018 0.465208 0.0231391 -8.62295
0.352799 0.56167 0.748509 9.0974 0.353129 0.66087 -0.662366 1.45776 -0.866636 0.497937 0.0347989 -8.4407
0.384276 0.556895 0.736487 9.2353 0.363851 0.641828 -0.675169 1.31009 -0.848623 0.527367 0.0439985 -8.26428
0.410882 0.553266 0.724763 9.35071 0.375055 0.622012 -0.68747 1.18154 -0.831105 0.554224 0.0480536 -8.07713
0.432808 0.54891 0.715254 9.46322 0.386232 0.604016 -0.697261 1.03833 -0.81469 0.577974 0.0494025 -7.89049
0.451442 0.545176 0.706536 9.59016 0.397604 0.585969 -0.70621 0.880651 -0.798961 0.599658 0.0477527 -7.70164
0.464271 0.54332 0.69962 9.70037 0.4095 0.568759 -0.713447 0.743202 -0.78548 0.617665 0.0415567 -7.5152
0.472005 0.542136 0.695349 9.80717 0.422768 0.552959 -0.718113 0.600472 -0.773762 0.632845 0.031789 -7.32647
0.475835 0.541804 0.692995 9.91233 0.436426 0.538655 -0.720809 0.456314 -0.763759 0.645363 0.0198438 -7.13675
0.476158 0.542602 0.692146 10.0166 0.449578 0.526277 -0.721869 0.318363 -0.755898 0.654817 0.00663906 -6.95696
0.473371 0.54463 0.692468 10.1213 0.463587 0.51445 -0.721534 0.176296 -0.749147 0.662507 -0.00896469 -6.77683
0.467315 0.54926 0.692923 10.2252 0.47814 0.502275 -0.720616 0.0427831 -0.743793 0.667986 -0.0279089 -6.59093
0.458028 0.554675 0.694809 10.3258 0.494315 0.490746 -0.717638 -0.0938567 -0.738969 0.672086 -0.0494118 -6.40169
0.446625 0.559732 0.698168 10.4212 0.509997 0.481923 -0.712629 -0.228304 -0.735294 0.674258 -0.0702258 -6.22735
0.433509 0.565727 0.701596 10.5187 0.52508 0.474208 -0.706824 -0.361875 -0.73251 0.674742 -0.0914782 -6.04981
0.418639 0.573271 0.704496 10.6187 0.539936 0.46668 -0.700619 -0.496544 -0.730368 0.673605 -0.114159 -5.86736
0.402636 0.580838 0.707622 10.7197 0.55638 0.458615 -0.693034 -0.633845 -0.727004 0.672679 -0.138507 -5.67929
0.385975 0.588036 0.71095 10.8143 0.571828 0.4523 -0.684563 -0.764588 -0.724059 0.670681 -0.161675 -5.50532
0.367502 0.595708 0.714347 10.907 0.58644 0.447769 -0.675111 -0.895775 -0.721969 0.666959 -0.184782 -5.32474
0.348651 0.603601 0.717162 11.0011 0.600795 0.443415 -0.665296 -1.02874 -0.719523 0.662738 -0.208035 -5.14154
0.330862 0.609011 0.72101 11.0818 0.615275 0.440153 -0.654131 -1.16666 -0.715665 0.659979 -0.229066 -4.96466
0.314354 0.61446 0.723764 11.1749 0.628957 0.436312 -0.643612 -1.30224 -0.711209 0.657454 -0.249301 -4.7873
0.296499 0.619683 0.726844 11.2659 0.641631 0.434523 -0.632206 -1.43828 -0.707536 0.653746 -0.268756 -4.60452
0.28142 0.624093 0.729058 11.3592 0.652874 0.432336 -0.62212 -1.56893 -0.703406 0.650976 -0.285771 -4.42769
0.269498 0.628103 0.730122 11.4763 0.66287 0.429037 -0.613772 -1.70471 -0.698701 0.649317 -0.300707 -4.25818
0.260409 0.634052 0.728273 11.5812 0.670743 0.423811 -0.608835 -1.82085 -0.69463 0.646946 -0.314905 -4.07865
0.24756 0.63769 0.729581 11.6575 0.674759 0.426963 -0.602154 -1.9373 -0.69543 0.641291 -0.324566 -3.90223
0.237819 0.640346 0.73049 11.7405 0.677712 0.429414 -0.597078 -2.05628 -0.695966 0.636975 -0.331828 -3.72813
0.229398 0.64249 0.731305 11.8417 0.679985 0.431853 -0.592715 -2.18962 -0.696567 0.633175 -0.337794 -3.55508
0.22482 0.642589 0.732634 11.9375 0.681601 0.433659 -0.589537 -2.31823 -0.696489 0.631821 -0.340474 -3.38873
0.221778 0.642336 0.733787 12.0187 0.68253 0.435236 -0.58729 -2.44091 -0.696545 0.63101 -0.341864 -3.21287
0.221218 0.640862 0.735239 12.1106 0.68284 0.436534 -0.585971 -2.56702 -0.696429 0.631595 -0.341018 -3.04454
0.222899 0.639662 0.73578 12.1981 0.681169 0.437795 -0.586969 -2.68313 -0.697519 0.631957 -0.338111 -2.87432
0.227155 0.637015 0.736771 12.2852 0.680363 0.437551 -0.588091 -2.8015 -0.696943 0.634776 -0.33399 -2.70662
0.232026 0.633514 0.738274 12.3724 0.679053 0.437995 -0.589267 -2.92284 -0.696605 0.637984 -0.328541 -2.53814
0.238425 0.630565 0.738756 12.4575 0.677546 0.437032 -0.591718 -3.04333 -0.695923 0.641537 -0.323019 -2.35953
0.245268 0.627286 0.739312 12.5339 0.674815 0.437117 -0.594763 -3.15897 -0.696188 0.644705 -0.31607 -2.17925
0.255311 0.622313 0.74011 12.6127 0.672722 0.435531 -0.598293 -3.27704 -0.694613 0.650553 -0.30743 -2.01518
0.266037 0.617301 0.740533 12.6931 0.669165 0.43476 -0.60282 -3.39402 -0.694012 0.655841 -0.297395 -1.8512
0.27766 0.611537 0.741045 12.7665 0.666002 0.433448 -0.607257 -3.51334 -0.692512 0.662061 -0.286919 -1.69021
0.289317 0.606297 0.740895 12.8481 0.662078 0.432316 -0.612327 -3.62961 -0.69149 0.667616 -0.276323 -1.52394
0.301635 0.600861 0.740407 12.9251 0.657738 0.431113 -0.617835 -3.74134 -0.69038 0.673266 -0.265157 -1.3545
0.314768 0.59485 0.739797 13.0033 0.653468 0.42954 -0.62343 -3.85403 -0.688558 0.679597 -0.253495 -1.19009
0.327798 0.58923 0.738632 13.0751 0.649125 0.427652 -0.629245 -3.96033 -0.686596 0.68564 -0.242289 -1.01827
0.340625 0.583511 0.73737 13.1412 0.644852 0.425807 -0.634857 -4.06208 -0.684362 0.69167 -0.231225 -0.849561
0.353039 0.577298 0.736419 13.2031 0.641022 0.424155 -0.63983 -4.16486 -0.681678 0.697854 -0.220308 -0.679649
0.353779 0.577913 0.735583 13.276 0.62813 0.435981 -0.644642 -4.27708 -0.693185 0.69003 -0.208753 -0.51368
0.353296 0.580865 0.733486 13.3423 0.614625 0.44703 -0.650076 -4.36145 -0.705443 0.680398 -0.199073 -0.334463
0.351237 0.584182 0.731841 13.4222 0.599073 0.460534 -0.655143 -4.46596 -0.719694 0.668465 -0.188201 -0.168553
0.34804 0.587848 0.730429 13.5079 0.583106 0.474392 -0.65965 -4.57303 -0.734227 0.655414 -0.177665 -0.0026021
0.344201 0.592244 0.728698 13.5966 0.565164 0.489116 -0.664492 -4.68081 -0.749889 0.640482 -0.166354 0.146934
0.337552 0.597909 0.727178 13.6683 0.548436 0.502971 -0.66816 -4.78094 -0.765188 0.624264 -0.158132 0.32607
0.331803 0.603018 0.725606 13.7554 0.529264 0.517755 -0.672312 -4.88475 -0.781029 0.607045 -0.147358 0.474844
0.325432 0.608269 0.724104 13.8426 0.509493 0.532342 -0.676185 -4.98474 -0.796711 0.588896 -0.136665 0.620188
0.317064 0.613351 0.723533 13.9159 0.491051 0.546534 -0.678502 -5.08898 -0.811518 0.570354 -0.127897 0.7814
0.308662 0.618503 0.722776 13.9941 0.471423 0.560527 -0.681005 -5.19072 -0.826272 0.550855 -0.118563 0.9313
0.298184 0.624097 0.72237 14.0578 0.454896 0.572432 -0.68234 -5.28892 -0.839274 0.532003 -0.113208 1.11175
0.288905 0.627837 0.722896 14.1318 0.437176 0.585261 -0.683041 -5.40124 -0.851851 0.513292 -0.105391 1.26063
0.27955 0.632203 0.722774 14.205 0.421783 0.595412 -0.683945 -5.50753 -0.862656 0.49599 -0.100204 1.4234
0.271371 0.63609 0.722477 14.2767 0.406116 0.60488 -0.68512 -5.60597 -0.872736 0.47926 -0.0941812 1.57359
0.264003 0.639409 0.722282 14.3489 0.392492 0.612836 -0.68599 -5.70869 -0.881181 0.464534 -0.0891735 1.72376
0.257464 0.641865 0.722461 14.4179 0.380679 0.619827 -0.686367 -5.80956 -0.888278 0.451671 -0.084764 1.87024
0.251617 0.644184 0.722461 14.4952 0.371183 0.625172 -0.68672 -5.92018 -0.893947 0.440899 -0.0818081 2.01472
0.247054 0.645899 0.722502 14.5622 0.363013 0.629622 -0.687023 -6.01759 -0.898571 0.431941 -0.0789226 2.15559
0.242691 0.647423 0.72262 14.625 0.35807 0.632514 -0.686961 -6.11174 -0.90173 0.425411 -0.0783191 2.31233
0.240161 0.648473 0.72252 14.6923 0.357051 0.633114 -0.686939 -6.21522 -0.902818 0.422884 -0.0794924 2.46972
0.241286 0.649382 0.721333 14.7719 0.357034 0.631767 -0.688187 -6.31088 -0.902518 0.423534 -0.0794166 2.59971
0.240899 0.648966 0.721834 14.8285 0.362976 0.62952 -0.687138 -6.41872 -0.900257 0.427469 -0.0839122 2.76255
0.243476 0.648005 0.721834 14.8858 0.370465 0.625676 -0.68665 -6.51524 -0.896497 0.43454 -0.0877271 2.91689
0.247915 0.646929 0.721288 14.9624 0.379621 0.620115 -0.686696 -6.62021 -0.891444 0.443986 -0.0918542 3.06127
0.253874 0.645665 0.720349 15.0305 0.391005 0.612685 -0.686977 -6.72207 -0.884814 0.456006 -0.0969131 3.20699
0.260768 0.64357 0.719758 15.0976 0.403643 0.604578 -0.686852 -6.82135 -0.877108 0.469559 -0.102119 3.34882
0.268155 0.640587 0.719709 15.1657 0.418466 0.595471 -0.685934 -6.9311 -0.867878 0.485048 -0.108384 3.49545
0.276276 0.638173 0.718779 15.2311 0.434493 0.584166 -0.685693 -7.02591 -0.857399 0.501666 -0.115891 3.65112
0.285238 0.635224 0.717893 15.3026 0.450906 0.572029 -0.685327 -7.1265 -0.845905 0.519117 -0.123259 3.798
0.295013 0.631266 0.717432 15.3764 0.468099 0.559103 -0.684469 -7.23699 -0.833126 0.537672 -0.130551 3.93624
0.305375 0.626984 0.716852 15.4488 0.485534 0.545101 -0.683614 -7.34139 -0.819289 0.556746 -0.137957 4.0762
0.315416 0.622249 0.716629 15.5209 0.503706 0.53025 -0.682148 -7.45161 -0.804388 0.576042 -0.146178 4.22427
0.325941 0.617343 0.716164 15.5876 0.520801 0.515007 -0.680985 -7.54462 -0.789152 0.594867 -0.153644 4.3647
0.335372 0.612508 0.715959 15.6631 0.538706 0.498814 -0.679111 -7.65599 -0.773025 0.613354 -0.162669 4.51965
0.345473 0.606694 0.716108 15.7292 0.556298 0.482203 -0.676918 -7.75804 -0.755919 0.632151 -0.170906 4.6669
0.354703 0.600538 0.716783 15.7995 0.572543 0.466617 -0.674296 -7.87067 -0.739341 0.649468 -0.178318 4.81318
0.36401 0.595542 0.716287 15.8397 0.587639 0.44987 -0.672684 -7.92167 -0.722778 0.665703 -0.186195 4.89694
