1.0 0.0 0.0 0.0 0.0 -1.0 0.0 0.0 0.0 0.0 -1.0 0.0
0.9999236196092308 0.002609405353849353 0.012080809214358827 -0.00287026 0.0023753473732713087 -0.9998099817239389 0.019348337655554142 0.054323 0.01212900129568498 -0.019318163703528953 -0.9997398140909929 -0.10518
0.9996427955710633 0.007503836662098844 0.02565099799652528 -0.0979366 0.0064516104769192575 -0.9991440395418462 0.04086031045226752 0.0982832 0.025935650852124542 -0.04068022472098843 -0.9988355526970026 -0.181474
0.9991068155106538 0.01316862977743915 0.04015169224260682 -0.211445 0.010569022712108361 -0.9978757359466913 0.0642830566149427 0.120227 0.04091291921962068 -0.06380127583860477 -0.997123628364254 -0.226511
0.9983454555962704 0.01871315570940335 0.054370663906843406 -0.316071 0.013814270560840837 -0.9959251355759365 0.0891195279213515 0.134879 0.05581681842551746 -0.08822098464338451 -0.9945358418123526 -0.251549
0.9973241123692872 0.02504635676123116 0.0686825661998928 -0.410749 0.017045286775682324 -0.9932542094119831 0.11469757488330573 0.144956 0.07109200437143601 -0.11321994302403576 -0.9910232950925452 -0.276282
0.9959583838565863 0.0321100823083447 0.08387991559323026 -0.500565 0.02004802140099312 -0.9898247632213303 0.14087233565090795 0.155922 0.08754983988381375 -0.13862135740205433 -0.9864680150964501 -0.29403
0.9943941104404342 0.03889886070652127 0.09832208173707571 -0.57784 0.022012679423371873 -0.9856562203972482 0.16732380923471457 0.161675 0.10342047701486104 -0.1642214779739421 -0.9809870086326692 -0.307327
0.9926004531159319 0.0468083203540665 0.1120416066453782 -0.642571 0.024426854973737946 -0.9808233649554289 0.19336198052771714 0.169176 0.11894397517377055 -0.18919436541065482 -0.9747090965343049 -0.321564
0.9905476606705778 0.05443086346206646 0.12590716041123173 -0.703048 0.02574162305470435 -0.9753542040377231 0.21913818815635283 0.172478 0.13473195902440993 -0.21382576497867012 -0.9675359639045625 -0.334545
0.9883616803299059 0.061600547484360085 0.1390919171090558 -0.752981 0.026088737049148075 -0.9694347854159896 0.24395814113211176 0.171808 0.1498684978727209 -0.23749014584837422 -0.959759273969412 -0.34849
0.9860880209923091 0.06912820765611041 0.15116780663132282 -0.791346 0.026579548924947814 -0.963294611274607 0.2671273469120108 0.170773 0.16408516823411443 -0.2593931047571565 -0.9517306734418225 -0.362149
0.9836373375556773 0.07616052966455306 0.16327021126829333 -0.827794 0.026106293603616444 -0.9569416795213572 0.28910393188112427 0.168872 0.17825837876705874 -0.2801110417603324 -0.9432718349888758 -0.365611
0.9812754825580159 0.08342692485104981 0.1736040769694951 -0.850875 0.026188068631763678 -0.9507455722077616 0.3088641157348557 0.168827 0.19082089086856063 -0.29853442873014424 -0.9351281101918043 -0.373291
0.9790937036879626 0.08937738994631425 0.18272165050965475 -0.863603 0.02552144541028712 -0.9451725348322468 0.32557262664873166 0.164833 0.2018023171887718 -0.3141027882161652 -0.9276935179314734 -0.375879
0.9770249253091225 0.09537944696769274 0.19059133354074728 -0.868829 0.025527891766832213 -0.9402045407478721 0.33965239333622205 0.163591 0.21159069465986494 -0.3269834592960627 -0.9210381073984593 -0.380398
0.9752158973128701 0.1005363454215853 0.1970948930782462 -0.878521 0.02574714660647076 -0.9363168167419053 0.3502112264447423 0.162101 0.2197522197154753 -0.3364569243388778 -0.9156995686329356 -0.386448
0.9737802799480341 0.10434151070712377 0.20215047743620093 -0.892881 0.02697357216682273 -0.935299539298735 0.3528274340129116 0.158336 0.22588579589892324 -0.3381236769747564 -0.9135907104826432 -0.391615
0.9726978234666319 0.10740818421244891 0.20572415071512865 -0.91259 0.028530394995975962 -0.9350735429106891 0.35330367378478345 0.158095 0.23031491654829897 -0.3377883232331096 -0.9126083978918416 -0.395832
0.972072209625335 0.10864450359960812 0.20801920851621863 -0.938504 0.02884098207357836 -0.9349728163080052 0.35354494837023087 0.154832 0.23290302064840385 -0.337671740900349 -0.911994505668854 -0.402659
0.9719447854511312 0.10855115608959245 0.20866236015622816 -0.971079 0.028527300855412656 -0.934990101640768 0.35352468504998463 0.154334 0.23347275459945924 -0.3376539002372088 -0.9118554252261384 -0.401701
0.9725221931687227 0.10740738430236157 0.20655323185954347 -1.00098 0.030976456693115745 -0.9390270472159501 0.3424451251334045 0.151646 0.23074020656365254 -0.32663719689315607 -0.9165517435915684 -0.418711
0.9735212054411304 0.104730706972116 0.2031943443444466 -1.04185 0.03336642202622218 -0.9444584086467498 0.326932709005412 0.148733 0.2261485008520216 -0.31149605672234465 -0.9229447774427317 -0.431854
0.9749920178027598 0.10091855444461316 0.1980050771816546 -1.08691 0.03592075024588802 -0.9507977393190297 0.3077228600666436 0.144927 0.21931772596549481 -0.2929148413355531 -0.9306452765703441 -0.448823
0.9768473042456846 0.096236630409663 0.1910702885205673 -1.13462 0.03880135693054797 -0.9579963685142227 0.28414329591582793 0.141234 0.21038963588610327 -0.270150826171151 -0.9395502819065925 -0.472039
0.9789143949762751 0.08998816780850952 0.1833813975372118 -1.1898 0.04046920470479796 -0.9653780777189829 0.25769635335053276 0.135242 0.20022200373284285 -0.24484137051174382 -0.9486642464576898 -0.491245
0.9811218068042912 0.08406686542501968 0.17416303382375467 -1.24729 0.04272866342710255 -0.9725504584781378 0.2287353646371655 0.132264 0.18861140351213143 -0.21697550057915596 -0.9577825278285298 -0.518617
0.9835415244243195 0.07654271229983586 0.1636682098847237 -1.30217 0.04355687582392447 -0.9795632906021694 0.1963633323029251 0.127344 0.17535355229234634 -0.18600261529998527 -0.9667751335238308 -0.545803
0.9858758098235569 0.06988949994087768 0.15219837516465087 -1.36266 0.044753173896922606 -0.9856565411046834 0.16272165314949102 0.127651 0.1613878589947136 -0.15361198122400974 -0.9748627176138889 -0.588972
0.9882518992577566 0.062265248462370165 0.13957514982029184 -1.42093 0.04439517272795923 -0.9908220465196719 0.127674354390475 0.125399 0.14624381098662698 -0.11997796032809213 -0.9819460457599588 -0.631933
0.990551671846965 0.054944130965108855 0.1256524089449606 -1.4729 0.04358674843925372 -0.9948583915374415 0.09141649822667838 0.129421 0.13002915350672656 -0.08507598521336115 -0.9878534790029846 -0.689686
0.9926540413487894 0.04771475102183567 0.11118118873640562 -1.52434 0.04174559782700034 -0.9975904686486852 0.05541265129339202 0.136304 0.11355729503639281 -0.050364267057318994 -0.992254091121723 -0.759335
0.9943954498132022 0.04121834723265524 0.09735880670081658 -1.5752 0.03946782619810504 -0.999023879039959 0.01983884581191207 0.152926 0.09808149716432187 -0.015885117543188335 -0.995051598136822 -0.827743
0.9957837727381317 0.03538555189630312 0.08463179466611304 -1.62967 0.03671127195446335 -0.9992255963886444 -0.014159450315734578 0.174252 0.08406521553471752 0.017206691685282282 -0.9963116828073179 -0.906169
0.9970528000064255 0.028914433705983483 0.07106102675031663 -1.67157 0.03230017636438315 -0.998374053008105 -0.04696753013518512 0.199398 0.06958744575120339 0.04912439112734186 -0.9963655863136741 -0.986574
0.9980059888629271 0.022488890859946417 0.05897708013814319 -1.71789 0.027006042246158067 -0.9966692433341084 -0.07694863919534327 0.225986 0.057050152286652764 0.07838794026957087 -0.9952892096995549 -1.07227
0.9987727459195974 0.015900761861580324 0.04690594610972664 -1.75725 0.020736652033110616 -0.9943103801204491 -0.10448377504275827 0.253648 0.04497769748091777 0.10532821918626242 -0.9934198372150445 -1.16895
0.9992769365848474 0.010373208314740916 0.036578689955520154 -1.79893 0.015006446827059292 -0.9915620800563737 -0.1287612051353375 0.288599 0.034934375094306795 0.1292170187844342 -0.9910007827914334 -1.26726
0.9996244308042012 0.005167734366647388 0.026912671009996753 -1.83412 0.009138109880090395 -0.9887091152179016 -0.1495686478940469 0.328804 0.025835872100549315 0.14975840546209668 -0.988385009855094 -1.37079
0.9998097662363927 -0.0005937892756714607 0.019495608547205685 -1.871 0.0026537043208145457 -0.9861008928139847 -0.16612641886479107 0.370377 0.019323281080279097 0.16614655159153446 -0.9859117273886817 -1.47262
0.9998706029556376 -0.0070953001022672465 0.014437245637183332 -1.91049 -0.0044214811979355105 -0.9841218627005731 -0.17743903138478445 0.409743 0.015466992246261246 0.17735223728843397 -0.9840258919762431 -1.58243
0.9998549115740071 -0.013056484893670645 0.0109400184440357 -1.94764 -0.01082607300006539 -0.9829320630743367 -0.18365008990965787 0.450508 0.01315111952389401 0.18350500696888222 -0.9829308014670303 -1.70075
0.9997879384339362 -0.017799298014006218 0.010356792564714957 -1.99549 -0.01558071024661313 -0.9826638090486247 -0.18474057446662634 0.497865 0.013465497771379465 0.1845400319070543 -0.9827327495273129 -1.81592
0.9996316290692647 -0.024470039359657286 0.011739818485145001 -2.03943 -0.021939795667101625 -0.9832013854592833 -0.18120066500162485 0.528217 0.01597659320422091 0.18087634672527547 -0.9833760703133384 -1.94429
0.9994422002064358 -0.029695449854504962 0.015279682734185092 -2.06632 -0.026583034886811487 -0.9843442550789951 -0.17424043660753524 0.555549 0.020214616066730924 0.17373706498878277 -0.9845845832361779 -2.07904
0.9991558059183643 -0.03488623257017001 0.02169392257485704 -2.07537 -0.030917123042500983 -0.9862878983612244 -0.1621120385689286 0.573525 0.02705193158350689 0.16130447087188546 -0.9865338618995001 -2.22389
0.9987479657744822 -0.040510042608849044 0.02935025228448985 -2.06337 -0.03577849966628626 -0.9885079060216273 -0.14687415938267476 0.585475 0.03496283488167858 0.14564015991671744 -0.9887196488370551 -2.37649
0.998323417331743 -0.043336352683531636 0.038370756353759354 -2.03955 -0.038066488211402606 -0.9909429775201548 -0.1287748336389599 0.606609 0.04360386315823576 0.12709829204037013 -0.990931242457366 -2.53421
0.997613172800441 -0.04727755341046238 0.050326835769382884 -2.01561 -0.04168633034502404 -0.9933983485324237 -0.10687362160710706 0.624167 0.05504731889386701 0.10452059163903757 -0.9929981060435223 -2.68884
0.996613309916775 -0.05083301566719924 0.06463679304319558 -1.99304 -0.04544102515395714 -0.9955697313664394 -0.08231660354942423 0.639303 0.06853483588430087 0.07910066058595165 -0.9945079495736463 -2.85105
0.9954619115924072 -0.05253938220852118 0.07934227048640105 -1.96538 -0.048125936468602123 -0.9972391926897562 -0.05654986120675491 0.660011 0.08209431653781138 0.05247481186845837 -0.9952421400400805 -3.01763
0.9939413366779166 -0.0539012386586341 0.09578765950779554 -1.94303 -0.051379306517178695 -0.9982694812991537 -0.02860436275347743 0.676549 0.09716370775516033 0.023509555031597195 -0.994990710869949 -3.19069
0.9920697811655698 -0.0544487699546567 0.11328230554029001 -1.92569 -0.05484471073211205 -0.9984948241502675 0.0003792754112581821 0.69405 0.11309114467017167 -0.006589202952672325 -0.9935627687275922 -3.3662
0.9900368828898476 -0.054415646273850544 0.12986881056802382 -1.9068 -0.05881804392502605 -0.997808631320602 0.030304669127716774 0.707142 0.1279351719684145 -0.03764136956469383 -0.991067968945978 -3.54819
0.9877107457759672 -0.051854607714563856 0.14744009745470094 -1.89803 -0.061349727419220214 -0.9962752125321966 0.06059630219340072 0.724149 0.14374871694825797 -0.06889702862021886 -0.9872129992170052 -3.73733
0.9850021391983586 -0.047178633116124906 0.16596675074228326 -1.90688 -0.06297497989156474 -0.9938357798509125 0.09123921632601384 0.742756 0.16063915364043138 -0.10032257605056907 -0.9819014426368176 -3.92904
0.9817755295982195 -0.040250316274444115 0.18573293063412938 -1.9449 -0.06380902665217496 -0.9903950578968025 0.12266229009475876 0.760087 0.17901178061746975 -0.13227827234053197 -0.9749139659820073 -4.12363
0.9778788399094731 -0.03351542384096827 0.20646958812876937 -2.02002 -0.06625137048258276 -0.9858872406233781 0.15374363299077284 0.767023 0.19840294949038173 -0.16402153864899008 -0.966298713904109 -4.30942
0.9732748119395331 -0.025234123362849123 0.2282528848934326 -2.13095 -0.0687224277987684 -0.9803991934068794 0.18464736522513125 0.767043 0.21911952984959865 -0.19539872206656944 -0.9559319908096193 -4.48471
0.9683383494673828 -0.014911133195822372 0.2491957043321595 -2.25812 -0.06985680539734163 -0.9745208852268538 0.21314096508261157 0.759719 0.2396682450606725 -0.22380058615536633 -0.9447075896519789 -4.65237
0.9629365864217001 -0.004054051295374714 0.26969741414892606 -2.398 -0.07146901061680326 -0.9679834265818075 0.2406247418375701 0.737158 0.2600871220417846 -0.2509813748688067 -0.9323963955405365 -4.81474
0.9567386112619451 0.009769157566079805 0.2907847885997703 -2.54616 -0.07158768346029275 -0.9608066976100347 0.26781652937129924 0.706354 0.2820043143240063 -0.27704702378503937 -0.9185415142030862 -4.9751
0.9500219153129198 0.0247185188843778 0.31120307718487233 -2.68563 -0.07096097551663742 -0.9536676052104268 0.29237414168482173 0.655156 0.3040113490955529 -0.29984511601220337 -0.9042510746605336 -5.14594
0.9429196744929593 0.04092525962715207 0.3304960069025676 -2.80004 -0.06956846390870466 -0.9463172570145515 0.31566418533916457 0.585234 0.32567271344629883 -0.3206380704172625 -0.8894540525039052 -5.33249
0.9356437703559574 0.05796365508494564 0.34815362942712785 -2.88414 -0.06726682668550021 -0.9390561807612242 0.3371181742383606 0.496654 0.34647641914241617 -0.3388417094504988 -0.8747230344028402 -5.53999
0.927981473133057 0.07642356521541306 0.3647051195165311 -2.94541 -0.057603421181535934 -0.9375551197231043 0.34303388075987223 0.40357 0.36814702414929873 -0.33933734860866877 -0.8656315223287879 -5.75746
0.9198125840055492 0.09402857383473497 0.3809244513123831 -2.99903 -0.048840695994386965 -0.9358686567689515 0.3489476231359976 0.305739 0.3893063019266683 -0.3395710302426933 -0.8562313464830037 -5.98867
0.9115556366167705 0.11203178591664029 0.3956200200906453 -3.04537 -0.039385783681453485 -0.9339503972213887 0.3552258655754225 0.217934 0.40928606303659093 -0.33938994456869004 -0.846935289222069 -6.22676
0.9037280046224424 0.13041812736997382 0.40775826872602855 -3.09623 -0.028754092106246534 -0.9318256275960076 0.36176539627561394 0.145488 0.42714037019261514 -0.3386622385336396 -0.8383668602366746 -6.4886
0.8948672985235222 0.15018063339915194 0.4203073820253974 -3.17137 -0.017356516462033914 -0.9292703728305483 0.36899231091674156 0.11293 0.4459946965710657 -0.3374942244412542 -0.8289670554969477 -6.75297
0.8875195317023172 0.16828248275681545 0.42894065655298014 -3.26217 -0.006660237859931958 -0.9261386514081034 0.37712443516646976 0.116743 0.46072195745215866 -0.3375621488928844 -0.8208453408263152 -7.02152
0.8799323335038346 0.18600830375683486 0.43717273403999174 -3.37207 0.004000213883977671 -0.9230398500081837 0.38468354992870724 0.152012 0.4750821894613381 -0.33674670930890294 -0.8129566821339539 -7.28764
0.8723403105140408 0.20329454986230178 0.44462760670987417 -3.49152 0.01443638459635331 -0.9197609314086717 0.3922134875983211 0.20764 0.4886859660887067 -0.3357248204266945 -0.805279374811879 -7.54263
0.8664330927354156 0.22003438585476953 0.44819478450162364 -3.60547 0.02529532015401112 -0.9158501363600882 0.400722690282836 0.272338 0.4986520255561473 -0.33586216930568713 -0.7990887063637109 -7.79792
0.8608387018664516 0.23507984046119973 0.4513249361353961 -3.71562 0.03581248985957185 -0.9126894231581508 0.4070816655479589 0.331358 0.5076161886099975 -0.3342685828252171 -0.7940971726414094 -8.03103
0.8555665003950323 0.2500176822709258 0.45331790385299314 -3.82347 0.04635545879724226 -0.9091309357597721 0.4139228346977952 0.388878 0.5156133578966844 -0.3331247517018745 -0.7894116574779411 -8.27133
0.8513043603890764 0.2646489128299925 0.45303624459909164 -3.92067 0.05775541147396687 -0.905486415837526 0.4204267631576079 0.435718 0.521483651160818 -0.331745841980896 -0.7861294409321968 -8.51773
0.8486256696309894 0.27631633085997737 0.451091740274009 -4.00344 0.06841041683324443 -0.9028996199529694 0.4243728209457868 0.459283 0.5245517016577643 -0.3292742953661318 -0.7851267099641185 -8.76195
0.8472072328908385 0.2886224475515735 0.44602352775026116 -4.0663 0.07993037714075532 -0.8992462224458614 0.4300783256884558 0.476134 0.525215231450484 -0.32871463944611284 -0.7849176048899827 -9.01539
0.8476656526345532 0.2972883886158808 0.43941160127813 -4.10934 0.0899198710806193 -0.8967733585886979 0.4332573832150952 0.474744 0.5228550067929751 -0.3277455679635044 -0.7868961078514738 -9.27303
0.848106815271775 0.30812881508686185 0.4310121381153138 -4.1326 0.10285419277338756 -0.8937728731082599 0.436567367452884 0.484278 0.5197459426667058 -0.3259243541206657 -0.7897072055341301 -9.51838
0.8499767339435808 0.31747534995309656 0.42041521609804144 -4.12632 0.12505635710682791 -0.896804141077936 0.4243857208868313 0.486599 0.5117621120225427 -0.3081423935741799 -0.8019649655568518 -9.7548
0.8536399080300952 0.3249701968561562 0.4070543926475204 -4.08423 0.14813557520570753 -0.9006977011175212 0.40841094813935436 0.483486 0.49935434190246586 -0.28833664761331207 -0.8170111497808779 -9.99343
0.8570360997588152 0.3335158750750077 0.39275473871507854 -4.02265 0.1727193483198881 -0.9041056109767299 0.39084660791203835 0.49077 0.485445311467884 -0.26713330992848 -0.83245579119885 -10.2155
0.8617060036113037 0.3404815708890879 0.376211460783872 -3.93576 0.197305866210762 -0.9079298332413 0.36977535487001545 0.49158 0.46747530255517966 -0.24440891513061466 -0.8495475994349105 -10.4272
0.8660588358848511 0.3489184773660034 0.3580474674374425 -3.83754 0.2230151101448154 -0.9106023684546256 0.34794767884255584 0.502856 0.4474442461724953 -0.22149316629958649 -0.8664493198391416 -10.6216
0.8715513634069192 0.3558844587077782 0.3372602452021466 -3.7239 0.24845502283788568 -0.9135708803766291 0.32196016547780604 0.507 0.42269175834189865 -0.19681081926088892 -0.8846452276770003 -10.808
0.8767085737252277 0.36296081715037165 0.31566045360515443 -3.60512 0.273443522123212 -0.9159412707353792 0.29373496348325917 0.517301 0.3957407193675296 -0.1712046546598358 -0.9022628493168036 -10.977
0.8824462525204549 0.36885877242127935 0.29194488764229487 -3.47487 0.29688643242578744 -0.9180981314879088 0.2625914454050221 0.520446 0.36489321404226427 -0.1450483607845231 -0.9196814205906462 -11.1398
0.8875001191212808 0.37509711106396937 0.2676671362554174 -3.34598 0.31912044449248567 -0.9193298658367413 0.23020586371228088 0.530107 0.33242394689106014 -0.11888967596920716 -0.9356065222524403 -11.2964
0.8920461558627053 0.38079813785069627 0.24340590383146435 -3.22157 0.3393477246717057 -0.9200682080413909 0.19574885519879798 0.538768 0.2984908333110184 -0.09201777415774565 -0.9499662897536669 -11.4476
0.8959509032888409 0.386811828446866 0.21828556587530504 -3.09453 0.3582740065082688 -0.919883568723145 0.15954296052688555 0.55158 0.2625104096153576 -0.0647366153483688 -0.9627551378605124 -11.5886
0.8983527015020414 0.39426833100568937 0.1936876528588551 -2.9778 0.376510035653277 -0.9182330922610646 0.12283395837084791 0.570586 0.22627995217507071 -0.037422873255153435 -0.9733431624052107 -11.7233
0.9003827647029501 0.40137992529641714 0.1679435399022964 -2.87516 0.3923526428969863 -0.9158460955296923 0.08535416167221913 0.588574 0.18806988232468688 -0.010958324327193764 -0.9820945140312709 -11.882
0.9014774437424703 0.40844594262201395 0.14321428133798475 -2.80273 0.40580773725782326 -0.9126693479520557 0.04852568073149552 0.59953 0.15052740217391136 0.014372656831081066 -0.9885013545415046 -12.0538
0.9017933497801699 0.41555343397647526 0.11867644164963595 -2.74337 0.41729723007770936 -0.9087041141328186 0.010947818392765199 0.597552 0.11239117430533194 0.03965068055467529 -0.9928726239905196 -12.2112
0.9011052303700945 0.4231766755561783 0.09450325425550113 -2.68618 0.4271256702188738 -0.9038345148919033 -0.025432882852630345 0.592938 0.07465270015034123 0.06328246957364066 -0.9951996299260387 -12.3632
0.9000893022078861 0.42981837115485333 0.07138218173122218 -2.6206 0.43407338791733663 -0.8987686205600062 -0.06160568641472072 0.581768 0.03767680921848229 0.08643572475806646 -0.9955447370824989 -12.5122
0.8982877095383618 0.4366193553243346 0.04942397645359606 -2.55349 0.4394020531809981 -0.8931495896039313 -0.0959669018498146 0.572375 0.002241997467983939 0.10792288518424217 -0.99415674030852 -12.6562
0.8956876546145105 0.4437225162525894 0.029222490339262892 -2.48805 0.4435890066688495 -0.8869429943001783 -0.1286892304133398 0.565518 -0.03118362605120252 0.12822813042505432 -0.9912543205625861 -12.7895
0.892282902307318 0.45135711025774694 0.010391403649425018 -2.42202 0.4471070551369458 -0.8802182453345586 -0.1590946945278781 0.563256 -0.06266181849258201 0.14660354565946498 -0.987208638993438 -12.9217
0.8890300356463778 0.45779888193849605 -0.0067660486595355965 -2.35286 0.4485715001202334 -0.8738803718111472 -0.1873945171105462 0.55596 -0.09170171753289968 0.16356429762963023 -0.9822614293264509 -13.0388
0.8856768817716003 0.46378989243769747 -0.021803595299015745 -2.28925 0.4490327549236332 -0.8675489872807913 -0.21384185669266256 0.546977 -0.11809337873490885 0.1796042603634498 -0.9766249349459959 -13.1497
0.8823844798244975 0.4692330708919686 -0.03489921125388592 -2.22779 0.4486779988066147 -0.8614296318419596 -0.23796437290383773 0.539058 -0.14172396816255908 0.19431756113619283 -0.9706466928199671 -13.2605
0.8790350249485821 0.4744761162099689 -0.04658154205208449 -2.16722 0.4478652099543875 -0.855309438436179 -0.26050435358070473 0.535418 -0.1634447265168209 0.20813019883787304 -0.9643482989592242 -13.3671
0.8758401907988825 0.4791644252125111 -0.05749272816748874 -2.1117 0.44642473307978636 -0.8496708672062018 -0.2806499155811422 0.536882 -0.1833273516854984 0.220138299784078 -0.9580867450769565 -13.4869
0.8731411671019785 0.48284134112864 -0.06699807168039472 -2.05396 0.4441779436552052 -0.8446739667137865 -0.29871699704943283 0.530479 -0.2008244424417217 0.23106304172907827 -0.9519870871313739 -13.5823
0.8703193832980038 0.4868092185500772 -0.07457181632792446 -1.9999 0.44283142010428855 -0.839803965489093 -0.3140535510342367 0.53324 -0.21550987082776873 0.24030414953441406 -0.946472086906075 -13.6817
0.8697523034236849 0.48674954385498076 -0.08127614807655846 -1.94394 0.43778616381693686 -0.837055180973187 -0.32814920200481296 0.527714 -0.2277590952292458 0.2498269512340763 -0.9411228872880746 -13.7786
0.86907252540311 0.4870691101899093 -0.08646749382438947 -1.88597 0.4335794576668861 -0.8341482447885376 -0.3408893656386055 0.525811 -0.23816338819967642 0.25876705280041334 -0.9361184823013795 -13.8716
0.8684593034599319 0.4873838968779813 -0.09074896857773997 -1.83553 0.430029453761748 -0.8316686838507805 -0.35128602192413444 0.526952 -0.2466842255420134 0.26605288452851655 -0.9318598368331974 -13.9877
0.8675152725494727 0.48843819297128926 -0.09404989920439334 -1.77865 0.4275501400948785 -0.8288523324221421 -0.360838868115985 0.527058 -0.2542009630160058 0.27282218143933423 -0.9278738748970244 -14.0914
0.8672722578393838 0.4882475257444521 -0.09722748781388106 -1.71893 0.42412724899544146 -0.8269057744596696 -0.36924641748406023 0.522633 -0.26068162083610075 0.27900034725726536 -0.9242315179588872 -14.204
0.8672459093046523 0.4877271076168139 -0.10003400067018892 -1.65052 0.4205692618804229 -0.8251750226059669 -0.37710433308117564 0.510935 -0.26646956440783787 0.28497096442090164 -0.9207526924648759 -14.3042
0.8669138841050833 0.4879995902635669 -0.10157124321593153 -1.59028 0.4186370310098789 -0.8234198092099431 -0.3830441933614127 0.511435 -0.27056118312328686 0.2895448457549409 -0.9181287646532351 -14.4185
0.8664118783595993 0.48870393534140205 -0.10246424068530892 -1.52791 0.41767571666328956 -0.821760189156983 -0.38763021970234257 0.510619 -0.27363744763317327 0.29305060160065466 -0.9161025554785316 -14.5287
0.8661493389589637 0.4891098830191867 -0.1027465082321916 -1.4614 0.41659030893118065 -0.8201233666851341 -0.3922373999527133 0.509031 -0.2761120010531483 0.29693296507797645 -0.9141077491873851 -14.6442
0.8663012667337727 0.4887304011562199 -0.10327008396017277 -1.3896 0.41496364039720834 -0.8191965331399645 -0.3958815697146805 0.502819 -0.2780778531342564 0.30009937533614345 -0.9124763407996394 -14.7652
0.8650670136937632 0.49144510864241486 -0.10070137541463783 -1.34319 0.41784303881072904 -0.8169559272434314 -0.3974798206943861 0.529253 -0.2776080991908745 0.3017693127759527 -0.9120685419037097 -14.9069
0.8653617230274995 0.49101552057370335 -0.10026388619344598 -1.27242 0.4169562809162959 -0.8164189061821328 -0.39950923572906405 0.525739 -0.27802256765113176 0.30391434349846835 -0.9112296766965873 -15.0304
0.8656331111324195 0.49067511526195684 -0.09958538132614499 -1.20505 0.4165053404464085 -0.8160966914863407 -0.40063635821611343 0.530709 -0.27785359146649463 0.30532625404264535 -0.9108091239669575 -15.1708
0.8669562023589956 0.4886703377659432 -0.09791958016141314 -1.13991 0.4154350896497397 -0.8171146564547167 -0.3996715207449781 0.528795 -0.2753191411416598 0.3058184742532892 -0.9114134250308197 -15.2928
0.868337353349879 0.4866427902514115 -0.09575508066754265 -1.07607 0.41431876336967005 -0.8178575517180313 -0.3993106402509388 0.530113 -0.27263565998811357 0.3070632179114067 -0.911801500935778 -15.4255
0.86919111653712 0.4853137895764497 -0.0947487655850984 -1.00962 0.4137582457015619 -0.8187501672378901 -0.3980606458341401 0.540786 -0.27075988817939856 0.3067876941711845 -0.9124529542163844 -15.5589
0.8712263210654035 0.4819164037396709 -0.09338777912267106 -0.948523 0.41133390914973716 -0.8205363669090574 -0.39689354462283777 0.53642 -0.26789757868715064 0.3073705424830221 -0.9131014384761721 -15.699
0.872133801566469 0.4805635747923741 -0.09187645371907677 -0.897924 0.41082683602890935 -0.8212661580280276 -0.39590808084245865 0.547977 -0.2657140247779462 0.3075395068290535 -0.9136823894415651 -15.8386
0.8742073134683414 0.47716170138454944 -0.0898792735299289 -0.855638 0.4085371934044946 -0.8228724240013946 -0.3949409264981895 0.540906 -0.2624098601113233 0.30854122017952784 -0.9142993933971982 -15.9891
0.8758054165675321 0.474584567137464 -0.08794521559424455 -0.831297 0.4069219064112509 -0.8239996067247594 -0.3942577966256035 0.541194 -0.25957548881511394 0.3095062790193254 -0.9147821756319953 -16.1673
0.8779129562241663 0.47126356206745623 -0.08473190875483849 -0.820086 0.404954443885606 -0.8251894660672405 -0.39379467171225496 0.530017 -0.25550095825856506 0.31140488139904926 -0.9152847973007088 -16.338
0.879864273007774 0.46805372498498155 -0.08224701582541007 -0.814185 0.403183242808122 -0.8268304426093426 -0.39216666341386847 0.521199 -0.25155940412401395 0.3118928176507479 -0.9162099849350306 -16.5096
0.8815060926461741 0.4650904514256212 -0.08147318958029069 -0.805188 0.40108319248902335 -0.8286082964004872 -0.39056441701606 0.51442 -0.24915714184122256 0.3116073861913316 -0.916963224748146 -16.6794
0.8830673706784815 0.4625395163587841 -0.07905197435596653 -0.808411 0.3997386458585993 -0.8297438594894271 -0.389530669712571 0.502881 -0.24576621787814465 0.3123816951202052 -0.9176146482612952 -16.8455
0.8842985995020535 0.46044125711530276 -0.07752312986964661 -0.81212 0.3985336877712036 -0.830811050635431 -0.38848925062803974 0.49422 -0.24328355191050466 0.3126449214174617 -0.918186400727912 -17.007
0.8857260181778455 0.45790362178786137 -0.07624758275760386 -0.819377 0.39677405330146864 -0.832035274663409 -0.38766951433212804 0.480271 -0.2409559531315667 0.3131159128331614 -0.9186395668493239 -17.1634
0.8871783886617678 0.4552688082212674 -0.07513201017074113 -0.825325 0.39499966633694733 -0.833491210758699 -0.3863517376455015 0.467439 -0.23851576527602913 0.31308579311234314 -0.9192864166656688 -17.3182
0.8882390029331855 0.4532928159251767 -0.07454593683685631 -0.832113 0.3935170153749742 -0.834525498011816 -0.38563136773154616 0.457186 -0.23701441365164475 0.31319772700125814 -0.9196365322901285 -17.4696
0.8889506766534777 0.452204403196665 -0.07264896562837411 -0.844594 0.39314135710632025 -0.8347728127402435 -0.38547921402112406 0.44686 -0.234960779301409 0.31411069520041945 -0.9198521094995565 -17.615
0.8893262871698371 0.45153584282546205 -0.07220898553928258 -0.85349 0.39270789379868526 -0.8350731256454624 -0.38527053478421963 0.437899 -0.2342632388935858 0.3142741756311162 -0.9199741721561912 -17.7573
0.8903794397854865 0.4494036693337895 -0.07253133941000313 -0.861529 0.3908628254325046 -0.8364105556058505 -0.38424423764844123 0.422601 -0.23334674821433138 0.3137733648040227 -0.9203779498865448 -17.8965
0.8906335446232059 0.4489514506576431 -0.07221138514321242 -0.871889 0.39046279634628855 -0.836456256077901 -0.38455134421501813 0.411718 -0.2330465487007699 0.3142984674167827 -0.9202748391204234 -18.0312
0.890917420361768 0.4483752716019387 -0.07228945920270886 -0.881513 0.3900037529570879 -0.8368649096625855 -0.3841278376462957 0.396521 -0.23272993527975544 0.3140330218166871 -0.9204455651657846 -18.173
0.8907491534155298 0.4485524400226184 -0.07325745176616588 -0.890981 0.38996495281098686 -0.8370724996925261 -0.38371469327826224 0.382418 -0.23343796021350427 0.31322569946966583 -0.9205413515552123 -18.3185
0.8904805461091984 0.4489589122741681 -0.07402899493211705 -0.901508 0.390159520805835 -0.837088340562497 -0.38348227914583755 0.367145 -0.2341365954429695 0.3126003921685332 -0.9205764767201333 -18.4738
0.890403431084034 0.44879639036566643 -0.07591791559657102 -0.910745 0.38941524133386507 -0.837454542354039 -0.383439251130442 0.347978 -0.23566395509425564 0.3118520313952355 -0.9204405525529596 -18.6355
0.8896394606216832 0.45002186162795227 -0.07760125103162117 -0.919397 0.39004182470757515 -0.837179619181977 -0.3834027389118456 0.330622 -0.23750580010506211 0.31082247229444626 -0.9203153729201866 -18.8044
0.889132061527815 0.4508756725594317 -0.07845575222619072 -0.928857 0.3902881044475231 -0.8365593353305011 -0.384504452507574 0.310877 -0.2389965955616451 0.3112548897053186 -0.91978313799747 -18.9826
0.8886316589478368 0.4514732882003728 -0.08065757718378236 -0.934428 0.3901019917425098 -0.836561271233884 -0.3846890634136538 0.286224 -0.24115184169759418 0.3103821990918461 -0.9195154592135836 -19.1667
0.8876886122472892 0.4531667858127276 -0.0815401246175338 -0.938951 0.391367895254489 -0.8358851901013832 -0.38487286151824934 0.261871 -0.24256978016758984 0.30973506938242495 -0.9193606955619275 -19.351
0.8866345878181293 0.4547667861681686 -0.08406115561215485 -0.938123 0.3923273700700431 -0.8358676786101323 -0.3839328828699512 0.234457 -0.2448639262498646 0.30742868124685996 -0.9195266519075546 -19.5456
0.885340825235303 0.4570853200032094 -0.08511541228964462 -0.937462 0.3942905777056776 -0.8351298844367319 -0.38352707395073615 0.20874 -0.24638701975590252 0.3059919710682849 -0.9195990159507295 -19.7482
0.8840688067214393 0.45928837812419776 -0.0864669341550538 -0.933019 0.39613142954422786 -0.8345744081667268 -0.3828386706700412 0.180142 -0.24799644253371245 0.3042034565109373 -0.919759762947598 -19.9624
0.8828993125200737 0.46141120617803877 -0.08711201274743019 -0.928705 0.398392526999775 -0.8342729017417778 -0.3811457986782582 0.152011 -0.24854013434919242 0.30180858873246325 -0.9204017478172257 -20.1769
0.8818565264250083 0.4636393025938544 -0.085835097086815 -0.926892 0.40142129841421165 -0.8337153311768052 -0.3791829212137573 0.121001 -0.24736614154137407 0.2999288976591524 -0.9213319968219374 -20.4029
0.880426606288038 0.4664791467585198 -0.08512459444585567 -0.918218 0.4050010399632619 -0.8331276714481236 -0.3766595819783479 0.096054 -0.24662349557332208 0.29714556821004545 -0.9224323079361026 -20.6361
0.8797338143947516 0.4676084251905078 -0.08608586702423511 -0.897267 0.4067672246927886 -0.8339315240833679 -0.37295929812208456 0.0696164 -0.2461886283445836 0.29308799673621017 -0.9238455419835981 -20.8826
0.8790797199031087 0.4687687429496907 -0.08645641496406564 -0.875499 0.40912480299012993 -0.8350655720062373 -0.36780753938463945 0.0526553 -0.24461345350033237 0.2879606849610942 -0.9258741287471955 -21.1331
0.8779792996805682 0.47105993901983795 -0.08517560204099375 -0.858952 0.41313064796339155 -0.8355133007167332 -0.36227143420200547 0.0595903 -0.24181690810563153 0.282878168433084 -0.9281726804739387 -21.396
0.8774495575158938 0.4721367262697508 -0.08467104417948616 -0.847507 0.4161935277042289 -0.837135668413217 -0.35494622151456373 0.0719968 -0.23846429819214304 0.2762078644384314 -0.9310445714948827 -21.6577
0.8735542706840562 0.4796467181525522 -0.08271615280664561 -0.851706 0.4255038647972761 -0.8350800066002739 -0.34869448464102104 0.125966 -0.2363247706276842 0.2694075135217503 -0.9335792384397801 -21.8969
0.8717073239141444 0.4836076935723083 -0.0790565629920324 -0.867972 0.4324843446844811 -0.8351209205629988 -0.3398975428579093 0.171764 -0.23039885641486113 0.2621004516510448 -0.9371337792476817 -22.1548
0.871078027751863 0.4853599508546704 -0.0751584171884774 -0.886132 0.43785614092450714 -0.8367448660693815 -0.3288465127703678 0.213065 -0.2224973470013146 0.2535423972689489 -0.9413879027077476 -22.4288
0.8707242929397291 0.4866938860908326 -0.07048593424515798 -0.910162 0.44316782388688086 -0.8386955454868988 -0.31653129679669895 0.259959 -0.21317008597825254 0.24437439150254076 -0.9459596562337041 -22.7144
0.8707933031491127 0.48743271742954364 -0.06425238649192867 -0.943182 0.44837959586386944 -0.8409538437475476 -0.30290653789441163 0.307467 -0.20167984828338853 0.23495952558999647 -0.9508518602447561 -23.0107
0.870727929030037 0.4878008534126084 -0.06231533532762455 -0.953182 0.45231277093621697 -0.8441471582149435 -0.2877998132828394 0.348366 -0.19299230776138387 0.22240931340114062 -0.9556610625411966 -23.2904
0.8707300169827362 0.48865059010701856 -0.05522534122398505 -0.995024 0.45781052947274264 -0.8464909961443917 -0.27177658572872254 0.395063 -0.17955154309871613 0.21136128840101528 -0.9607745048326023 -23.5775
0.8711902840867384 0.4883421400286231 -0.05049201110207889 -1.02664 0.46164231085375407 -0.8498471883782069 -0.25425603873902786 0.432075 -0.16707443174368036 0.19819614193500537 -0.9658180074836072 -23.8537
0.8715426730027604 0.48853423414814107 -0.04180515758244032 -1.08797 0.4665546069767936 -0.852502679809753 -0.2357243721508642 0.477582 -0.15079843448767324 0.18593946053078328 -0.9709203619111035 -24.1421
0.8719530636147504 0.48829846541224553 -0.035531162785600166 -1.14275 0.47031393132488786 -0.8555781320183641 -0.21631196456436536 0.510253 -0.13602448623163185 0.17190307934418353 -0.975677544303141 -24.4199
0.8719569597609994 0.4888397438950151 -0.02695858143543179 -1.22674 0.4749866236420472 -0.8580231118182221 -0.19540738713493624 0.534153 -0.11865398301567046 0.15758186562682472 -0.9803515634404253 -24.6873
0.8719087303976241 0.48926167696393347 -0.019954380743149702 -1.31305 0.47874716294354963 -0.8603126850711822 -0.17510921700217472 0.546093 -0.10284123603839716 0.1431261519082099 -0.9843467807688722 -24.9459
0.8720056098546943 0.4893561967906877 -0.011693119536556593 -1.41511 0.4820170249287114 -0.862597289791235 -0.1535757250469295 0.545767 -0.08523968594977646 0.12828261108727784 -0.9880676938508887 -25.1977
0.8720230226177762 0.4894429753162167 -0.004628383969170945 -1.51521 0.4846678507220561 -0.8647587703553857 -0.13148894847059706 0.536978 -0.0683587777905626 0.11241816137550859 -0.9913068316580541 -25.4525
0.8717974640561683 0.4898431044684234 0.004786926986173782 -1.62895 0.4873575624582349 -0.8663032588211392 -0.10955030840048637 0.52845 -0.04951553271450625 0.09783862611776238 -0.993969725524569 -25.7019
0.8715301332534265 0.49017707497623125 0.01271463719540095 -1.72539 0.48932674288819517 -0.8677655569037673 -0.08684628343184535 0.51476 -0.031536732958482236 0.08191076497775167 -0.9961405829776561 -25.9459
0.8703819070221073 0.4918528538369542 0.02271796868127053 -1.82983 0.49224420230837473 -0.8681476056641804 -0.06336702670429184 0.505267 -0.011444702807469585 0.066336301916781 -0.997731684284735 -26.1873
0.8697862494294799 0.49239401632804825 0.03193764217553645 -1.92479 0.49336841911337737 -0.8688680407707252 -0.04069312901225892 0.494337 0.007712543352593247 0.05115134809147578 -0.998661131847765 -26.4364
0.8691014282784888 0.4930270952762026 0.03983705169563779 -2.01185 0.49397778934711567 -0.8692759648578874 -0.0185806499381859 0.485212 0.025468627682451332 0.0358270881303379 -0.9990334172389197 -26.6816
0.8684433711151942 0.49348550227522864 0.0477301813346934 -2.09535 0.49389925335121293 -0.8695120085915844 0.0035205758255522236 0.476568 0.043239318972340464 0.02051648018531383 -0.9988540610798027 -26.9281
0.8679088890835481 0.493702496268223 0.054699226944141616 -2.17043 0.4930896971967513 -0.8696155369034161 0.025127047072814657 0.46736 0.059972583470929264 0.005163637739866583 -0.9981866689538154 -27.176
0.8679272619700161 0.4930689467921713 0.059877221365807656 -2.23745 0.4910903276821962 -0.8699346527804951 0.045210507060557494 0.455668 0.07438116687861383 -0.009834307344111871 -0.9971813919306945 -27.421
0.8674382256684455 0.4930414103148205 0.0667914093574267 -2.31497 0.48934790221509306 -0.869692215965605 0.06460712102023117 0.447017 0.08994195487572135 -0.02335845036828957 -0.9956730525375915 -27.6652
0.8661420595187783 0.4944801226287454 0.07271410494278442 -2.38544 0.48864692332508974 -0.8683682313627423 0.08462150486056864 0.445321 0.10498627080477348 -0.03776272083688194 -0.993756438901154 -27.904
0.8655953742895656 0.49471820906033354 0.07745025263123786 -2.45215 0.48666299693420073 -0.867552467402107 0.10252728280578693 0.443835 0.1179142715006482 -0.0510549696763381 -0.9917104489959855 -28.1437
0.8650867176119895 0.495085759037981 0.08071593528603668 -2.51168 0.48472770087671735 -0.8664665043934435 0.11947741530087588 0.439729 0.12908922113826984 -0.06423307529608477 -0.9895504459217438 -28.3788
0.8653488114375384 0.4939897106800254 0.08453165256816393 -2.57466 0.48126204429608843 -0.8661357383400768 0.13489153972744133 0.430945 0.1398509179933754 -0.07604635765343958 -0.9872480297392624 -28.6166
0.8650047948512584 0.4938764121429011 0.08861599411611934 -2.64035 0.47875263871822493 -0.8652320634548082 0.148893879290158 0.422639 0.15020857433805046 -0.08636877849426028 -0.9848745190615605 -28.8463
0.8642769581136331 0.4944669466660212 0.09234597083050015 -2.70484 0.4770480309469528 -0.8639517204754545 0.16128422383214489 0.417466 0.15953217808166653 -0.09534077481478967 -0.9825780482049429 -29.0741
0.8645358772427394 0.49337236613205326 0.09571533470341313 -2.77076 0.4739158734350869 -0.8637108619718414 0.17148554404998004 0.40808 0.16727660286598933 -0.10289438881259819 -0.9805260235631159 -29.3054
0.8646812032788967 0.49254902516751026 0.09859956644273071 -2.83832 0.4713827509341461 -0.8634622049673478 0.17953084056696927 0.397416 0.1735647395582292 -0.10875880837643026 -0.9787986528304088 -29.5259
0.8642147353026265 0.4931354258521379 0.09975140628302556 -2.89808 0.47056872136018923 -0.8624096283911663 0.1865870074138248 0.391101 0.17803923658353285 -0.11431134951456376 -0.9773612155231614 -29.7437
0.86428713499803 0.4928934034459919 0.10031869774036957 -2.95989 0.46927846205594476 -0.8619410329745526 0.19192545616766954 0.384729 0.18106759325540328 -0.11880129845328925 -0.9762688042534741 -29.9666
0.864644976119688 0.49232655065995995 0.10001816228190877 -3.02023 0.4683388272366256 -0.8619566216520641 0.19413790277218654 0.376609 0.18179056128855123 -0.1210179734809119 -0.9758621018980945 -30.186
0.8646246839779148 0.4925204627583082 0.09923582831030983 -3.08055 0.46860979507763667 -0.861786075052172 0.19424114086224864 0.371442 0.1811877915682695 -0.12144280386467753 -0.9759214259232654 -30.4047
0.8655580045254491 0.4912663416166084 0.0972970831862729 -3.14045 0.4680003410527248 -0.8626048205412874 0.19206406314942587 0.363246 0.17828354264052537 -0.12070751912605582 -0.9765473225860469 -30.6204
0.8664646461205813 0.49017372767553147 0.09470339867084956 -3.19939 0.46821379457298284 -0.8636934011833272 0.18657317954074987 0.356943 0.1732479714014122 -0.11731762633573102 -0.9778658982479372 -30.8343
0.8676181433431187 0.48895086179443537 0.09036488307035548 -3.25637 0.4689282363393227 -0.8650464994968441 0.17832796435766746 0.350264 0.16536343763218145 -0.11234593209696635 -0.9798129030767722 -31.0446
0.869138592889588 0.48712459659211904 0.08548528379126077 -3.31484 0.4694594842888392 -0.8669699036394768 0.1672452653877334 0.342281 0.15558245068504423 -0.10522743738360997 -0.9822022640273816 -31.2552
0.8705264946432575 0.48551294656189153 0.08037910701738474 -3.37648 0.470550543702226 -0.8690182241272711 0.1529363003221378 0.333301 0.1441034626428591 -0.09531266891380935 -0.9849617694097902 -31.4592
0.8720201366842562 0.4839092369625838 0.07357126884499035 -3.4357 0.4720352437462735 -0.8711645215496822 0.1351114541943429 0.327298 0.1294743599272386 -0.08309167693219183 -0.9880952197769346 -31.6656
0.8739023184169359 0.48174748215888813 0.06491610970379846 -3.49006 0.4730893818558937 -0.8735832219078112 0.11418752636070117 0.315135 0.11171917758698466 -0.06907762180865237 -0.9913360215005547 -31.8641
0.8754619033745683 0.48006800657916976 0.05568810284863367 -3.54834 0.47454117367875165 -0.8757152376830577 0.08907018004527945 0.30729 0.09152666400219485 -0.05155125167062219 -0.9944673640838202 -32.0672
0.8772065965962521 0.47804549921392364 0.04450940989645029 -3.60301 0.47525562883639155 -0.8777460630542098 0.06077775951909297 0.297888 0.06812249369588394 -0.032161303987014826 -0.9971584509888629 -32.2696
0.8790836779666998 0.47558915987517547 0.032044315280005994 -3.65918 0.4748123403941499 -0.8796067152036039 0.029073492706523252 0.286947 0.04201343287532716 -0.010342996565360817 -0.999063508431811 -32.4816
0.8796453233960344 0.47523541186881096 0.01937545698474645 -3.71443 0.47541580555359947 -0.8797419789630776 -0.005819130514956153 0.277743 0.014279945984081272 0.014330169434084685 -0.999795343751251 -32.6642
0.8804691635843958 0.4740697921416391 0.005646605686413593 -3.76835 0.4738611713926893 -0.8795761757194089 -0.04244221192595814 0.266179 -0.015153950750319231 0.04004476602007659 -0.9990829667705552 -32.8621
0.8808994406273333 0.47322665175822876 -0.008527107841844732 -3.82269 0.47108537236191483 -0.8783710337564513 -0.08088818828641459 0.255106 -0.04576841103956307 0.06723736404201544 -0.9966867057544183 -33.0544
0.8805605293404363 0.47337825252443944 -0.022938705381926168 -3.87673 0.46761024170031795 -0.8756734983241711 -0.12056776596453221 0.247033 -0.07716097475188463 0.09544084225118744 -0.992440038292351 -33.2455
0.8796623914479886 0.4741259796641136 -0.03739829514230002 -3.92975 0.46306377247850533 -0.8717602977902457 -0.16001851709923315 0.239901 -0.10847128509417157 0.12344447579461426 -0.9864053130969095 -33.4325
0.8782163690149923 0.4755217735393835 -0.05113757995917833 -3.98155 0.4576751233093359 -0.8666270401246777 -0.1987235638481847 0.228292 -0.1388145910843175 0.15111788846691385 -0.9787205388094163 -33.6029
0.8763013742631655 0.4773211176172449 -0.0652721390879156 -4.03474 0.4511559785235916 -0.8605835411630497 -0.23633504124798393 0.223137 -0.16897983461617086 0.17765280565161362 -0.9694768156780244 -33.7805
0.87409169777868 0.47931467770012903 -0.07887422656106291 -4.08668 0.44360132128912044 -0.8538010065436886 -0.2724733179148561 0.214051 -0.19794335458643453 0.20317795393744167 -0.958924995715965 -33.956
0.8715759772908539 0.4815661731667226 -0.091920273449612 -4.13845 0.4354769853109886 -0.8465779771844993 -0.30604823771858997 0.207521 -0.22520015780177932 0.2267151283169248 -0.947568013135888 -34.1282
0.8684495074034 0.484826178948678 -0.10362928783319998 -4.19663 0.42780786085600836 -0.8384682339653502 -0.337566963461819 0.204089 -0.25055116699109187 0.24882643918412542 -0.9355797752636335 -34.2953
0.8654228039349507 0.48781869998959265 -0.11435159102448661 -4.2548 0.41984668723462176 -0.8305947210240956 -0.3658430929032531 0.200491 -0.27344492982588164 0.268598818588929 -0.9236246775639714 -34.4565
0.8625614945779941 0.49061074272295213 -0.12364775451341815 -4.33169 0.4123564562830895 -0.823289122649047 -0.39007329245850114 0.197771 -0.2931719990603293 0.2854752522594492 -0.9124440033856184 -34.6073
0.8603059143156183 0.49263700907638136 -0.13108207765306892 -4.39513 0.40532900567582314 -0.8169804164751263 -0.41018458802590035 0.197064 -0.3091635990077364 0.299752858842758 -0.9025331532216293 -34.5118
0.8584385702097368 0.4942112100799751 -0.13725341892845178 -4.39775 0.3996782316728275 -0.8122365721258415 -0.42488711680650415 0.196854 -0.321466222647332 0.30988228528353956 -0.8947806641654181 -34.3513
0.8574732748915215 0.4945238660683343 -0.14207648903192194 -4.39277 0.3968782217667789 -0.8114253138413039 -0.42904153312328774 0.195071 -0.3274557373662113 0.31150458414984816 -0.8920412737758165 -34.2015
0.8568116324076795 0.4948542589187026 -0.14488992028747033 -4.38155 0.3957527026050688 -0.8112462899991744 -0.4304175360546549 0.199874 -0.3305353611214265 0.3114461741498807 -0.8909251683815711 -34.0496
0.8564894163296604 0.49491824734614864 -0.14656673619581634 -4.36604 0.39505914239016116 -0.8113002479953086 -0.43095264428554225 0.203324 -0.3321959568225176 0.3112038496654037 -0.8903920542234218 -33.9021
0.8565775617240335 0.4950781037590865 -0.1455079101946578 -4.35111 0.39566791364003645 -0.8111559110655558 -0.43066575213168334 0.206582 -0.33124278538052737 0.31132580863416226 -0.8907044728817942 -33.7591
0.8581685547868947 0.493525619521606 -0.14134777837231213 -4.34095 0.4006758450478586 -0.8160311727860499 -0.4165957179768041 0.2109 -0.320944853160411 0.300874704681599 -0.8980360868654462 -33.616
0.8605848648672366 0.49096419913731737 -0.1354542193026596 -4.3274 0.4071465404560497 -0.8229680342294409 -0.3961758564466045 0.211315 -0.3059826546654413 0.28579322910450994 -0.9081282096939324 -33.4861
0.8631984056609207 0.48848666643805966 -0.12755112377661332 -4.3128 0.4156336208382602 -0.8309989242314234 -0.36971540562315586 0.213433 -0.28659589266652524 0.2661232132649257 -0.9203484284053668 -33.3497
0.8661514594123998 0.48540748396975186 -0.11900094060100842 -4.29773 0.4248778585315881 -0.8405423261584699 -0.33610623806427575 0.218639 -0.2631738107931361 0.24055804381118276 -0.9342758548043266 -33.2188
0.8695192721201924 0.4820658714029947 -0.10746502240283391 -4.28787 0.43440759788567146 -0.8499896612686147 -0.298006064763229 0.220916 -0.23500271128387223 0.21243839428158093 -0.948495468794813 -33.0934
0.8724084863526129 0.4794241459513861 -0.09516260409807364 -4.27268 0.4439588920957302 -0.8586917316435938 -0.2560254130668637 0.230281 -0.20446010630212058 0.18111045879713972 -0.9619745665272108 -32.9674
0.8752930540960702 0.4767626720288245 -0.080990271089244 -4.26316 0.4526189629287516 -0.8666338746156677 -0.20995666640032243 0.235741 -0.1702884137235271 0.14711587925363592 -0.9743504370722857 -32.8513
0.877615273691124 0.47480888351769523 -0.0659390287821489 -4.25136 0.4601838845318539 -0.8730112999869319 -0.16149941954168182 0.24173 -0.13424687631832133 0.11139027887480377 -0.984667447400881 -32.7334
0.8794364803942567 0.47335303128110534 -0.050283046136357 -4.23885 0.4660661875496201 -0.8777213675292477 -0.11129919049817757 0.249282 -0.09681831321978507 0.07444534075129364 -0.9925140328809963 -32.6216
0.8810685629689116 0.471789343515652 -0.03366010536180236 -4.23088 0.4694827663958068 -0.8809692602287661 -0.05898385024158133 0.254626 -0.05748147010331052 0.03616597678829024 -0.9976912862793338 -32.5203
0.8813500029366816 0.4721459841106566 -0.017330378290469975 -4.21786 0.47210772524342964 -0.8815169457817889 -0.006493848244391618 0.26336 -0.01834306650987165 -0.002458452303056979 -0.9998287292948167 -32.4124
0.8816208213211129 0.4719576470774633 -0.0008407010112652762 -4.20928 0.4715002441771276 -0.8806851248024029 0.045620507369871194 0.269558 0.020790554441736823 -0.04061637990860327 -0.998958488891868 -32.3207
0.8812093740198257 0.4724755297058134 0.015391977416769606 -4.19919 0.46900709075926383 -0.8778892789827402 0.09665796741446789 0.271927 0.059180976310964445 -0.07795696041006053 -0.9951986356333622 -32.2251
0.8794485192390908 0.4750042917713058 0.030679387331083413 -4.1854 0.466232423639867 -0.8726080346479239 0.14554224477718877 0.279108 0.0959042707863737 -0.11369318654487473 -0.9888762461391243 -32.1166
0.8775015579372931 0.47745721121863544 0.04500696915975439 -4.17409 0.46145554341500566 -0.866175368803531 0.19183068557879202 0.285914 0.13057487227328832 -0.14756301004449213 -0.9803955124323163 -32.0205
0.875117134017393 0.48043333998249105 0.05791206767550053 -4.16154 0.45595511405641487 -0.8587221837250655 0.23388275939935366 0.293115 0.16209545248089247 -0.17826950667941627 -0.9705385346668579 -31.9283
0.8727431336547401 0.4832819320010477 0.0689782346819546 -4.14587 0.4496108148410041 -0.8507731869961034 0.2720939166289855 0.296803 0.1901829062679198 -0.20645473714552484 -0.9597952404933355 -31.8363
0.8708479216213443 0.48526541445859983 0.07836692502649675 -4.13546 0.4424042533841145 -0.8432388321645514 0.30533055614760796 0.301462 0.21424839321551384 -0.23122661927227736 -0.9490162677975988 -31.7649
0.86883274018843 0.4875651542995408 0.08608071729213955 -4.12397 0.43617047393936487 -0.8360223969442139 0.3328991881503489 0.304878 0.23427545163796842 -0.2516878465888184 -0.9390251544230909 -31.6921
0.8671607095013109 0.4894802728370737 0.09187690896263016 -4.11347 0.43093732248930167 -0.829939992000385 0.35424939486772955 0.306596 0.24965041154168988 -0.2675979674469612 -0.9306266704943075 -31.6179
0.8666725126254232 0.4896200493380465 0.0956606666595256 -4.10564 0.4259664890561603 -0.8260867478886201 0.3689623763528902 0.311886 0.2596753859354098 -0.27902131146027653 -0.9245084108272265 -31.5506
0.8662850033965152 0.48995484861707445 0.09743992614385374 -4.10001 0.423330210313057 -0.8235676645847133 0.37752858817152435 0.319078 0.2652203346777976 -0.28579808985908417 -0.9208570062209965 -31.4903
0.866350365608926 0.4897890621983984 0.0976919574995495 -4.09323 0.4231197911226326 -0.8237100736332694 0.37745378121753365 0.318135 0.26534258303110736 -0.2856718207067113 -0.9208609691394747 -31.4237
0.8660523883841186 0.4906726526475818 0.09588330677416962 -4.08807 0.4248170916444373 -0.8233534460583499 0.37632371903801354 0.326045 0.26359760852656783 -0.2851831881574115 -0.9215133476903353 -31.3724
0.8661081538528054 0.4912004267118882 0.09262184746453601 -4.08209 0.42778673714908894 -0.8242450079292939 0.37096991040106503 0.328971 0.25856367368410643 -0.2816776663168326 -0.9240143499693506 -31.3167
0.8661327502451103 0.49186612873393915 0.08877933519197494 -4.08109 0.4327107015464375 -0.8268239203686473 0.35933779855925335 0.333983 0.25015096985626695 -0.2728184673194038 -0.9289750137487337 -31.2681
0.8670180701814967 0.49134344671707514 0.08283286393055808 -4.07394 0.4379748669754279 -0.8307593853315205 0.3435358199394216 0.330205 0.2376082529640118 -0.26157305108091544 -0.9354794797704604 -31.2216
0.8673430266497076 0.49179539880648937 0.0765072534789448 -4.07159 0.4448432558667468 -0.8349429177776214 0.3240135826826786 0.332501 0.2232275785650095 -0.24699718574461332 -0.9429537838103436 -31.1751
0.8681583165436959 0.491373242711038 0.06966687709130874 -4.07107 0.45135510966745784 -0.8401062566378676 0.30083224982535783 0.328267 0.20634849743357297 -0.2297255186206982 -0.9511290573320521 -31.1311
0.8685811077672179 0.49166731592665575 0.061887879906739066 -4.06726 0.4588056870536796 -0.8450777735887678 0.27448296506969694 0.332157 0.18725437446712395 -0.21001620660256087 -0.9595983494187539 -31.0832
0.870200022627755 0.4897862306243763 0.05349176487479282 -4.06112 0.4641317073717204 -0.8513310119551053 0.24457568623170184 0.323648 0.16532900178391735 -0.18800254353136142 -0.9681535853338931 -31.0409
0.8709230419854256 0.4893495389467836 0.04505644983154848 -4.0553 0.47033751781770033 -0.8566162479597624 0.2121113459115832 0.321752 0.14239267632830332 -0.16354091984549068 -0.9762062759807243 -30.9966
0.8715811289581761 0.48886297913031845 0.03686900161139403 -4.05136 0.47566236450333915 -0.8614595979421478 0.17785577333459215 0.318459 0.11870825851255526 -0.1374785392313402 -0.9833656494975473 -30.9527
0.8719600081038855 0.48874326348252495 0.028561629293903837 -4.04745 0.4804616661736377 -0.8654728285992054 0.14182161434048704 0.319268 0.09403367271952659 -0.10994000799045442 -0.9894800973430112 -30.9131
0.8722198621834584 0.4886771643207026 0.020667391808010662 -4.04294 0.4841888124892177 -0.8686471497560971 0.1049443808924026 0.316528 0.069236593452812 -0.08152765354212968 -0.9942633131293562 -30.8734
0.8719210108527543 0.4894468070164346 0.01398477511181825 -4.04174 0.48755790011575095 -0.8704827441258854 0.06743208593679666 0.31717 0.04517792456754188 -0.05197706494681242 -0.9976258516354136 -30.8337
0.8719546995844291 0.48952014383514336 0.008064158495991399 -4.0389 0.48912426021582284 -0.8717287919241891 0.029092462919418745 0.311034 0.02127110577642821 -0.021422934206457984 -0.9995441950954614 -30.7938
0.8712435557628028 0.4908420405424153 0.002959354312251524 -4.03634 0.4908479263825587 -0.8712011313715616 -0.008769370721587606 0.312192 -0.0017261829942941363 0.009092850656878147 -0.9999571692623647 -30.7553
0.870935304624869 0.4913968535024304 -0.000909684504476687 -4.03327 0.49083986245823136 -0.8700333140733961 -0.046024578482022585 0.307061 -0.02340778887403263 0.039637920863413806 -0.9989398934118382 -30.7176
0.8701394951702349 0.49279213556987744 -0.0036290584684801307 -4.02785 0.4908835600033401 -0.8673721979096228 -0.08184620218358758 0.305098 -0.04348090918248225 0.06943616790916012 -0.9966383642639666 -30.6792
0.8697209255555632 0.49352407679204413 -0.004415572141312555 -4.02559 0.48975843923774853 -0.8641217322153575 -0.11588918460552995 0.307345 -0.06100969469009983 0.09862868517673011 -0.9932523343109395 -30.6413
0.870036948268723 0.4929658140926803 -0.004518272146350359 -4.01825 0.4869298686009252 -0.8607441322502939 -0.14838747204860162 0.301487 -0.07703902719747474 0.12690250167995018 -0.9889189771441528 -30.6037
0.8700214382699754 0.4930039166272166 -0.0031361028152229187 -4.01282 0.4845594298968387 -0.8562575303604052 -0.17895586215363324 0.299134 -0.09091125259666055 0.15417580838550515 -0.9838521048714497 -30.5651
0.8699471875931091 0.4931448223430577 -0.0002738522849469252 -4.00901 0.4822997682730715 -0.8509311969577114 -0.2080938047320444 0.298283 -0.10285341181789445 0.18089854128862068 -0.9781088351697207 -30.5295
0.8698189101126024 0.49336180188213097 0.003032499652350598 -4.00369 0.480207627825902 -0.8451851862552582 -0.2346542885022227 0.298998 -0.11320643881133505 0.20556296694268966 -0.9720741580935963 -30.4936
0.8698282280224636 0.49330111066705284 0.007271034998751598 -3.99753 0.4780837482159128 -0.8391741790307086 -0.25927326692113833 0.297852 -0.12179812571269188 0.22899937000522122 -0.9657766331352644 -30.4579
0.8698530199538265 0.4931755032312699 0.01156056615361066 -3.98884 0.4761455815806491 -0.8332266350830005 -0.28110275653128347 0.296381 -0.12900042177618543 0.2500225941806946 -0.9596080416402951 -30.4225
0.8700173824154556 0.4927229765491129 0.017141256533336792 -3.98517 0.4744716831526954 -0.8273306094940167 -0.3006670658394554 0.292922 -0.13396408541548574 0.2697186144389028 -0.9535751112754314 -30.3874
0.8700057139572922 0.49253349427383597 0.022378889607566545 -3.9768 0.47323540363610817 -0.821459911242243 -0.3182009851764384 0.29097 -0.13834128243959673 0.28742715814670566 -0.947759103534583 -30.3552
0.8699139632846851 0.49240193174206304 0.028107545232840606 -3.97217 0.4726230050224497 -0.8159681770167788 -0.3329015308157416 0.290444 -0.1409864944095035 0.30287996254721006 -0.9425425914416385 -30.3221
0.8697925947417485 0.4922673075720438 0.0336710562380749 -3.96689 0.4730764043439863 -0.8125998203831707 -0.3404118792965433 0.292124 -0.14021254503567762 0.31201671398982783 -0.9396733541000343 -30.2894
0.8700070523228955 0.49145423055738374 0.03950276162087631 -3.96456 0.47457184479659603 -0.8130047045067856 -0.3373498400417424 0.288447 -0.1336760750275885 0.31224363839329616 -0.9405501673213048 -30.2548
0.8697065072143414 0.4915515755601537 0.044582954964441986 -3.95891 0.4766084638114959 -0.812911395782217 -0.3346930456861238 0.292489 -0.12827690178780038 0.3123333334303885 -0.9412719720123323 -30.2232
0.8693543360926713 0.49177284693292234 0.04881091411108231 -3.95179 0.4785210407253403 -0.8130018580889172 -0.33173120493421415 0.297176 -0.12345303519965874 0.31174901084599593 -0.9421103450958043 -30.1951
0.8691665347189442 0.49164080260596194 0.053280917199578025 -3.95282 0.48007559086168167 -0.8130182111156893 -0.3294371191184326 0.297806 -0.11864637366337794 0.3119145870381998 -0.9426729700215871 -30.1695
0.8695102574964235 0.4907020815982151 0.05624392610479617 -3.94853 0.4803220758288413 -0.8135492670324329 -0.32776255671211707 0.292307 -0.11507656399100563 0.31200810442385873 -0.9430844751101857 -30.1492
0.8693420296856074 0.49065096614064824 0.05921203296084633 -3.9495 0.4813506605989523 -0.8134667557734294 -0.32645578382440005 0.293373 -0.11200882538023547 0.3123034848936202 -0.9433560072211549 -30.1315
0.8693515898152062 0.4904524051028404 0.06069803633243103 -3.95085 0.48171712704116365 -0.8135624685012832 -0.325675788724471 0.293067 -0.1103468295918881 0.3123660483710389 -0.9435311489421432 -30.1201
0.8694014641075547 0.49040732070730336 0.060346946934574805 -3.94809 0.48155102988956505 -0.8136090414394366 -0.3258050541355992 0.293918 -0.11067836202230115 0.3123155255261664 -0.9435090421905743 -30.1121
0.8694957224534068 0.4903773831552819 0.05922170822431542 -3.95034 0.48106879336997244 -0.813535861492549 -0.32669897170198586 0.292895 -0.1120268034034125 0.31255307414158334 -0.9432712076406546 -30.1064
0.8700449281117687 0.48971200261537856 0.05660368858496373 -3.95247 0.4817285823483671 -0.8201943031533346 -0.3085755629071248 0.293248 -0.10468713395456308 0.29574221810430085 -0.9495141623036111 -30.1038
0.8707024599302283 0.489074648856048 0.0517997501710388 -3.95135 0.4820028120505534 -0.8276642528332928 -0.28748073632378524 0.294127 -0.09772673864816936 0.2752778095456301 -0.9563846569895148 -30.0992
0.8715525307013837 0.4880910452507531 0.046511480024195306 -3.9528 0.48204338931706414 -0.8356696881484079 -0.26323058926663584 0.293699 -0.08961225944998374 0.2518398377063689 -0.9636110932841625 -30.095
0.8721098652798361 0.4876306778771702 0.040505615346980064 -3.95679 0.48256834859956366 -0.8434475134630045 -0.23605948606858612 0.297027 -0.0809454866652618 0.2254165345003033 -0.9708940282865054 -30.0895
0.8730309069719063 0.48652446938477695 0.033331309030278054 -3.95987 0.4822670724361317 -0.8512074218987352 -0.20703718445823094 0.298209 -0.07235679868328598 0.1968244537509754 -0.9777651190802096 -30.0825
0.8737667618779571 0.48566530745742353 0.02570709959516305 -3.9636 0.48224118677890915 -0.8583300333264156 -0.1752512244292285 0.301863 -0.06304826414246939 0.16552571710208916 -0.9841880680878329 -30.0728
0.8743766719070054 0.48495222349140926 0.01693447830809487 -3.9646 0.4822394533895961 -0.8645465445383111 -0.14143684782039542 0.306007 -0.053949469129294436 0.13183555384494858 -0.9898024254986764 -30.0624
0.874777542781548 0.4844526221499615 0.008361072724451041 -3.96918 0.4824927767464446 -0.8694004778262551 -0.10650600707464589 0.312875 -0.044327993780256744 0.09720322035563222 -0.9942769045491863 -30.0504
0.875413002518031 0.48337348316401796 -0.001466559324004628 -3.96747 0.48205858715665195 -0.8732474479323399 -0.07112252265061898 0.319609 -0.03565941069196989 0.061554613584523944 -0.9974665086986937 -30.0379
0.8761549025853202 0.4819016348660777 -0.011108599781667703 -3.96841 0.481303356611644 -0.8758670297369205 -0.034699065321539505 0.323091 -0.026451192602080207 0.02505514983442307 -0.9993360665345278 -30.0231
0.876861971164713 0.48029757317501487 -0.02067183415484036 -3.96918 0.48043029112648006 -0.8770312760014753 0.0016959608926966083 0.325415 -0.01731527918514861 -0.011418498912516482 -0.9997848763555715 -30.0074
0.8773519730259944 0.47886338890961627 -0.03071433198674535 -3.96686 0.47976600264244335 -0.8765831734987592 0.03776933474837482 0.331265 -0.008837314970367195 -0.04787269264247966 -0.9988143506995044 -29.9914
0.8777964490868067 0.47732452760194405 -0.04043129134931785 -3.96495 0.4790337453985976 -0.8747090083534415 0.0735582862411173 0.33838 -0.00025444053136099154 -0.08393715538972935 -0.9964710177446687 -29.9736
0.8781652010307186 0.4757890381921242 -0.049504250674974826 -3.9646 0.4782844571885562 -0.8715085433318266 0.10824433893504862 0.343721 0.008358092517168177 -0.11873352532394077 -0.9928909770229677 -29.954
0.8784313669755842 0.4743271647505542 -0.05806956425793659 -3.96313 0.4775860576683752 -0.8672285322233965 0.14080564767946124 0.349452 0.016428360666401753 -0.15142131183342 -0.9883327856994629 -29.9348
0.8786004188749743 0.4729229472104184 -0.06637160503205397 -3.96065 0.4769549491733709 -0.8619952932554746 0.17169184856723665 0.351471 0.023985003892980496 -0.18250479557321117 -0.9829123659721826 -29.9128
0.8783146923349066 0.47236023559427687 -0.07375031564649674 -3.95817 0.47703708889313623 -0.8557045939863914 0.20051250248038618 0.357352 0.03160564900457952 -0.21129471280631726 -0.9769112688934933 -29.8886
0.8780200406731108 0.4717814026789142 -0.08064190140804452 -3.95556 0.4770719790651462 -0.8491046014660738 0.22676794870528894 0.35839 0.038511491366257256 -0.2375787950458879 -0.9706045441771279 -29.8659
0.8774914997509965 0.4717770678406847 -0.08622682949287541 -3.95476 0.4774550512621191 -0.8423915992095862 0.24982607471079527 0.362028 0.04522545620593121 -0.260389692270571 -0.9644438118782263 -29.8398
0.8764237019319429 0.47291718374714314 -0.09072393294263509 -3.95233 0.47874909224722734 -0.8354809140803553 0.2697609105854849 0.365059 0.05177645569527481 -0.27985885643324737 -0.9586439480388486 -29.8119
0.8749902982989103 0.47475750336904415 -0.09485405040153105 -3.94862 0.48177778811255073 -0.8345127911645497 0.2673547535843171 0.366631 0.04777175697169184 -0.27963139018633926 -0.9589182159383006 -29.7856
0.8730584224605857 0.47773185286211345 -0.09767941303860306 -3.94607 0.4855010213362784 -0.8330168961818718 0.2652764764485377 0.367888 0.04536242114420853 -0.27902531683783294 -0.959211719752987 -29.7571
0.8708599264004031 0.4812719108162358 -0.09990163386638695 -3.94231 0.4895820566449091 -0.8312191942360918 0.26340854379621703 0.369061 0.04373097759284031 -0.27830199243410336 -0.9594975782178832 -29.7274
0.8685209812468975 0.48525166829696914 -0.10100556197029409 -3.93803 0.493739057690836 -0.8291252292596003 0.26224625281551855 0.37013 0.04350917195824425 -0.2776367638124024 -0.9597003591409583 -29.6957
0.8663061960308047 0.48911780584031045 -0.10137724956122088 -3.93257 0.4975916595772975 -0.827228679214921 0.26095067082390994 0.36858 0.04377345128897772 -0.2765076568456977 -0.9600142710751511 -29.664
0.8639039560500605 0.49345456821693534 -0.10085902947625965 -3.92767 0.5016357247727408 -0.825087805973447 0.25998406117616196 0.370706 0.045072767307790015 -0.275195751311246 -0.960331059639048 -29.6301
0.8639408877917236 0.4935770189314148 -0.09993932551516457 -3.92234 0.5014705583839983 -0.8249865891412209 0.2606231125805527 0.372741 0.04618897569430591 -0.2752795926324948 -0.9602539895279782 -29.5947
0.8642243799636246 0.4933475200761322 -0.0986126032067828 -3.91452 0.5008380940903048 -0.8250470143089045 0.2616459968888365 0.372504 0.04772236985397005 -0.27550979767458783 -0.9601129760610613 -29.5585
0.8646099526135707 0.4931902965816985 -0.09598417160769329 -3.90833 0.49989313006740005 -0.8251543994602766 0.26311038664934444 0.373051 0.05056172814467727 -0.2754696869149243 -0.9599791472933237 -29.5207
0.8650897576840239 0.4930429355052017 -0.09234920085528861 -3.90135 0.49863938688762305 -0.8252249593822646 0.2652593603567553 0.372689 0.05457538817573659 -0.27552210466848764 -0.9597442872163994 -29.4805
0.865496572633376 0.49314440154783046 -0.08788789439912223 -3.8953 0.49736540572801813 -0.825182787474443 0.26777046222634787 0.375737 0.05952592666127111 -0.27546681556575964 -0.9594658397135235 -29.4396
0.8660686342254258 0.4929722390372592 -0.0830872574435845 -3.88515 0.4956493571428551 -0.8250287851891096 0.27140231829012795 0.37503 0.06524442945401196 -0.2762351808658211 -0.9588729265534859 -29.3977
0.8666305376197676 0.4930130309110786 -0.07674413734445082 -3.88017 0.49371177206459693 -0.8250970652603098 0.2747062413263651 0.377569 0.07211239414766099 -0.27595830165207114 -0.9584606503970816 -29.3535
0.8671578741387501 0.4930291029458834 -0.07042389486204916 -3.86872 0.4916627869775657 -0.8249192713800849 0.2788833082262227 0.37935 0.07940355924400562 -0.2764606651119233 -0.9577393045214634 -29.3075
0.8678779043707757 0.49272860150799197 -0.06329666943030685 -3.86067 0.4890310344466486 -0.8249679766701866 0.2833310516281959 0.380905 0.0873875875226677 -0.27685079505877713 -0.9569310564624242 -29.2607
0.8684295653720329 0.49276440715912667 -0.05489379769023775 -3.85537 0.48624343705745526 -0.8247863795245034 0.2886082952193415 0.382169 0.09694023883968328 -0.2773277252421339 -0.95587233609187 -29.2125
0.8691690435436846 0.4923700840959678 -0.0460094993744257 -3.85141 0.4828467699014927 -0.8248875749213439 0.2939719128353566 0.378827 0.10679031108228199 -0.27772682446554064 -0.9547060492273186 -29.1624
0.8703375249214202 0.4910418638256965 -0.03728914968516451 -3.84004 0.4784322338045274 -0.8251842201985973 0.3002891945975464 0.365558 0.11668414789707518 -0.27919328556721984 -0.9531190476135258 -29.1149
